/*--------------------------------*- C++ -*----------------------------------*\
| =========                 |                                                 |
| \\      /  F ield         | OpenFOAM: The Open Source CFD Toolbox           |
|  \\    /   O peration     | Version:  2406                                  |
|   \\  /    A nd           | Website:  www.openfoam.com                      |
|    \\/     M anipulation  |                                                 |
\*---------------------------------------------------------------------------*/
FoamFile
{
    version     2.0;
    format      ascii;
    arch        "LSB;label=32;scalar=64";
    class       volScalarField;
    location    "2500";
    object      T;
}
// * * * * * * * * * * * * * * * * * * * * * * * * * * * * * * * * * * * * * //

dimensions      [0 0 0 0 0 0 0];

internalField   nonuniform List<scalar> 
9200
(
1
1
1
1
1
1
1
1
1
1
1
1
1
1
1
1
1
1
1
1
1
1
1
1
1
1
1
1
1
1
1
1
1
1
1
1
1
1
1
1
1
1
1
1
1
1
1
1
1
1
1
1
1
1
1
1
1
1
1
1
1
1
1
1
1
1
1
1
1
1
1
1
1
1
1
1
1
1
1
1
1
1
1
1
1
1
1
1
1
1
1
1
1
1
1
1
1
1
1
1
1
1
1
1
1
1
1
1
1
1
1
1
1
1
1
1
1
1
1
1
1
1
1
1
1
1
1
1
1
1
1
1
1
1
1
1
1
1
1
1
1
1
1
1
1
1
1
1
1
1
1
1
1
1
1
1
1
1
1
1
1
1
1
1
1
1
1
1
1
1
1
1
1
1
1
1
1
1
1
1
1
1
1
1
1
1
1
1
1
1
1
1
1
1
1
1
1
1
1
1
1
1
1
1
1
1
1
1
1
1
1
1
1
1
1
1
1
1
1
1
1
1
1
1
1
1
1
1
1
1
1
1
1
1
1
1
1
1
1
1
1
1
1
1
1
1
1
1
1
1
1
1
1
1
1
1
1
1
1
1
1
1
1
1
1
1
1
1
1
1
1
1
1
1
1
1
1
1
1
1
1
1
1
1
1
1
1
1
1
1
1
1
1
1
1
1
1
1
1
1
1
1
1
1
1
1
1
1
1
1
1
1
1
1
1
1
1
1
1
1
1
1
1
1
1
1
1
1
1
1
1
1
1
1
1
1
1
1
1
1
1
1
1
1
1
1
1
1
1
1
1
1
1
1
1
1
1
1
1
1
1
1
1
1
1
1
1
1
1
1
1
1
1
1
1
1
1
1
1
1
1
1
1
1
1
1
1
1
1
1
1
1
1
1
1
1
1
1
1
1
1
1
1
1
1
1
1
1
1
1
1
1
1
1
1
1
1
1
1
1
1
1
1
1
1
1
1
1
1
1
1
1
1
1
1
1
1
1
1
1
1
1
1
1
1
1
1
1
1
1
1
1
1
1
1
1
1
1
1
1
1
1
1
1
1
1
1
1
1
1
1
1
1
1
1
1
1
1
1
1
1
1
1
1
1
1
1
1
1
1
1
1
1
1
1
1
1
1
1
1
1
1
1
1
1
1
1
1
1
1
1
1
1
1
1
1
1
1
1
1
1
1
1
1
1
1
1
1
1
1
1
1
1
1
1
1
1
1
1
1
1
1
1
1
1
1
1
1
1
1
1
1
1
1
1
1
1
1
1
1
1
1
1
1
1
1
1
1
1
1
1
1
1
1
1
1
1
1
1
1
1
1
1
1
1
1
1
1
1
1
1
1
1
1
1
1
1
1
1
1
1
1
1
1
1
1
1
1
1
1
1
1
1
1
1
1
1
1
1
1
1
1
1
1
1
1
1
1
1
1
1
1
1
1
1
1
1
1
1
1
1
1
1
1
1
1
1
1
1
1
1
1
1
1
1
1
1
1
1
1
1
1
1
1
1
1
1
1
1
1
1
1
1
1
1
1
1
1
1
1
1
1
1
1
1
1
1
1
1
1
1
1
1
1
1
1
1
1
1
1
1
1
1
1
1
1
1
1
1
1
1
1
1
1
1
1
1
1
1
1
1
1
1
1
1
1
1
1
1
1
1
1
1
1
1
1
1
1
1
1
1
1
1
1
1
1
1
1
1
1
1
1
1
1
1
1
1
1
1
1
1
1
1
1
1
1
1
1
1
1
1
1
1
1
1
1
1
1
1
1
1
1
1
1
1
1
1
1
1
1
1
1
1
1
1
1
1
1
1
1
1
1
1
1
1
1
1
1
1
1
1
1
1
1
1
1
1
1
1
1
1
1
1
1
1
1
1
1
1
1
1
1
1
1
1
1
1
1
1
1
1
1
1
1
1
1
1
1
1
1
1
1
1
1
1
1
1
1
1
1
1
1
1
1
1
1
1
1
1
1
1
1
1
1
1
1
1
1
1
1
1
1
1
1
1
1
1
1
1
1
1
1
1
1
1
1
1
1
1
1
1
1
1
1
1
1
1
1
1
1
1
1
1
1
1
1
1
1
1
1
1
1
1
1
1
1
1
1
1
1
1
1
1
1
1
1
1
1
1
1
1
1
1
1
1
1
1
1
1
1
1
1
1
1
1
1
1
1
1
1
1
1
1
1
1
1
1
1
1
1
1
1
1
1
1
1
1
1
1
1
1
1
1
1
1
1
1
1
1
1
1
1
1
1
1
1
1
1
1
1
1
1
1
1
1
1
1
1
1
1
1
1
1
1
1
1
1
1
1
1
1
1
1
1
1
1
1
1
1
1
1
1
1
1
1
1
1
1
1
1
1
1
1
1
1
1
1
1
1
1
1
1
1
1
1
1
1
1
1
1
1
1
1
1
1
1
1
1
1
1
1
1
1
1
1
1
1
1
1
1
1
1
1
1
1
1
1
1
1
1
1
1
1
1
1
1
1
1
1
1
1
1
1
1
1
1
1
1
1
1
1
1
1
1
1
1
1
1
1
1
1
1
1
1
1
1
1
1
1
1
1
1
1
1
1
1
1
1
1
1
1
1
1
1
1
1
1
1
1
1
1
1
1
1
1
1
1
1
1
1
1
1
1
1
1
1
1
1
1
1
1
1
1
1
1
1
1
1
1
1
1
1
1
1
1
1
1
1
1
1
1
1
1
1
1
1
1
1
1
1
1
1
1
1
1
1
1
1
1
1
1
1
1
1
1
1
1
1
1
1
1
1
1
1
1
1
1
1
1
1
1
1
1
1
1
1
1
1
1
1
1
1
1
1
1
1
1
1
1
1
1
1
1
1
1
1
1
1
1
1
1
1
1
1
1
1
1
1
1
1
1
1
1
1
1
1
1
1
1
1
1
1
1
1
1
1
1
1
1
1
1
1
1
1
1
1
1
1
1
1
1
1
1
1
1
1
1
1
1
1
1
1
1
1
1
1
1
1
1
1
1
1
1
1
1
1
1
1
1
1
1
1
1
1
1
1
1
1
1
1
1
1
1
1
1
1
1
1
1
1
1
1
1
1
1
1
1
1
1
1
1
1
1
1
1
1
1
1
1
1
1
1
1
1
1
1
1
1
1
1
1
1
1
1
1
1
1
1
1
1
1
1
1
1
1
1
1
1
1
1
1
1
1
1
1
1
1
1
1
1
1
1
1
1
1
1
1
1
1
1
1
1
1
1
1
1
1
1
1
1
1
1
1
1
1
1
1
1
1
1
1
1
1
1
1
1
1
1
1
1
1
1
1
1
1
1
1
1
1
1
1
1
1
1
1
1
1
1
1
1
1
1
1
1
1
1
1
1
1
1
1
1
1
1
1
1
1
1
1
1
1
1
1
1
1
1
1
1
1
1
1
1
1
1
1
1
1
1
1
1
1
1
1
1
1
1
1
1
1
1
1
1
1
1
1
1
1
1
1
1
1
1
1
1
1
1
1
1
1
1
1
1
1
1
1
1
1
1
1
1
1
1
1
1
1
1
1
1
1
1
1
1
1
1
1
1
1
1
1
1
1
1
1
1
1
1
1
1
1
1
1
1
1
1
1
1
1
1
1
1
1
1
1
1
1
1
1
1
1
1
1
1
1
1
1
1
1
1
1
1
1
1
1
1
1
1
1
1
1
1
1
1
1
1
1
1
1
1
1
1
1
1
1
1
1
1
1
1
1
1
1
1
1
1
1
1
1
1
1
1
1
1
1
1
1
1
1
1
1
1
1
1
1
1
1
1
1
1
1
1
1
1
1
1
1
1
1
1
1
1
1
1
1
1
1
1
1
1
1
1
1
1
1
1
1
1
1
1
1
1
1
1
1
1
1
1
1
1
1
1
1
1
1
1
1
1
1
1
1
1
1
1
1
1
1
1
1
1
1
1
1
1
1
1
1
1
1
1
1
1
1
1
1
1
1
1
1
1
1
1
1
1
1
1
1
1
1
1
1
1
1
1
1
1
1
1
1
1
1
1
1
1
1
1
1
1
1
1
1
1
1
1
1
1
1
1
1
1
1
1
1
0.99999999
0.99999999
0.99999999
0.99999999
0.99999999
0.99999999
0.99999999
0.99999999
0.99999998
1
1
1
1
1
1
1
1
1
1
1
1
1
1
1
1
1
1
1
1
1
1
1
1
1
1
1
1
1
1
1
1
1
1
1
1
1
1
1
1
1
1
1
1
1
1
1
1
1
1
1
1
1
1
1
1
1
1
1
1
1
1
1
1
1
1
1
1
1
1
1
1
1
1
1
1
1
1
1
1
1
1
1
1
1
1
1
1
1
1
1
1
1
1
1
1
1
1
1
1
1
1
1
1
1
1
1
1
1
1
1
1
1
1
1
1
1
1
1
1
1
1
1
1
1
1
1
1
1
1
1
1
1
1
1
1
1
1
1
1
1
1
1
1
1
1
1
1
1
1
1
1
1
1
1
1
1
1
1
1
1
1
1
1
1
1
1
1
1
1
1
1
1
1
1
0.99999999
0.99999999
0.99999999
0.99999999
0.99999999
0.99999999
0.99999999
0.99999998
0.99999998
0.99999998
0.99999998
0.99999997
0.99999997
0.99999996
0.99999996
0.99999995
0.99999995
0.99999994
0.99999993
0.99999992
0.99999991
0.9999999
0.99999988
0.99999987
0.99999985
1
1
1
1
1
1
1
1
1
1
1
1
1
1
1
1
1
1
1
1
1
1
1
1
1
1
1
1
1
1
1
1
1
1
1
1
1
1
1
1
1
1
1
1
1
1
1
1
1
1
1
1
1
1
1
1
1
1
1
1
1
1
1
1
1
1
1
1
1
1
1
1
1
1
1
1
1
1
1
1
1
1
1
1
1
1
1
1
1
1
1
1
1
1
1
1
1
1
1
1
1
1
1
1
1
1
1
1
1
1
1
1
1
1
1
1
1
1
1
1
1
1
1
1
1
1
1
1
1
1
1
1
1
1
1
1
1
1
1
1
1
1
1
1
1
1
1
1
1
1
1
1
1
1
1
1
1
1
1
1
0.99999999
0.99999999
0.99999999
0.99999999
0.99999999
0.99999999
0.99999998
0.99999998
0.99999998
0.99999998
0.99999997
0.99999997
0.99999996
0.99999996
0.99999995
0.99999994
0.99999993
0.99999992
0.99999991
0.9999999
0.99999988
0.99999987
0.99999985
0.99999983
0.9999998
0.99999978
0.99999975
0.99999972
0.99999968
0.99999964
0.99999959
0.99999954
0.99999949
0.99999942
0.99999935
0.99999927
0.99999919
0.99999909
0.99999899
0.99999887
1
1
1
1
1
1
1
1
1
1
1
1
1
1
1
1
1
1
1
1
1
1
1
1
1
1
1
1
1
1
1
1
1
1
1
1
1
1
1
1
1
1
1
1
1
1
1
1
1
1
1
1
1
1
1
1
1
1
1
1
1
1
1
1
1
1
1
1
1
1
1
1
1
1
1
1
1
1
1
1
1
1
1
1
1
1
1
1
1
1
1
1
1
1
1
1
1
1
1
1
1
1
1
1
1
1
1
1
1
1
1
1
1
1
1
1
1
1
1
1
1
1
1
1
1
1
1
1
1
1
1
1
1
1
1
1
1
1
1
1
1
1
1
1
1
1
0.99999999
0.99999999
0.99999999
0.99999999
0.99999999
0.99999999
0.99999998
0.99999998
0.99999998
0.99999997
0.99999997
0.99999996
0.99999996
0.99999995
0.99999994
0.99999993
0.99999992
0.9999999
0.99999989
0.99999987
0.99999985
0.99999983
0.9999998
0.99999977
0.99999974
0.9999997
0.99999965
0.9999996
0.99999955
0.99999949
0.99999942
0.99999934
0.99999925
0.99999915
0.99999905
0.99999892
0.99999879
0.99999864
0.99999848
0.99999829
0.99999809
0.99999787
0.99999762
0.99999735
0.99999705
0.99999672
0.99999635
0.99999595
0.99999552
0.99999504
0.99999451
0.99999393
0.9999933
0.99999261
0.99999998
0.99999998
0.99999999
0.99999999
0.99999999
0.99999999
0.99999999
0.99999999
1
1
1
1
1
1
1
1
1
1
1
1
1
1
1
1
1
1
1
1
1
1
1
1
1
1
1
1
1
1
1
1
1
1
1
1
1
1
1
1
1
1
1
1
1
1
1
1
1
1
1
1
1
1
1
1
1
1
1
1
1
1
1
1
1
1
1
1
1
1
1
1
1
1
1
1
1
1
1
1
1
1
1
1
1
1
1
1
1
1
1
1
1
1
1
1
1
1
1
1
1
1
1
1
1
1
1
1
1
1
1
1
1
1
1
1
1
1
1
1
1
1
1
1
1
0.99999999
0.99999999
0.99999999
0.99999999
0.99999999
0.99999999
0.99999998
0.99999998
0.99999997
0.99999997
0.99999996
0.99999996
0.99999995
0.99999994
0.99999993
0.99999991
0.9999999
0.99999988
0.99999986
0.99999983
0.99999981
0.99999977
0.99999974
0.99999969
0.99999964
0.99999959
0.99999952
0.99999945
0.99999936
0.99999927
0.99999916
0.99999903
0.9999989
0.99999874
0.99999856
0.99999837
0.99999815
0.9999979
0.99999762
0.99999732
0.99999698
0.9999966
0.99999618
0.99999571
0.9999952
0.99999463
0.99999401
0.99999332
0.99999257
0.99999174
0.99999083
0.99998984
0.99998875
0.99998757
0.99998627
0.99998486
0.99998332
0.99998165
0.99997983
0.99997785
0.99997571
0.99997338
0.99997087
0.99996814
0.99996519
0.99996201
0.99995857
0.99999995
0.99999997
0.99999997
0.99999998
0.99999998
0.99999998
0.99999998
0.99999999
0.99999999
0.99999999
0.99999999
0.99999999
0.99999999
0.99999999
1
1
1
1
1
1
1
1
1
1
1
1
1
1
1
1
1
1
1
1
1
1
1
1
1
1
1
1
1
1
1
1
1
1
1
1
1
1
1
1
1
1
1
1
1
1
1
1
1
1
1
1
1
1
1
1
1
1
1
1
1
1
1
1
1
1
1
1
1
1
1
1
1
1
1
1
1
1
1
1
1
1
1
1
1
1
1
1
1
1
1
1
1
1
1
1
1
1
1
1
1
1
1
1
1
1
1
1
0.99999999
0.99999999
0.99999999
0.99999999
0.99999999
0.99999998
0.99999998
0.99999997
0.99999997
0.99999996
0.99999995
0.99999994
0.99999993
0.99999991
0.99999989
0.99999987
0.99999985
0.99999982
0.99999978
0.99999974
0.99999969
0.99999964
0.99999957
0.9999995
0.99999941
0.99999931
0.9999992
0.99999906
0.99999891
0.99999874
0.99999854
0.99999831
0.99999805
0.99999776
0.99999743
0.99999705
0.99999663
0.99999616
0.99999562
0.99999503
0.99999436
0.99999361
0.99999278
0.99999185
0.99999082
0.99998969
0.99998843
0.99998704
0.9999855
0.99998382
0.99998197
0.99997993
0.99997771
0.99997528
0.99997262
0.99996972
0.99996657
0.99996314
0.99995941
0.99995537
0.99995099
0.99994625
0.99994112
0.99993558
0.9999296
0.99992316
0.99991622
0.99990875
0.99990073
0.99989211
0.99988286
0.99987294
0.99986231
0.99985094
0.99983878
0.99982579
0.99981192
0.9997971
0.99999995
0.99999997
0.99999998
0.99999998
0.99999998
0.99999998
0.99999999
0.99999999
0.99999999
0.99999999
0.99999999
0.99999999
0.99999999
0.99999999
0.99999999
0.99999999
0.99999999
0.99999999
1
1
1
1
1
1
1
1
1
1
1
1
1
1
1
1
1
1
1
1
1
1
1
1
1
1
1
1
1
1
1
1
1
1
1
1
1
1
1
1
1
1
1
1
1
1
1
1
1
1
1
1
1
1
1
1
1
1
1
1
1
1
1
1
1
1
1
1
1
1
1
1
1
1
1
1
1
1
1
1
1
1
1
1
1
1
1
1
1
1
1
1
1
1
0.99999999
0.99999999
0.99999999
0.99999999
0.99999998
0.99999998
0.99999997
0.99999996
0.99999995
0.99999994
0.99999993
0.99999991
0.99999989
0.99999987
0.99999984
0.9999998
0.99999976
0.9999997
0.99999964
0.99999957
0.99999948
0.99999938
0.99999926
0.99999912
0.99999896
0.99999877
0.99999855
0.9999983
0.999998
0.99999766
0.99999728
0.99999683
0.99999632
0.99999574
0.99999508
0.99999434
0.99999349
0.99999253
0.99999144
0.99999022
0.99998885
0.99998732
0.9999856
0.99998368
0.99998154
0.99997915
0.99997651
0.99997358
0.99997034
0.99996677
0.99996283
0.9999585
0.99995374
0.99994853
0.99994283
0.99993661
0.99992982
0.99992243
0.9999144
0.99990569
0.99989625
0.99988604
0.999875
0.99986309
0.99985026
0.99983645
0.9998216
0.99980565
0.99978855
0.99977023
0.99975062
0.99972965
0.99970726
0.99968336
0.99965787
0.99963073
0.99960184
0.99957112
0.99953848
0.99950382
0.99946706
0.99942809
0.99938682
0.99934315
0.99929698
0.9992482
0.99919672
0.99914232
0.99999995
0.99999997
0.99999998
0.99999998
0.99999999
0.99999999
0.99999999
0.99999999
0.99999999
0.99999999
0.99999999
0.99999999
0.99999999
0.99999999
0.99999999
0.99999999
0.99999999
0.99999999
0.99999999
0.99999999
0.99999999
1
1
1
1
1
1
1
1
1
1
1
1
1
1
1
1
1
1
1
1
1
1
1
1
1
1
1
1
1
1
1
1
1
1
1
1
1
1
1
1
1
1
1
1
1
1
1
1
1
1
1
1
1
1
1
1
1
1
1
1
1
1
1
1
1
1
1
1
1
1
1
1
1
1
1
1
1
1
1
1
1
1
0.99999999
0.99999999
0.99999999
0.99999998
0.99999998
0.99999997
0.99999996
0.99999995
0.99999994
0.99999992
0.9999999
0.99999987
0.99999984
0.99999979
0.99999974
0.99999967
0.9999996
0.9999995
0.99999938
0.99999924
0.99999907
0.99999887
0.99999864
0.99999836
0.99999802
0.99999764
0.99999718
0.99999665
0.99999603
0.99999532
0.99999449
0.99999354
0.99999245
0.9999912
0.99998977
0.99998815
0.9999863
0.9999842
0.99998183
0.99997916
0.99997615
0.99997277
0.99996898
0.99996474
0.99996001
0.99995474
0.99994889
0.99994239
0.9999352
0.99992725
0.99991848
0.99990883
0.99989823
0.9998866
0.99987387
0.99985996
0.99984479
0.99982827
0.99981031
0.99979083
0.99976972
0.99974689
0.99972223
0.99969565
0.99966704
0.99963628
0.99960326
0.99956787
0.99952999
0.99948949
0.99944625
0.99940014
0.99935103
0.99929878
0.99924326
0.99918432
0.99912181
0.99905559
0.99898549
0.99891137
0.99883306
0.99875039
0.99866319
0.9985713
0.99847452
0.99837269
0.99826562
0.99815312
0.998035
0.99791107
0.99778114
0.99764502
0.99750253
0.99735347
0.99719766
0.99703498
0.99686493
0.99999994
0.99999997
0.99999998
0.99999998
0.99999999
0.99999999
0.99999999
0.99999999
0.99999999
0.99999999
0.99999999
0.99999999
0.99999999
0.99999999
0.99999999
0.99999999
0.99999999
0.99999999
0.99999999
0.99999999
0.99999999
0.99999999
0.99999999
1
1
1
1
1
1
1
1
1
1
1
1
1
1
1
1
1
1
1
1
1
1
1
1
1
1
1
1
1
1
1
1
1
1
1
1
1
1
1
1
1
1
1
1
1
1
1
1
1
1
1
1
1
1
1
1
1
1
1
1
1
1
1
1
1
1
1
1
1
1
1
1
0.99999999
0.99999999
0.99999999
0.99999998
0.99999998
0.99999997
0.99999995
0.99999994
0.99999992
0.99999989
0.99999985
0.9999998
0.99999974
0.99999966
0.99999956
0.99999943
0.99999928
0.99999909
0.99999885
0.99999856
0.99999821
0.99999778
0.99999727
0.99999665
0.99999592
0.99999505
0.99999402
0.99999281
0.99999139
0.99998974
0.99998781
0.99998559
0.99998302
0.99998006
0.99997667
0.99997281
0.9999684
0.9999634
0.99995774
0.99995134
0.99994414
0.99993606
0.999927
0.99991688
0.9999056
0.99989305
0.99987911
0.99986368
0.99984662
0.99982781
0.9998071
0.99978435
0.9997594
0.99973209
0.99970226
0.99966973
0.99963432
0.99959585
0.99955411
0.99950892
0.99946007
0.99940734
0.99935054
0.99928944
0.99922381
0.99915344
0.99907809
0.99899755
0.99891156
0.99881991
0.99872235
0.99861864
0.99850855
0.99839183
0.99826823
0.99813752
0.99799945
0.99785376
0.99770021
0.99753854
0.9973685
0.99718983
0.99700227
0.99680555
0.99659942
0.9963836
0.99615783
0.99592182
0.9956753
0.99541799
0.99514961
0.99486987
0.9945785
0.99427521
0.99395971
0.99363172
0.99329097
0.99293717
0.99257007
0.99218941
0.99179494
0.99138645
0.9909637
0.99052662
0.99007448
0.99999994
0.99999996
0.99999998
0.99999998
0.99999999
0.99999999
0.99999999
0.99999999
0.99999999
0.99999999
0.99999999
0.99999999
0.99999999
0.99999999
0.99999999
0.99999999
0.99999999
0.99999999
0.99999999
0.99999999
0.99999999
0.99999999
0.99999999
0.99999999
1
1
1
1
1
1
1
1
1
1
1
1
1
1
1
1
1
1
1
1
1
1
1
1
1
1
1
1
1
1
1
1
1
1
1
1
1
1
1
1
1
1
1
1
1
1
1
1
1
1
1
1
1
1
1
1
1
1
1
1
1
1
1
1
1
0.99999999
0.99999999
0.99999998
0.99999997
0.99999996
0.99999994
0.99999991
0.99999987
0.99999982
0.99999975
0.99999965
0.99999953
0.99999936
0.99999915
0.99999888
0.99999854
0.9999981
0.99999756
0.99999688
0.99999605
0.99999503
0.99999378
0.99999227
0.99999046
0.99998829
0.9999857
0.99998263
0.99997902
0.99997478
0.99996982
0.99996406
0.9999574
0.99994971
0.99994089
0.9999308
0.9999193
0.99990623
0.99989145
0.99987478
0.99985603
0.99983502
0.99981153
0.99978536
0.99975626
0.999724
0.99968833
0.99964898
0.99960567
0.9995581
0.99950598
0.999449
0.99938681
0.99931908
0.99924545
0.99916557
0.99907906
0.99898554
0.9988846
0.99877586
0.9986589
0.9985333
0.99839865
0.99825452
0.99810049
0.99793611
0.99776097
0.99757463
0.99737666
0.99716665
0.99694417
0.99670881
0.99646015
0.9961978
0.99592136
0.99563043
0.99532465
0.99500363
0.99466701
0.99431444
0.99394557
0.99356005
0.99315754
0.99273773
0.99230027
0.99184486
0.99137117
0.9908789
0.99036774
0.98983738
0.98928751
0.98871784
0.98812806
0.98751788
0.98688699
0.98623512
0.98556196
0.98486722
0.98415064
0.98341193
0.98265082
0.98186706
0.98106041
0.98023062
0.97937751
0.97850086
0.97760054
0.9766764
0.97572837
0.97475638
0.97376056
0.97274045
0.99999994
0.99999996
0.99999998
0.99999998
0.99999999
0.99999999
0.99999999
0.99999999
0.99999999
0.99999999
0.99999999
0.99999999
0.99999999
0.99999999
0.99999999
0.99999999
0.99999999
0.99999999
0.99999999
0.99999999
0.99999999
0.99999999
0.99999999
0.99999999
0.99999999
0.99999999
1
1
1
1
1
1
1
1
1
1
1
1
1
1
1
1
1
1
1
1
1
1
1
1
1
1
1
1
1
1
1
1
1
1
1
1
1
1
1
1
1
1
1
1
1
1
1
1
1
1
1
1
1
1
1
1
1
0.99999999
0.99999999
0.99999998
0.99999996
0.99999994
0.9999999
0.99999984
0.99999976
0.99999965
0.99999948
0.99999926
0.99999895
0.99999854
0.999998
0.99999729
0.99999638
0.9999952
0.99999372
0.99999185
0.99998952
0.99998664
0.99998311
0.99997881
0.99997361
0.99996736
0.99995989
0.99995103
0.99994057
0.9999283
0.99991396
0.9998973
0.99987804
0.99985587
0.99983047
0.99980149
0.99976856
0.99973129
0.99968928
0.99964209
0.99958928
0.99953037
0.99946486
0.99939227
0.99931204
0.99922365
0.99912653
0.99902009
0.99890375
0.9987769
0.9986389
0.99848912
0.99832691
0.9981516
0.99796251
0.99775896
0.99754024
0.99730566
0.9970545
0.99678605
0.99649959
0.99619439
0.99586975
0.99552494
0.99515925
0.99477199
0.99436247
0.99393001
0.99347395
0.99299365
0.99248848
0.99195786
0.9914012
0.99081796
0.99020763
0.9895697
0.98890374
0.9882093
0.987486
0.98673346
0.98595136
0.98513938
0.98429726
0.98342475
0.98252162
0.98158767
0.98062273
0.97962665
0.97859928
0.9775405
0.97645021
0.9753283
0.9741747
0.97298932
0.9717721
0.97052296
0.96924186
0.96792873
0.96658353
0.96520622
0.96379674
0.96235507
0.96088119
0.95937506
0.95783669
0.95626608
0.95466326
0.95302825
0.95136113
0.94966198
0.94793094
0.94616816
0.94437386
0.9425483
0.94069181
0.93880478
0.93688767
0.93494152
0.99999993
0.99999996
0.99999997
0.99999998
0.99999999
0.99999999
0.99999999
0.99999999
0.99999999
0.99999999
0.99999999
0.99999999
0.99999999
0.99999999
0.99999999
0.99999999
0.99999999
0.99999999
0.99999999
0.99999999
0.99999999
0.99999999
0.99999999
0.99999999
0.99999999
0.99999999
1
1
1
1
1
1
1
1
1
1
1
1
1
1
1
1
1
1
1
1
1
1
1
1
1
1
1
1
1
1
1
1
1
1
1
1
1
1
1
1
1
1
1
1
1
1
1
1
1
1
1
1
0.99999999
0.99999998
0.99999996
0.99999993
0.99999987
0.99999978
0.99999963
0.9999994
0.99999906
0.99999856
0.99999786
0.99999688
0.99999554
0.99999374
0.99999136
0.99998826
0.99998425
0.99997916
0.99997274
0.99996473
0.99995485
0.99994274
0.99992804
0.99991034
0.99988916
0.99986401
0.99983433
0.99979953
0.99975897
0.99971195
0.99965774
0.99959556
0.99952459
0.99944397
0.9993528
0.99925014
0.99913501
0.99900643
0.99886336
0.99870476
0.99852956
0.99833667
0.99812499
0.99789342
0.99764085
0.99736615
0.99706821
0.99674591
0.99639814
0.99602378
0.99562175
0.99519095
0.9947303
0.99423873
0.99371519
0.99315865
0.99256809
0.9919425
0.99128092
0.99058239
0.98984597
0.98907078
0.98825594
0.98740061
0.986504
0.98556535
0.98458395
0.98355912
0.98249026
0.98137679
0.9802182
0.97901404
0.97776392
0.97646752
0.97512457
0.97373486
0.97229827
0.97081473
0.96928423
0.96770683
0.96608266
0.9644119
0.96269479
0.96093161
0.9591227
0.95726845
0.95536927
0.95342563
0.95143802
0.94940695
0.94733295
0.94521657
0.94305838
0.94085894
0.93861883
0.93633862
0.93401888
0.93166017
0.92926305
0.92682807
0.92435577
0.92184668
0.91930133
0.91672022
0.91410387
0.91145279
0.90876747
0.90604841
0.90329613
0.90051114
0.89769397
0.89484517
0.8919653
0.88905497
0.88611481
0.88314551
0.88014778
0.87712243
0.87407031
0.87099243
0.86788943
0.86476552
0.99999993
0.99999996
0.99999997
0.99999998
0.99999999
0.99999999
0.99999999
0.99999999
0.99999999
0.99999999
0.99999999
0.99999999
0.99999999
0.99999999
0.99999999
0.99999999
0.99999999
0.99999999
0.99999999
0.99999999
0.99999999
0.99999999
0.99999999
0.99999999
0.99999999
0.99999999
0.99999999
1
1
1
1
1
1
1
1
1
1
1
1
1
1
1
1
1
1
1
1
1
1
1
1
1
1
1
1
1
1
1
1
1
1
1
1
1
1
1
1
1
1
1
1
1
1
1
0.99999999
0.99999996
0.9999999
0.99999978
0.99999956
0.99999918
0.99999854
0.99999754
0.99999602
0.99999377
0.99999057
0.99998609
0.99997999
0.99997181
0.99996107
0.99994716
0.99992942
0.99990709
0.99987931
0.99984514
0.99980354
0.99975337
0.99969339
0.99962227
0.99953857
0.99944078
0.9993273
0.99919643
0.99904641
0.99887541
0.99868153
0.99846282
0.99821731
0.99794297
0.99763775
0.99729961
0.9969265
0.99651636
0.99606718
0.99557696
0.99504377
0.9944657
0.99384092
0.99316763
0.99244415
0.99166885
0.99084017
0.98995666
0.98901694
0.98801971
0.98696379
0.98584805
0.98467146
0.9834331
0.98213209
0.98076767
0.97933914
0.97784589
0.97628737
0.97466312
0.97297276
0.97121596
0.96939249
0.96750219
0.96554494
0.96352074
0.96142965
0.95927179
0.95704738
0.95475672
0.95240018
0.94997821
0.94749138
0.94494029
0.94232568
0.93964834
0.93690915
0.93410908
0.93124917
0.92833056
0.92535444
0.92232208
0.91923479
0.91609398
0.91290107
0.90965754
0.90636491
0.90302473
0.89963854
0.89620794
0.89273449
0.88921978
0.88566536
0.8820728
0.87844361
0.87477928
0.87108129
0.86735105
0.86358995
0.85979931
0.85598043
0.85213456
0.84826288
0.84436656
0.84044668
0.83650432
0.83254049
0.82855618
0.82455233
0.82052987
0.81648969
0.81243267
0.80835967
0.80427155
0.80016917
0.79605337
0.79192502
0.78778502
0.78363428
0.77947374
0.77530438
0.77112726
0.76694344
0.7627543
0.75856001
0.7543691
0.99999992
0.99999995
0.99999997
0.99999998
0.99999998
0.99999999
0.99999999
0.99999999
0.99999999
0.99999999
0.99999999
0.99999999
0.99999999
0.99999999
0.99999999
0.99999999
0.99999999
0.99999999
0.99999999
0.99999999
0.99999999
0.99999999
0.99999999
0.99999999
0.99999999
0.99999999
0.99999999
1
1
1
1
1
1
1
1
1
1
1
1
1
1
1
1
1
1
1
1
1
1
1
1
1
1
1
1
1
1
1
1
1
1
1
1
1
1
1
1
1
1
1
0.99999999
0.99999993
0.99999974
0.99999929
0.99999834
0.99999657
0.99999354
0.99998864
0.99998113
0.99997005
0.99995427
0.99993244
0.99990301
0.99986419
0.99981398
0.99975018
0.99967036
0.99957188
0.99945192
0.99930749
0.9991354
0.99893236
0.99869491
0.99841949
0.99810248
0.99774016
0.99732878
0.99686458
0.99634378
0.99576265
0.99511751
0.99440475
0.99362086
0.99276245
0.99182629
0.99080929
0.98970855
0.98852137
0.98724527
0.98587798
0.98441748
0.98286199
0.98120997
0.97946013
0.97761145
0.97566314
0.97361466
0.97146571
0.96921622
0.96686633
0.96441639
0.96186695
0.95921874
0.95647265
0.95362974
0.95069118
0.9476583
0.94453251
0.94131533
0.93800839
0.93461336
0.93113201
0.92756615
0.92391767
0.92018847
0.91638054
0.91249587
0.90853651
0.90450456
0.90040214
0.8962314
0.89199454
0.8876938
0.88333146
0.87890982
0.87443123
0.86989808
0.86531279
0.86067781
0.85599563
0.85126875
0.84649971
0.84169106
0.83684535
0.83196517
0.82705306
0.82211158
0.81714326
0.81215062
0.80713612
0.80210219
0.79705123
0.79198553
0.78690737
0.78181892
0.77672228
0.77161948
0.76651245
0.76140304
0.75629298
0.75118394
0.74607747
0.74097504
0.73587801
0.73078766
0.72570519
0.7206317
0.71556821
0.71051568
0.70547499
0.70044696
0.69543234
0.69043184
0.68544614
0.68047585
0.67552157
0.67058388
0.66566334
0.66076048
0.65587584
0.65100998
0.64616345
0.64133682
0.63653069
0.63174568
0.62698247
0.62224171
0.61752451
0.61282989
0.60817008
0.99999991
0.99999994
0.99999996
0.99999997
0.99999997
0.99999998
0.99999998
0.99999999
0.99999999
0.99999999
0.99999999
0.99999999
0.99999999
0.99999999
0.99999999
0.99999999
0.99999999
0.99999999
0.99999999
0.99999999
0.99999999
0.99999999
0.99999999
0.99999999
0.99999999
0.99999999
1
1
1
1
1
1
1
1
1
1
1
1
1
1
1
1
1
1
1
1
1
1
1
1
1
1
1
1
1
1
1
1
1
1
1
1
1
1
1
1
1
0.99999999
0.99999944
0.99999731
0.99999217
0.99998205
0.99996439
0.999936
0.99989306
0.99983116
0.9997453
0.99962992
0.99947904
0.99928622
0.99904472
0.99874753
0.99838745
0.99795719
0.99744942
0.99685684
0.99617228
0.99538872
0.99449938
0.99349772
0.99237756
0.99113307
0.9897588
0.98824974
0.98660134
0.98480951
0.98287065
0.98078169
0.97854004
0.97614366
0.97359103
0.97088113
0.9680135
0.96498815
0.96180562
0.95846692
0.95497353
0.95132739
0.94753086
0.94358669
0.93949801
0.9352683
0.93090134
0.9264012
0.92177217
0.91701879
0.91214573
0.90715784
0.90206008
0.89685745
0.89155505
0.88615797
0.88067129
0.87510009
0.86944937
0.86372407
0.85792906
0.85206908
0.84614878
0.84017271
0.83414526
0.82807072
0.82195325
0.81579686
0.80960547
0.80338285
0.79713267
0.79085848
0.78456374
0.77825178
0.77192587
0.76558918
0.75924478
0.75289569
0.74654486
0.74019513
0.73384933
0.72751019
0.72118038
0.71486251
0.70855912
0.70227269
0.69600563
0.68976027
0.68353885
0.67734357
0.67117649
0.66503962
0.65893486
0.65286402
0.64682878
0.64083074
0.63487139
0.6289521
0.62307413
0.61723862
0.61144661
0.60569901
0.59999663
0.59434018
0.58873024
0.58316732
0.57765181
0.57218401
0.56676415
0.56139236
0.55606871
0.55079321
0.5455658
0.54038636
0.53525473
0.53017073
0.52513412
0.52014464
0.51520203
0.51030601
0.50545627
0.50065253
0.49589449
0.49118188
0.48651444
0.48189192
0.4773141
0.4727808
0.46829184
0.46384713
0.45944647
0.45509031
0.45077642
0.44651809
0.99999987
0.99999992
0.99999993
0.99999994
0.99999995
0.99999995
0.99999996
0.99999996
0.99999996
0.99999997
0.99999997
0.99999997
0.99999998
0.99999998
0.99999998
0.99999998
0.99999998
0.99999998
0.99999999
0.99999999
0.99999999
0.99999999
0.99999999
0.99999999
0.99999999
0.99999999
0.99999999
0.99999999
0.99999999
0.99999999
0.99999999
1
1
1
1
1
1
1
1
1
1
1
1
1
1
1
1
1
1
1
1
1
1
1
1
1
1
1
1
1
0.99999999
0.99999997
0.99999993
0.99999986
0.99999817
0.99998049
0.99993614
0.99985226
0.99971459
0.99950768
0.99921508
0.99881982
0.99830477
0.99765301
0.99684807
0.99587428
0.99471691
0.9933624
0.99179848
0.99001427
0.98800033
0.98574872
0.98325298
0.98050812
0.9775106
0.97425824
0.97075018
0.96698682
0.96296971
0.9587015
0.95418582
0.94942724
0.94443116
0.93920373
0.9337518
0.92808282
0.92220476
0.91612608
0.90985563
0.90340262
0.89677652
0.88998705
0.88304409
0.87595765
0.86873781
0.86139469
0.85393837
0.8463789
0.83872619
0.83099005
0.8231801
0.81530573
0.80737613
0.7994002
0.79138655
0.78334348
0.77527895
0.7672006
0.75911567
0.75103106
0.74295329
0.73488849
0.72684243
0.71882049
0.7108277
0.70286873
0.69494787
0.68706912
0.67923613
0.67145224
0.66372052
0.65604375
0.64842446
0.64086496
0.63336732
0.62593342
0.61856494
0.61126343
0.60403026
0.59686666
0.58977376
0.58275256
0.57580396
0.5689288
0.56212779
0.5554016
0.54875081
0.54217594
0.53567746
0.52925577
0.52291119
0.51664402
0.51045447
0.5043427
0.49830882
0.49235287
0.48647482
0.48067459
0.47495202
0.46930689
0.46373893
0.45824778
0.45283302
0.44749416
0.44223067
0.43704193
0.43192728
0.42688597
0.42191724
0.41702024
0.41219411
0.40743791
0.40275069
0.39813145
0.39357918
0.38909283
0.38467134
0.38031363
0.37601862
0.37178522
0.36761235
0.36349893
0.35944388
0.35544615
0.35150469
0.34761848
0.34378653
0.34000786
0.33628154
0.33260664
0.3289823
0.32540766
0.32188193
0.31840433
0.31497413
0.31159067
0.30825319
0.30496153
0.30171305
0.29851912
0.99997055
0.99996601
0.99996137
0.99995783
0.99995536
0.99995379
0.99995293
0.99995265
0.99995284
0.99995342
0.99995429
0.9999554
0.99995669
0.99995811
0.99995962
0.99996119
0.99996279
0.99996442
0.99996606
0.99996773
0.99996947
0.99997131
0.99997333
0.99997546
0.99997765
0.99997989
0.99998215
0.99998442
0.99998669
0.99998899
0.99999135
0.99999393
0.99999767
0.99999882
0.99999913
0.9999993
0.99999941
0.99999948
0.99999953
0.99999958
0.99999961
0.99999963
0.99999965
0.99999966
0.99999967
0.99999968
0.99999968
0.99999969
0.99999969
0.99999968
0.99999968
0.99999964
0.99999953
0.9999993
0.99999892
0.99999836
0.9999976
0.99999659
0.99999532
0.99998967
0.99980418
0.99938966
0.99869773
0.99768188
0.99629961
0.99452385
0.99232744
0.98968899
0.98659285
0.98302891
0.97899229
0.97448294
0.96950521
0.96406737
0.95818112
0.95186112
0.94512451
0.93799045
0.93047971
0.92261429
0.91441704
0.90591139
0.89712105
0.88806976
0.87878109
0.86927828
0.85958408
0.84972065
0.83970943
0.82957112
0.81932559
0.80899185
0.79858802
0.78813136
0.77763822
0.76712405
0.75660343
0.74609009
0.73559691
0.72513594
0.71471845
0.70435491
0.69405507
0.68382794
0.67368182
0.66362434
0.65366249
0.6438026
0.63405043
0.62441114
0.61488931
0.60548902
0.59621381
0.58706673
0.57805037
0.56916687
0.56041793
0.55180488
0.54332866
0.53498986
0.52678874
0.51872526
0.51079909
0.50300966
0.49535615
0.48783755
0.48045264
0.47320005
0.46607827
0.45908564
0.45222042
0.44548078
0.43886479
0.43237052
0.42599595
0.41973906
0.41359781
0.40757015
0.40165405
0.39584748
0.39014844
0.38455495
0.37906505
0.37367685
0.36838844
0.36319801
0.35810373
0.35310384
0.34819661
0.34338034
0.33865337
0.33401406
0.32946081
0.32499203
0.32060618
0.3163017
0.31207709
0.30793084
0.30386145
0.29986745
0.29594737
0.29209974
0.28832312
0.28461607
0.28097713
0.27740488
0.2738979
0.27045477
0.26707408
0.26375444
0.26049447
0.25729279
0.25414804
0.25105889
0.24802401
0.2450421
0.24211189
0.23923211
0.23640153
0.23361895
0.23088319
0.22819311
0.22554757
0.22294551
0.22038585
0.21786759
0.21538972
0.2129513
0.21055141
0.20818916
0.2058637
0.20357421
0.20131992
0.19910007
0.19691395
0.1947609
0.19264018
0.19055153
0.18849282
0.18647208
0.99821973
0.99614543
0.99292836
0.98882993
0.9841149
0.97902402
0.973751
0.96844623
0.96322584
0.95817734
0.95336221
0.94881759
0.94455816
0.94057822
0.93685363
0.93334338
0.92999073
0.9267234
0.92345223
0.92006789
0.91643519
0.91286776
0.91184343
0.91301436
0.91609516
0.92084651
0.92706558
0.93452847
0.94304809
0.95245904
0.96265178
0.97393708
0.99176814
0.99627955
0.99754912
0.99814872
0.99849703
0.99872343
0.9988812
0.99899631
0.99908297
0.9991496
0.99920151
0.99924219
0.99927407
0.99929885
0.99931776
0.99933171
0.9993414
0.99934734
0.9993499
0.99849041
0.99636449
0.99301873
0.98849633
0.98283818
0.97608355
0.96827061
0.95943671
0.94962245
0.93902828
0.92773571
0.91582487
0.90337367
0.89045715
0.87714697
0.86351103
0.84961316
0.83551287
0.8212653
0.80692124
0.7925271
0.77812506
0.76375322
0.74944573
0.73523302
0.72114198
0.70719621
0.69341623
0.67981972
0.66642175
0.65323498
0.6402699
0.62753505
0.61503716
0.6027814
0.59077151
0.57900996
0.56749813
0.55623643
0.5452244
0.53446087
0.523944
0.51367145
0.5036404
0.49384762
0.4842896
0.47496253
0.4658624
0.45698501
0.44832603
0.43988102
0.43164549
0.42361485
0.41578452
0.40814986
0.40070626
0.39344911
0.38637381
0.37947581
0.37275056
0.36619358
0.35980044
0.35356673
0.34748814
0.34156037
0.33577923
0.33014056
0.3246403
0.31927444
0.31403906
0.3089303
0.30394439
0.29907766
0.29432651
0.28968741
0.28515696
0.28073183
0.27640876
0.27218464
0.2680564
0.26402111
0.26007591
0.25621804
0.25244486
0.24875379
0.24514238
0.24160825
0.23814913
0.23476284
0.23144726
0.2282004
0.22502031
0.22190516
0.21885317
0.21586264
0.21293194
0.21005951
0.20724385
0.20448351
0.20177709
0.19912328
0.19652077
0.19396831
0.1914647
0.18900876
0.18659937
0.1842354
0.1819158
0.1796395
0.17740548
0.17521273
0.17306027
0.17094715
0.1688724
0.16683511
0.16483437
0.16286927
0.16093895
0.15904255
0.15717921
0.15534812
0.15354846
0.15177943
0.15004026
0.14833018
0.14664847
0.14499439
0.14336724
0.14176634
0.14019102
0.13864063
0.13711455
0.13561216
0.13413289
0.13267617
0.13124145
0.1298282
0.12843591
0.1270641
0.12571231
0.12438007
0.12306697
0.12177259
0.12049653
0.11923845
0.11799792
0.11677482
0.11556783
0.11438218
0.99530863
0.98902342
0.97809321
0.96226495
0.94153078
0.91616977
0.88667393
0.85370919
0.81809312
0.78076369
0.74273347
0.7050364
0.66867552
0.63457727
0.60355497
0.57628246
0.55327815
0.53489822
0.52133706
0.51129111
0.50434183
0.49979672
0.49413323
0.48754553
0.48018783
0.47215563
0.46493545
0.45777587
0.45068082
0.44341232
0.43306669
0.42693369
0.42138361
0.41983144
0.42167559
0.42525793
0.42975506
0.43467479
0.43968201
0.444528
0.44901793
0.45299433
0.45632807
0.45891286
0.46066165
0.46150407
0.46138441
0.46025994
0.45809947
0.45488202
0.45059571
0.4459995
0.44146353
0.43696305
0.43247911
0.42799754
0.42350811
0.41900381
0.4144803
0.40993536
0.40536851
0.40078064
0.39617372
0.39155051
0.38691434
0.38226898
0.37761845
0.37296692
0.3683186
0.36367767
0.3590482
0.35443411
0.34983917
0.34526689
0.34072059
0.33620335
0.33171798
0.32726708
0.32285298
0.31847781
0.31414345
0.30985157
0.30560366
0.30140099
0.29724469
0.29313571
0.28907485
0.28506278
0.28110006
0.27718712
0.27332431
0.26951188
0.26575001
0.26203879
0.25837827
0.25476843
0.25120922
0.24770052
0.24424219
0.24083404
0.23747587
0.23416741
0.23090841
0.22769856
0.22453754
0.22142499
0.21836055
0.21534383
0.21237439
0.20945181
0.20657563
0.20374535
0.20096049
0.19822051
0.19552487
0.19287301
0.19026436
0.18769831
0.18517426
0.18269157
0.18024962
0.17784775
0.17548531
0.17316163
0.17087605
0.16862789
0.16641648
0.16424114
0.16210122
0.15999605
0.15792497
0.15588733
0.1538825
0.15190985
0.14996877
0.14805867
0.14617894
0.14432904
0.1425084
0.1407165
0.1389528
0.13721682
0.13550805
0.13382604
0.13217032
0.13054046
0.12893603
0.1273566
0.12580179
0.12427119
0.12276442
0.1212811
0.11982088
0.11838338
0.11696824
0.11557513
0.11420368
0.11285355
0.1115244
0.11021588
0.10892765
0.10765937
0.10641069
0.10518128
0.10397078
0.10277887
0.10160519
0.1004494
0.099311166
0.098190147
0.097086005
0.095998403
0.094927007
0.093871488
0.092831518
0.091806775
0.090796941
0.089801702
0.088820752
0.087853787
0.086900514
0.085960642
0.085033891
0.084119983
0.083218653
0.082329638
0.081452687
0.080587553
0.079733999
0.078891796
0.078060722
0.077240561
0.076431109
0.075632168
0.074843545
0.074065066
0.073296519
0.072537877
0.071788327
0.071051351
0.99166943
0.98044184
0.96100562
0.93340341
0.89854286
0.85814466
0.81440698
0.76973512
0.72652534
0.68696145
0.65282183
0.62531929
0.60499535
0.59168215
0.584535
0.58213216
0.58263313
0.58281406
0.57896509
0.57260228
0.56409246
0.55378414
0.54205601
0.52927567
0.51571381
0.49648623
0.48235834
0.4687984
0.4557028
0.44314431
0.4311886
0.41987945
0.40923814
0.39926772
0.38995646
0.38128131
0.37321111
0.36570916
0.35873533
0.35224769
0.34620388
0.34056207
0.33528173
0.33032416
0.32565289
0.32123392
0.31703583
0.31302984
0.30918984
0.30549227
0.30191604
0.29844245
0.29505502
0.29173931
0.2884828
0.28527469
0.28210581
0.27896837
0.27585591
0.27276312
0.26968571
0.26662029
0.26356429
0.26051582
0.25747358
0.25443681
0.25140515
0.24837865
0.24535764
0.24234272
0.23933468
0.23633447
0.23334317
0.23036195
0.22739203
0.22443469
0.22149119
0.21856283
0.21565085
0.21275651
0.209881
0.20702547
0.20419103
0.20137873
0.19858958
0.1958245
0.19308438
0.19037004
0.18768225
0.18502171
0.18238907
0.17978494
0.17720986
0.17466433
0.17214879
0.16966365
0.16720927
0.16478595
0.16239396
0.16003355
0.15770489
0.15540815
0.15314343
0.15091081
0.14871034
0.14654202
0.14440583
0.1423017
0.14022955
0.13818925
0.13618066
0.13420357
0.1322578
0.13034309
0.12845919
0.1266058
0.12478263
0.12298933
0.12122557
0.11949096
0.11778514
0.1161077
0.11445824
0.11283634
0.11124157
0.10967351
0.10813171
0.10661573
0.10512515
0.10365951
0.10221839
0.10080135
0.099407959
0.0980378
0.096690457
0.095365522
0.094062596
0.092781289
0.091521221
0.09028202
0.089063323
0.087864778
0.086686041
0.085526779
0.084386664
0.083265379
0.082162614
0.081078065
0.080011435
0.078962432
0.07793077
0.076916168
0.075918348
0.074937033
0.073971953
0.073022838
0.072089418
0.071171427
0.0702686
0.069380671
0.068507376
0.067648451
0.066803632
0.065972658
0.065155266
0.064351194
0.063560183
0.062781973
0.062016306
0.061262929
0.060521585
0.059792026
0.059074002
0.058367269
0.057671585
0.056986713
0.056312418
0.055648472
0.05499465
0.054350732
0.053716503
0.053091752
0.052476276
0.051869873
0.051272349
0.050683515
0.050103187
0.049531185
0.048967336
0.048411471
0.047863426
0.047323043
0.046790169
0.046264656
0.045746361
0.045235151
0.04473087
0.044233483
0.043742437
0.043260042
0.98739915
0.97151384
0.94509874
0.90929407
0.86637549
0.8194573
0.77186858
0.72673385
0.68671824
0.653857
0.62944942
0.61402288
0.60736678
0.60859454
0.61612866
0.62732601
0.63336836
0.62892354
0.61843559
0.60621752
0.59140617
0.57446818
0.55597884
0.53649849
0.5165283
0.49649202
0.47673289
0.45751577
0.43903531
0.42142558
0.40477028
0.38911239
0.37446296
0.3608087
0.34811847
0.33634851
0.32544673
0.3153561
0.3060172
0.29737018
0.28935623
0.28191854
0.27500306
0.26855893
0.2625387
0.25689851
0.25159807
0.24660056
0.24187256
0.23738387
0.23310732
0.22901858
0.22509595
0.22132017
0.21767422
0.21414309
0.21071366
0.20737444
0.20411549
0.2009282
0.19780519
0.19474012
0.19172764
0.18876324
0.18584313
0.18296417
0.1801238
0.17731993
0.17455089
0.17181538
0.16911237
0.16644112
0.1638011
0.16119192
0.15861337
0.15606533
0.15354779
0.15106079
0.14860443
0.14617883
0.14378416
0.14142058
0.13908827
0.13678737
0.13451806
0.13228047
0.13007473
0.12790095
0.1257592
0.12364955
0.12157204
0.11952668
0.11751346
0.11553234
0.11358326
0.11166613
0.10978086
0.10792731
0.10610532
0.10431472
0.10255532
0.10082689
0.099129206
0.097461999
0.095824995
0.094217898
0.092640395
0.091092157
0.089572835
0.088082068
0.086619479
0.085184679
0.083777264
0.082396821
0.081042925
0.079715143
0.078413035
0.077136152
0.075884041
0.074656245
0.073452305
0.072271758
0.071114144
0.069979001
0.068865872
0.067774302
0.066703838
0.065654037
0.064624459
0.063614671
0.06262425
0.06165278
0.060699854
0.059765073
0.058848052
0.057948411
0.057065783
0.056199811
0.055350146
0.054516451
0.053698398
0.052895667
0.052107951
0.051334946
0.050576361
0.04983191
0.049101314
0.048384304
0.047680613
0.046989983
0.046312158
0.04564689
0.044993933
0.044353045
0.04372399
0.043106531
0.042500437
0.04190548
0.041321432
0.040748069
0.040185169
0.039632512
0.039089881
0.038557059
0.038033835
0.037519996
0.037015336
0.036519648
0.036032729
0.035554381
0.035084406
0.034622611
0.034168806
0.033722806
0.033284427
0.032853492
0.032429825
0.032013257
0.031603621
0.031200754
0.0308045
0.030414703
0.030031215
0.029653889
0.029282584
0.028917161
0.028557488
0.028203433
0.027854869
0.027511675
0.027173729
0.026840917
0.026513126
0.026190248
0.025872176
0.025558813
0.025250047
0.024945838
0.024645846
0.024351436
0.98228821
0.96277627
0.93234218
0.89348696
0.84940991
0.80365053
0.75941975
0.719256
0.68482984
0.65387172
0.63424011
0.62313817
0.61791717
0.62234849
0.63107602
0.63636953
0.63577927
0.62895208
0.61647417
0.59934041
0.57866127
0.55550696
0.53083033
0.50543516
0.47997049
0.45493939
0.43071503
0.4075597
0.3856442
0.36506609
0.34586602
0.32804167
0.31155945
0.29636392
0.28238525
0.26954509
0.25776089
0.24694918
0.23702787
0.22791789
0.21954417
0.21183636
0.20472909
0.19816208
0.19208014
0.18643293
0.18117481
0.1762645
0.17166483
0.16734242
0.16326739
0.15941305
0.15575564
0.15227404
0.14894953
0.14576559
0.14270763
0.13976282
0.13691991
0.13416905
0.13150166
0.12891025
0.12638832
0.12393026
0.12153121
0.11918699
0.116894
0.11464918
0.11244988
0.11029386
0.1081792
0.10610427
0.10406769
0.10206827
0.10010499
0.098177002
0.096283553
0.094424
0.09259778
0.090804395
0.0890434
0.087314392
0.085616999
0.083950874
0.082315685
0.080711116
0.079136854
0.077592595
0.076078031
0.074592857
0.073136763
0.071709435
0.070310553
0.068939791
0.067596816
0.066281289
0.064992861
0.063731177
0.062495875
0.061286584
0.060102926
0.058944516
0.057810962
0.056701867
0.055616825
0.054555427
0.053517256
0.052501893
0.051508914
0.050537891
0.049588394
0.04865999
0.047752246
0.046864726
0.045996996
0.045148622
0.044319172
0.043508216
0.042715327
0.041940083
0.041182064
0.040440857
0.039716056
0.039007258
0.03831407
0.037636105
0.036972985
0.03632434
0.035689809
0.035069038
0.034461686
0.033867417
0.033285909
0.032716845
0.03215992
0.031614838
0.031081312
0.030559065
0.030047827
0.029547336
0.029057341
0.028577597
0.028107867
0.02764792
0.027197532
0.026756487
0.026324573
0.025901585
0.025487321
0.025081586
0.024684188
0.02429494
0.02391366
0.023540166
0.023174282
0.022815835
0.022464655
0.022120573
0.021783426
0.021453051
0.021129288
0.02081198
0.020500973
0.020196115
0.019897256
0.019604249
0.01931695
0.019035218
0.018758915
0.018487903
0.018222052
0.017961229
0.01770531
0.017454169
0.017207686
0.016965744
0.016728228
0.016495027
0.016266032
0.016041137
0.015820242
0.015603246
0.015390052
0.015180568
0.014974702
0.014772365
0.014573471
0.014377937
0.014185681
0.013996624
0.013810689
0.013627802
0.013447889
0.013270881
0.01309671
0.012925311
0.012756616
0.01259059
0.012427054
0.012266693
0.97635483
0.95510903
0.92485114
0.8889127
0.84941113
0.8056144
0.77086913
0.7417064
0.71856436
0.70059714
0.68909134
0.68556958
0.68491171
0.68086847
0.67090847
0.65503676
0.63391984
0.60855649
0.58005856
0.54951302
0.51790179
0.48606145
0.45466959
0.42424827
0.39517752
0.36771414
0.34201227
0.31814373
0.29611672
0.27589209
0.25739724
0.24053728
0.22520392
0.21128227
0.19865588
0.18721039
0.17683594
0.16742883
0.15889242
0.15113754
0.14408258
0.13765332
0.13178263
0.12641001
0.12148112
0.11694734
0.1127652
0.10889596
0.10530513
0.10196207
0.098839577
0.095913561
0.093162693
0.090568124
0.088113215
0.085783299
0.083565464
0.081448358
0.079422014
0.077477697
0.075607756
0.073805502
0.072065095
0.07038144
0.068750099
0.067167209
0.065629408
0.064133772
0.062677759
0.061259159
0.059876045
0.058526737
0.05720977
0.055923855
0.054667861
0.053440789
0.052241748
0.051069946
0.049924664
0.048805254
0.047711121
0.046641715
0.045596525
0.044575069
0.043576893
0.042601561
0.041648653
0.040717765
0.039808501
0.038920475
0.038053306
0.037206617
0.036380039
0.035573201
0.034785736
0.03401728
0.033267468
0.032535937
0.031822325
0.031126268
0.030447407
0.02978538
0.029139827
0.028510388
0.027896707
0.027298425
0.026715188
0.026146643
0.025592437
0.025052223
0.024525655
0.02401239
0.023512088
0.023024416
0.022549041
0.022085639
0.021633888
0.021193472
0.020764081
0.020345412
0.019937167
0.019539054
0.019150789
0.018772095
0.018402701
0.018042344
0.017690769
0.017347727
0.017012978
0.016686288
0.01636743
0.016056187
0.015752347
0.015455706
0.015166066
0.014883237
0.014607034
0.014337281
0.014073804
0.01381644
0.013565026
0.01331941
0.01307944
0.012844971
0.012615864
0.012391981
0.012173191
0.011959365
0.011750378
0.011546107
0.011346435
0.011151245
0.010960425
0.010773863
0.010591453
0.010413087
0.010238664
0.01006808
0.0099012382
0.0097380401
0.0095783908
0.009422197
0.0092693676
0.0091198133
0.0089734466
0.0088301821
0.0086899365
0.0085526284
0.0084181782
0.0082865085
0.0081575438
0.0080312109
0.0079074381
0.0077861562
0.0076672978
0.0075507974
0.0074365915
0.0073246187
0.0072148193
0.0071071354
0.007001511
0.0068978917
0.0067962248
0.0066964592
0.0065985452
0.0065024346
0.0064080806
0.0063154376
0.0062244612
0.0061351083
0.0060473369
0.0059611062
0.0058763764
0.0057931092
0.0057112673
0.0056308156
0.005551718
0.005473951
0.0053974389
0.0053224558
0.97089681
0.95113936
0.92485133
0.89181524
0.86420089
0.8380906
0.81815563
0.80368969
0.78911501
0.77186253
0.75074681
0.72351033
0.6911872
0.65509473
0.61647952
0.57646801
0.53604094
0.49602245
0.45707925
0.41972703
0.38434219
0.35117707
0.32037736
0.29200021
0.26603202
0.24240503
0.22101207
0.20171938
0.18437712
0.16882778
0.15491273
0.14247692
0.13137227
0.1214598
0.11261091
0.10470786
0.097643867
0.091322752
0.085658389
0.08057401
0.076001441
0.071880315
0.068157295
0.064785336
0.061722999
0.058933815
0.056385713
0.054050504
0.051903422
0.049922714
0.048089276
0.046386341
0.044799193
0.04331492
0.0419222
0.040611108
0.039372948
0.038200106
0.037085916
0.03602455
0.035010914
0.034040555
0.033109588
0.032214623
0.031352698
0.030521234
0.029717978
0.028940964
0.028188477
0.027459014
0.026751261
0.026064065
0.025396411
0.024747401
0.024116242
0.023502227
0.022904721
0.022323156
0.021757015
0.021205826
0.020669156
0.020146605
0.019637798
0.019142385
0.018660035
0.018190432
0.017733273
0.017288267
0.016855134
0.0164336
0.016023399
0.01562427
0.015235957
0.01485821
0.01449078
0.014133425
0.013785904
0.013447978
0.013119413
0.012799976
0.012489438
0.012187572
0.011894153
0.011608958
0.01133177
0.011062371
0.010800549
0.010546093
0.010298795
0.010058452
0.0098248625
0.0095978308
0.009377163
0.0091626697
0.0089541654
0.0087514685
0.0085544019
0.0083627925
0.0081764716
0.0079952749
0.0078190428
0.0076476201
0.0074808559
0.0073186044
0.0071607241
0.0070070779
0.0068575336
0.0067119633
0.0065702436
0.0064322553
0.0062978837
0.0061670182
0.0060395522
0.005915383
0.0057944119
0.0056765437
0.0055616868
0.0054497531
0.0053406574
0.0052343179
0.0051306556
0.0050295943
0.0049310605
0.004834983
0.0047412931
0.0046499243
0.004560812
0.0044738938
0.004389109
0.0043063987
0.0042257055
0.0041469737
0.0040701491
0.0039951786
0.0039220108
0.0038505954
0.0037808833
0.0037128266
0.0036463788
0.0035814942
0.0035181284
0.003456238
0.0033957808
0.0033367155
0.0032790021
0.0032226014
0.0031674755
0.0031135873
0.003060901
0.0030093816
0.0029589954
0.0029097095
0.0028614921
0.0028143124
0.0027681406
0.0027229479
0.0026787062
0.0026353887
0.0025929691
0.0025514223
0.0025107239
0.0024708501
0.0024317781
0.0023934858
0.0023559514
0.0023191543
0.002283074
0.0022476908
0.0022129855
0.0021789393
0.0021455339
0.0021127516
0.0020805751
0.0020489876
0.0020179728
0.0019875155
0.0019576003
0.0019282155
0.0018993368
0.0018710427
0.96892143
0.95109443
0.93379314
0.91850652
0.87812571
0.82937207
0.77726691
0.72295779
0.66898733
0.61643395
0.56570182
0.51709615
0.47086316
0.42720119
0.38626097
0.34814324
0.31289767
0.2805243
0.25097726
0.2241704
0.19998413
0.1782728
0.15887225
0.14160682
0.12629574
0.1127585
0.1008192
0.090309903
0.08107291
0.072962293
0.065844635
0.059599221
0.054117782
0.049303935
0.04507241
0.041348158
0.038065407
0.035166712
0.032602035
0.030327881
0.028306498
0.026505153
0.024895479
0.023452903
0.022156138
0.020986735
0.019928703
0.018968172
0.018093104
0.017293047
0.016558917
0.015882819
0.015257883
0.014678131
0.014138359
0.013634035
0.013161212
0.012716453
0.012296763
0.011899534
0.011522495
0.011163669
0.010821334
0.01049399
0.010180332
0.0098792237
0.0095896734
0.0093108179
0.0090419032
0.0087822707
0.0085313435
0.0082886157
0.008053642
0.0078260293
0.0076054292
0.0073915314
0.0071840586
0.0069827607
0.0067874115
0.006597805
0.0064137518
0.006235077
0.006061618
0.0058932223
0.0057297462
0.0055710534
0.0054170136
0.0052675021
0.0051223985
0.0049815865
0.0048449529
0.0047123878
0.0045837836
0.0044590351
0.0043380391
0.0042206943
0.0041069015
0.0039965627
0.0038895818
0.0037858642
0.0036853168
0.0035878481
0.0034933679
0.0034017878
0.0033130208
0.0032269814
0.0031435859
0.0030627522
0.0029843997
0.0029084496
0.0028348249
0.0027634503
0.0026942524
0.0026271595
0.0025621018
0.0024990115
0.0024378226
0.0023784709
0.0023208945
0.002265033
0.0022108281
0.0021582236
0.0021071649
0.0020575994
0.0020094764
0.0019627471
0.0019173645
0.0018732831
0.0018304595
0.0017888517
0.0017484195
0.0017091243
0.0016709289
0.0016337976
0.0015976962
0.0015625917
0.0015284527
0.0014952486
0.0014629503
0.0014315296
0.0014009597
0.0013712143
0.0013422685
0.001314098
0.0012866795
0.0012599903
0.0012340087
0.0012087134
0.0011840841
0.0011601009
0.0011367445
0.0011139963
0.001091838
0.0010702521
0.0010492214
0.0010287292
0.0010087593
0.00098929597
0.00097032375
0.00095182775
0.00093379345
0.00091620674
0.00089905389
0.00088232157
0.00086599684
0.00085006714
0.0008345203
0.00081934451
0.00080452835
0.00079006074
0.00077593099
0.00076212875
0.00074864402
0.00073546714
0.0007225888
0.00070999998
0.00069769201
0.00068565651
0.0006738854
0.00066237085
0.00065110533
0.00064008156
0.00062929248
0.00061873126
0.00060839129
0.00059826614
0.00058834956
0.00057863548
0.00056911797
0.00055979124
0.00055064965
0.00054168768
0.00053289998
0.00052428131
0.00051582665
0.00050753115
0.00049939029
0.00049139985
0.00048355492
0.00047586761
0.55356076
0.49948824
0.43703105
0.37846505
0.33504084
0.30008584
0.27024712
0.24380225
0.21984085
0.19787274
0.17763421
0.15898197
0.14183257
0.12612814
0.11181779
0.098847952
0.087158195
0.076680079
0.067337913
0.059050449
0.051732992
0.045299585
0.039665042
0.034746694
0.030465788
0.026748522
0.023526724
0.020738222
0.018326951
0.016242844
0.014441574
0.012884187
0.011536668
0.010369471
0.0093570524
0.0084774072
0.0077116354
0.0070435412
0.0064592693
0.0059469802
0.0054965638
0.0050993884
0.0047480839
0.0044363544
0.004158818
0.0039108698
0.0036885657
0.0034885234
0.0033078388
0.0031440154
0.0029949043
0.0028586535
0.0027336654
0.0026185598
0.002512144
0.0024133859
0.0023213921
0.0022353887
0.0021547049
0.0020787596
0.0020070487
0.0019391351
0.0018746397
0.0018132335
0.0017546314
0.0016985855
0.0016448808
0.0015933305
0.001543772
0.0014960638
0.0014500823
0.0014057197
0.0013628813
0.001321484
0.0012814543
0.0012427272
0.0012052445
0.0011689543
0.0011338098
0.0010997684
0.0010667911
0.0010348422
0.0010038885
0.00097389887
0.00094484419
0.00091669684
0.00088943052
0.00086302004
0.00083744117
0.00081267048
0.00078868526
0.0007654634
0.00074298333
0.00072122397
0.00070016466
0.00067978517
0.00066006562
0.00064098652
0.0006225287
0.00060467334
0.00058740197
0.00057069643
0.00055453892
0.00053891196
0.00052379843
0.00050918157
0.00049504495
0.00048137253
0.00046814863
0.00045535795
0.00044298556
0.00043101695
0.00041943796
0.00040823488
0.00039739434
0.00038690343
0.00037674961
0.00036692075
0.00035740512
0.00034819141
0.00033926868
0.00033062639
0.0003222544
0.00031414296
0.00030628265
0.00029866447
0.00029127975
0.00028412016
0.00027717773
0.00027044481
0.00026391407
0.00025757846
0.00025143126
0.000245466
0.00023967649
0.0002340568
0.00022860124
0.00022330435
0.00021816089
0.00021316582
0.00020831431
0.0002036017
0.00019902353
0.00019457547
0.00019025338
0.00018605324
0.00018197117
0.00017800344
0.00017414643
0.00017039664
0.00016675067
0.00016320524
0.00015975716
0.00015640333
0.00015314078
0.00014996657
0.0001468779
0.00014387201
0.00014094625
0.00013809805
0.00013532489
0.00013262435
0.00012999408
0.00012743179
0.00012493529
0.00012250243
0.00012013114
0.00011781944
0.0001155654
0.00011336714
0.00011122287
0.00010913086
0.00010708944
0.000105097
0.00010315198
0.0001012529
9.9398313e-05
9.7586832e-05
9.5817124e-05
9.4087901e-05
9.2397922e-05
9.0745988e-05
8.9130941e-05
8.7551659e-05
8.6007056e-05
8.4496075e-05
8.301769e-05
8.1570902e-05
8.0154732e-05
7.8768225e-05
7.7410445e-05
7.6080476e-05
7.4777421e-05
7.3500404e-05
7.224858e-05
7.1021128e-05
6.9817306e-05
6.8636328e-05
6.7477755e-05
6.6341641e-05
5.9480916e-06
1.1486238e-05
1.6259671e-05
2.0140975e-05
2.3235794e-05
2.5620655e-05
2.7351456e-05
2.8480337e-05
2.9065286e-05
2.9170014e-05
2.8861397e-05
2.8207123e-05
2.7273478e-05
2.6123365e-05
2.4814798e-05
2.3399889e-05
2.192426e-05
2.0426798e-05
1.8939712e-05
1.7488816e-05
1.6093996e-05
1.4769791e-05
1.3526063e-05
1.2368688e-05
1.130025e-05
1.0320697e-05
9.4279517e-06
8.6184367e-06
7.8875412e-06
7.2300005e-06
6.6402052e-06
6.1124418e-06
5.6410736e-06
5.2206704e-06
4.8460966e-06
4.5125648e-06
4.2156642e-06
3.9513679e-06
3.7160279e-06
3.5063587e-06
3.3194158e-06
3.1525699e-06
3.0034802e-06
2.870067e-06
2.7504855e-06
2.6431011e-06
2.5464661e-06
2.4592988e-06
2.3804648e-06
2.3089599e-06
2.2438951e-06
2.1844834e-06
2.1300279e-06
2.079912e-06
2.0335899e-06
1.990579e-06
1.9504531e-06
1.9128358e-06
1.8773958e-06
1.8438414e-06
1.8119172e-06
1.7813992e-06
1.7520925e-06
1.7238276e-06
1.696458e-06
1.6698575e-06
1.6439182e-06
1.6185484e-06
1.5936708e-06
1.5692206e-06
1.5451444e-06
1.5213985e-06
1.4979479e-06
1.4747649e-06
1.4518283e-06
1.4291226e-06
1.4066367e-06
1.3843638e-06
1.3623001e-06
1.340445e-06
1.3187998e-06
1.2973676e-06
1.2761531e-06
1.255162e-06
1.2344005e-06
1.2138756e-06
1.1935944e-06
1.1735641e-06
1.1537919e-06
1.1342847e-06
1.115049e-06
1.0960911e-06
1.0774165e-06
1.0590303e-06
1.0409372e-06
1.0231409e-06
1.0056447e-06
9.8845113e-07
9.715622e-07
9.5497917e-07
9.3870265e-07
9.2273268e-07
9.0706868e-07
8.917095e-07
8.7665345e-07
8.6189834e-07
8.4744149e-07
8.332798e-07
8.1940975e-07
8.0582747e-07
7.9252877e-07
7.7950916e-07
7.6676391e-07
7.5428808e-07
7.4207656e-07
7.3012408e-07
7.184253e-07
7.0697478e-07
6.9576705e-07
6.8479663e-07
6.7405803e-07
6.6354583e-07
6.5325464e-07
6.4317917e-07
6.3331422e-07
6.2365468e-07
6.1419559e-07
6.049321e-07
5.9585952e-07
5.8697329e-07
5.7826899e-07
5.6974237e-07
5.6138931e-07
5.5320586e-07
5.4518819e-07
5.3733261e-07
5.2963556e-07
5.2209363e-07
5.147035e-07
5.0746196e-07
5.003659e-07
4.9341231e-07
4.8659825e-07
4.7992085e-07
4.7337732e-07
4.6696491e-07
4.6068091e-07
4.5452267e-07
4.4848755e-07
4.4257296e-07
4.3677632e-07
4.3109507e-07
4.2552667e-07
4.2006857e-07
4.1471828e-07
4.0947327e-07
4.0433106e-07
3.9928916e-07
3.9434509e-07
3.8949642e-07
3.8474069e-07
3.8007551e-07
3.7549848e-07
3.7100724e-07
3.6659948e-07
3.622729e-07
3.5802526e-07
3.5385434e-07
3.49758e-07
3.4573412e-07
3.4178065e-07
3.3789558e-07
3.3407697e-07
3.3032292e-07
3.266316e-07
3.2300124e-07
3.1943011e-07
3.1591653e-07
3.1245888e-07
3.0905559e-07
3.0570513e-07
3.0240599e-07
2.991567e-07
2.9595584e-07
2.9280197e-07
2.8969367e-07
2.8662954e-07
2.8360815e-07
2.8062805e-07
2.7768779e-07
2.7478585e-07
2.7192072e-07
2.690908e-07
2.6629451e-07
2.6353024e-07
2.6079637e-07
2.5809158e-07
2.554139e-07
2.5276454e-07
2.5013667e-07
6.4591773e-11
1.8749145e-10
3.5918874e-10
5.6754242e-10
8.0042618e-10
1.0460676e-09
1.2932949e-09
1.5320264e-09
1.7538131e-09
1.9521055e-09
2.1222812e-09
2.2615513e-09
2.3687811e-09
2.4442485e-09
2.4893736e-09
2.5064486e-09
2.4983813e-09
2.4684628e-09
2.420164e-09
2.3569658e-09
2.2822227e-09
2.1990604e-09
2.1103042e-09
2.0184357e-09
1.9255746e-09
1.8334789e-09
1.7435612e-09
1.6569161e-09
1.574354e-09
1.4964383e-09
1.4235241e-09
1.3557947e-09
1.2932959e-09
1.235967e-09
1.1836666e-09
1.1361955e-09
1.0933153e-09
1.0547626e-09
1.0202609e-09
9.8952973e-10
9.6229049e-10
9.3827167e-10
9.1721176e-10
8.9886127e-10
8.8298384e-10
8.6935676e-10
8.5777095e-10
8.4803068e-10
8.3995307e-10
8.3336753e-10
8.2811508e-10
8.2404769e-10
8.2102765e-10
8.1892699e-10
8.1762688e-10
8.1701717e-10
8.1699591e-10
8.1746892e-10
8.1834943e-10
8.1955774e-10
8.2102085e-10
8.2267221e-10
8.2445137e-10
8.2630376e-10
8.2818035e-10
8.300374e-10
8.3183618e-10
8.335427e-10
8.3512743e-10
8.3656502e-10
8.3783404e-10
8.389167e-10
8.3979857e-10
8.4046836e-10
8.409176e-10
8.4114044e-10
8.4113339e-10
8.408951e-10
8.4042612e-10
8.3972869e-10
8.3880657e-10
8.376648e-10
8.3630959e-10
8.3474807e-10
8.3298822e-10
8.3103867e-10
8.2890859e-10
8.2660756e-10
8.2414547e-10
8.2153241e-10
8.1877856e-10
8.1589415e-10
8.1288933e-10
8.0977414e-10
8.0655845e-10
8.0325188e-10
7.9986377e-10
7.9640313e-10
7.9287865e-10
7.8929859e-10
7.8567084e-10
7.8200285e-10
7.7830163e-10
7.7457375e-10
7.7082534e-10
7.6706206e-10
7.6328915e-10
7.5951139e-10
7.5573315e-10
7.5195839e-10
7.4819064e-10
7.444331e-10
7.4068856e-10
7.369595e-10
7.332481e-10
7.295562e-10
7.2588543e-10
7.2223713e-10
7.1861246e-10
7.1501238e-10
7.1143767e-10
7.0788899e-10
7.0436685e-10
7.0087171e-10
6.9740391e-10
6.9396376e-10
6.9055151e-10
6.871674e-10
6.8381165e-10
6.8048449e-10
6.7718616e-10
6.7391692e-10
6.7067703e-10
6.674668e-10
6.6428658e-10
6.6113672e-10
6.5801762e-10
6.549297e-10
6.5187339e-10
6.4884915e-10
6.4585744e-10
6.4289872e-10
6.3997345e-10
6.3708206e-10
6.3422498e-10
6.3140259e-10
6.2861523e-10
6.258632e-10
6.2314674e-10
6.2046602e-10
6.1782116e-10
6.1521218e-10
6.1263906e-10
6.1010166e-10
6.0759978e-10
6.0513313e-10
6.0270135e-10
6.0030399e-10
5.979405e-10
5.9561029e-10
5.9331269e-10
5.9104694e-10
5.8881226e-10
5.8660778e-10
5.8443261e-10
5.8228581e-10
5.8016641e-10
5.7807341e-10
5.760058e-10
5.7396256e-10
5.7194266e-10
5.6994508e-10
5.6796879e-10
5.6601279e-10
5.6407608e-10
5.6215767e-10
5.6025661e-10
5.5837193e-10
5.5650269e-10
5.5464796e-10
5.528068e-10
5.5097826e-10
5.4916138e-10
5.4735516e-10
5.4555855e-10
5.4377046e-10
5.4198968e-10
5.4021492e-10
5.3844473e-10
5.3667752e-10
5.3491149e-10
5.3314464e-10
5.3137473e-10
5.2959926e-10
5.2781557e-10
5.2602069e-10
5.2421226e-10
5.2238567e-10
5.205462e-10
5.186616e-10
7.0144851e-16
2.7150586e-15
6.5195505e-15
1.2415452e-14
2.0518317e-14
3.077232e-14
4.2968818e-14
5.6773507e-14
7.1765066e-14
8.747619e-14
1.0342993e-13
1.1917016e-13
1.3428556e-13
1.4842641e-13
1.6131458e-13
1.7274768e-13
1.825984e-13
1.9080997e-13
1.9738875e-13
2.0239477e-13
2.0593127e-13
2.081338e-13
2.0915977e-13
2.0917882e-13
2.0836445e-13
2.0688714e-13
2.04909e-13
2.0257989e-13
2.0003502e-13
1.9739363e-13
1.9475869e-13
1.9221736e-13
1.8984186e-13
1.8769087e-13
1.8581091e-13
1.8423791e-13
1.8299871e-13
1.8211241e-13
1.8159169e-13
1.814439e-13
1.81672e-13
1.8227536e-13
1.8325045e-13
1.8459137e-13
1.8629024e-13
1.8833762e-13
1.9072269e-13
1.9343353e-13
1.9645725e-13
1.9978014e-13
2.0338781e-13
2.0726522e-13
2.1139686e-13
2.1576676e-13
2.2035862e-13
2.2515589e-13
2.3014183e-13
2.3529965e-13
2.4061254e-13
2.4606382e-13
2.5163697e-13
2.5731576e-13
2.6308433e-13
2.6892724e-13
2.7482956e-13
2.8077696e-13
2.8675571e-13
2.9275279e-13
2.9875589e-13
3.0475348e-13
3.107348e-13
3.1668989e-13
3.2260962e-13
3.2848564e-13
3.3431046e-13
3.4007734e-13
3.4578036e-13
3.5141435e-13
3.5697488e-13
3.6245823e-13
3.6786135e-13
3.7318187e-13
3.78418e-13
3.8356854e-13
3.8863281e-13
3.9361066e-13
3.9850237e-13
4.0330866e-13
4.0803062e-13
4.126697e-13
4.1722762e-13
4.2170643e-13
4.2610835e-13
4.3043584e-13
4.3469151e-13
4.3887809e-13
4.4299844e-13
4.4705546e-13
4.5105211e-13
4.5499136e-13
4.5887617e-13
4.6270948e-13
4.6649417e-13
4.7023305e-13
4.7392884e-13
4.7758417e-13
4.8120155e-13
4.8478336e-13
4.8833187e-13
4.918492e-13
4.9533731e-13
4.9879806e-13
5.0223314e-13
5.0564409e-13
5.0903235e-13
5.1239919e-13
5.1574578e-13
5.1907318e-13
5.2238232e-13
5.2567405e-13
5.2894913e-13
5.3220826e-13
5.3545205e-13
5.3868108e-13
5.418959e-13
5.4509701e-13
5.4828493e-13
5.5146013e-13
5.5462314e-13
5.5777445e-13
5.6091462e-13
5.6404421e-13
5.6716383e-13
5.7027412e-13
5.7337576e-13
5.7646949e-13
5.7955607e-13
5.8263632e-13
5.8571109e-13
5.8878125e-13
5.9184773e-13
5.9491145e-13
5.9797338e-13
6.0103446e-13
6.0409566e-13
6.0715793e-13
6.1022218e-13
6.1328933e-13
6.1636024e-13
6.1943572e-13
6.2251654e-13
6.2560339e-13
6.2869691e-13
6.3179764e-13
6.3490606e-13
6.3802255e-13
6.4114741e-13
6.4428084e-13
6.4742296e-13
6.5057378e-13
6.5373323e-13
6.5690116e-13
6.6007731e-13
6.6326136e-13
6.6645291e-13
6.6965149e-13
6.7285656e-13
6.7606752e-13
6.7928374e-13
6.8250452e-13
6.8572914e-13
6.8895684e-13
6.9218685e-13
6.9541835e-13
6.9865052e-13
7.0188254e-13
7.0511353e-13
7.0834263e-13
7.1156894e-13
7.1479154e-13
7.1800946e-13
7.212217e-13
7.2442717e-13
7.2762471e-13
7.3081302e-13
7.3399069e-13
7.3715608e-13
7.4030734e-13
7.4344234e-13
7.4655856e-13
7.4965307e-13
7.5272243e-13
7.557626e-13
7.5876885e-13
7.6173581e-13
7.6465716e-13
7.6752714e-13
7.7033528e-13
7.7308953e-13
7.7571075e-13
7.6199582e-21
3.6847431e-20
1.0614596e-19
2.3585916e-19
4.4551184e-19
7.5156665e-19
1.165716e-18
1.6938043e-18
2.3355345e-18
3.0848165e-18
3.9305211e-18
4.8575046e-18
5.8478017e-18
6.8818645e-18
7.9397529e-18
9.0022134e-18
1.0051596e-17
1.1072573e-17
1.2052643e-17
1.2982408e-17
1.3855664e-17
1.4669293e-17
1.5423028e-17
1.6119114e-17
1.67619e-17
1.7357409e-17
1.7912924e-17
1.8436583e-17
1.8937045e-17
1.9423186e-17
1.9903877e-17
2.0387799e-17
2.0883319e-17
2.1398406e-17
2.1940588e-17
2.2516926e-17
2.3134017e-17
2.379801e-17
2.451462e-17
2.5289157e-17
2.6126547e-17
2.7031355e-17
2.8007804e-17
2.9059782e-17
3.019086e-17
3.1404289e-17
3.2703002e-17
3.4089616e-17
3.5566424e-17
3.713539e-17
3.8798144e-17
4.0555981e-17
4.2409851e-17
4.4360367e-17
4.6407799e-17
4.8552084e-17
5.0792832e-17
5.3129337e-17
5.5560594e-17
5.8085315e-17
6.0701948e-17
6.3408704e-17
6.6203576e-17
6.908437e-17
7.2048727e-17
7.5094157e-17
7.8218062e-17
8.1417762e-17
8.4690529e-17
8.8033604e-17
9.144423e-17
9.4919667e-17
9.8457219e-17
1.0205425e-16
1.0570821e-16
1.0941665e-16
1.131772e-16
1.1698764e-16
1.2084589e-16
1.2474998e-16
1.2869811e-16
1.3268863e-16
1.3672004e-16
1.4079101e-16
1.4490035e-16
1.4904706e-16
1.5323026e-16
1.5744926e-16
1.617035e-16
1.6599257e-16
1.703162e-16
1.7467427e-16
1.7906676e-16
1.834938e-16
1.8795559e-16
1.9245248e-16
1.9698488e-16
2.015533e-16
2.0615831e-16
2.1080055e-16
2.1548071e-16
2.2019953e-16
2.2495779e-16
2.2975627e-16
2.3459579e-16
2.3947715e-16
2.4440119e-16
2.4936869e-16
2.5438044e-16
2.5943721e-16
2.6453973e-16
2.696887e-16
2.7488477e-16
2.8012859e-16
2.8542072e-16
2.907617e-16
2.9615204e-16
3.0159218e-16
3.0708254e-16
3.126235e-16
3.1821542e-16
3.238586e-16
3.2955334e-16
3.3529992e-16
3.4109861e-16
3.4694966e-16
3.5285334e-16
3.5880991e-16
3.6481965e-16
3.7088288e-16
3.7699991e-16
3.8317109e-16
3.8939684e-16
3.9567757e-16
4.0201376e-16
4.0840594e-16
4.1485467e-16
4.2136057e-16
4.279243e-16
4.3454657e-16
4.4122814e-16
4.479698e-16
4.5477238e-16
4.6163675e-16
4.6856378e-16
4.7555438e-16
4.8260948e-16
4.8972999e-16
4.9691683e-16
5.0417091e-16
5.1149311e-16
5.1888429e-16
5.2634527e-16
5.3387684e-16
5.4147971e-16
5.4915456e-16
5.56902e-16
5.6472257e-16
5.7261674e-16
5.8058489e-16
5.8862735e-16
5.9674434e-16
6.0493603e-16
6.1320249e-16
6.2154372e-16
6.2995965e-16
6.3845014e-16
6.4701495e-16
6.5565383e-16
6.6436642e-16
6.7315232e-16
6.820111e-16
6.9094224e-16
6.9994521e-16
7.0901942e-16
7.1816424e-16
7.2737899e-16
7.3666295e-16
7.4601535e-16
7.5543534e-16
7.6492202e-16
7.7447438e-16
7.840913e-16
7.9377152e-16
8.0351359e-16
8.1331585e-16
8.2317633e-16
8.330927e-16
8.4306218e-16
8.5308139e-16
8.6314624e-16
8.7325174e-16
8.833918e-16
8.9355895e-16
9.0374423e-16
9.1393659e-16
9.2412463e-16
9.3428912e-16
9.4443548e-16
9.5442497e-16
8.2812087e-26
4.8027729e-25
1.6129731e-24
4.0912467e-24
8.6785088e-24
1.623057e-23
2.7622768e-23
4.3677124e-23
6.5101124e-23
9.2442058e-23
1.2605733e-22
1.6610142e-22
2.1252877e-22
2.6511028e-22
3.2346109e-22
3.8707663e-22
4.5537383e-22
5.2773427e-22
6.0354601e-22
6.8224186e-22
7.6333187e-22
8.4642915e-22
9.3126828e-22
1.0177167e-21
1.1057798e-21
1.1956002e-21
1.2874538e-21
1.3817417e-21
1.4789816e-21
1.5797977e-21
1.6849108e-21
1.7951295e-21
1.911342e-21
2.0345088e-21
2.1656574e-21
2.3058775e-21
2.4563169e-21
2.6181786e-21
2.7927178e-21
2.9812395e-21
3.1850951e-21
3.40568e-21
3.6444295e-21
3.9028144e-21
4.1823369e-21
4.4845243e-21
4.8109229e-21
5.1630916e-21
5.542594e-21
5.9509913e-21
6.3898339e-21
6.8606542e-21
7.364958e-21
7.9042179e-21
8.4798658e-21
9.0932868e-21
9.7458138e-21
1.0438723e-20
1.1173228e-20
1.1950482e-20
1.277157e-20
1.3637513e-20
1.4549267e-20
1.5507721e-20
1.6513703e-20
1.7567984e-20
1.8671275e-20
1.982424e-20
2.1027493e-20
2.2281607e-20
2.3587121e-20
2.494454e-20
2.6354346e-20
2.7817004e-20
2.9332963e-20
3.0902666e-20
3.2526555e-20
3.4205074e-20
3.5938678e-20
3.7727835e-20
3.9573031e-20
4.1474778e-20
4.3433613e-20
4.5450104e-20
4.7524854e-20
4.9658506e-20
5.185174e-20
5.410528e-20
5.6419897e-20
5.8796405e-20
6.1235669e-20
6.37386e-20
6.6306161e-20
6.893936e-20
7.163926e-20
7.4406966e-20
7.7243635e-20
8.0150467e-20
8.3128708e-20
8.6179646e-20
8.9304608e-20
9.250496e-20
9.57821e-20
9.913746e-20
1.025725e-19
1.060887e-19
1.0968758e-19
1.1337065e-19
1.1713947e-19
1.2099557e-19
1.2494053e-19
1.2897591e-19
1.3310329e-19
1.3732425e-19
1.4164036e-19
1.4605319e-19
1.5056432e-19
1.5517532e-19
1.5988775e-19
1.6470318e-19
1.6962317e-19
1.7464928e-19
1.7978308e-19
1.8502612e-19
1.9037999e-19
1.9584627e-19
2.0142655e-19
2.0712244e-19
2.1293558e-19
2.1886761e-19
2.2492023e-19
2.3109514e-19
2.3739411e-19
2.4381891e-19
2.5037138e-19
2.570534e-19
2.6386688e-19
2.7081382e-19
2.7789623e-19
2.8511618e-19
2.9247582e-19
2.9997732e-19
3.0762292e-19
3.1541489e-19
3.2335556e-19
3.3144731e-19
3.3969254e-19
3.4809369e-19
3.5665323e-19
3.6537367e-19
3.7425751e-19
3.8330729e-19
3.9252552e-19
4.0191475e-19
4.1147749e-19
4.2121626e-19
4.3113354e-19
4.412318e-19
4.5151348e-19
4.6198096e-19
4.7263662e-19
4.8348276e-19
4.9452167e-19
5.0575554e-19
5.1718657e-19
5.2881687e-19
5.4064851e-19
5.526835e-19
5.6492381e-19
5.7737137e-19
5.9002805e-19
6.0289566e-19
6.1597599e-19
6.2927077e-19
6.4278169e-19
6.5651039e-19
6.7045847e-19
6.8462745e-19
6.9901882e-19
7.1363398e-19
7.2847424e-19
7.4354082e-19
7.5883477e-19
7.7435701e-19
7.901082e-19
8.0608876e-19
8.2229872e-19
8.3873768e-19
8.5540462e-19
8.7229777e-19
8.8941434e-19
9.0675024e-19
9.2429971e-19
9.4205476e-19
9.600047e-19
9.7813501e-19
9.9642865e-19
1.0148567e-18
1.0334159e-18
1.0519056e-18
9.0074374e-31
6.0980558e-30
2.3399791e-29
6.6653083e-29
1.5663125e-28
3.2105341e-28
5.9376569e-28
1.0133596e-27
1.6215223e-27
2.4612723e-27
3.5752403e-27
5.0041534e-27
6.7856168e-27
8.9532614e-27
1.1536314e-26
1.4559613e-26
1.8044059e-26
2.2007454e-26
2.6465678e-26
3.1434114e-26
3.6929259e-26
4.2970422e-26
4.9581462e-26
5.6792485e-26
6.4641492e-26
7.3175922e-26
8.2454111e-26
9.2546654e-26
1.0353769e-25
1.1552614e-25
1.286269e-25
1.4297201e-25
1.5871183e-25
1.7601626e-25
1.950759e-25
2.1610328e-25
2.3933406e-25
2.6502823e-25
2.9347123e-25
3.2497504e-25
3.5987916e-25
3.985514e-25
4.4138865e-25
4.8881728e-25
5.4129351e-25
5.993034e-25
6.6336269e-25
7.3401638e-25
8.1183807e-25
8.9742905e-25
9.9141721e-25
1.0944557e-24
1.2072218e-24
1.3304147e-24
1.4647547e-24
1.6109812e-24
1.7698507e-24
1.9421361e-24
2.1286242e-24
2.3301152e-24
2.5474211e-24
2.7813645e-24
3.0327782e-24
3.3025044e-24
3.591394e-24
3.9003071e-24
4.2301123e-24
4.5816875e-24
4.9559201e-24
5.3537078e-24
5.7759593e-24
6.2235953e-24
6.6975499e-24
7.1987714e-24
7.7282244e-24
8.2868906e-24
8.8757707e-24
9.4958862e-24
1.0148281e-23
1.0834022e-23
1.1554205e-23
1.230995e-23
1.3102409e-23
1.3932765e-23
1.4802234e-23
1.5712067e-23
1.6663553e-23
1.7658019e-23
1.8696833e-23
1.9781406e-23
2.091319e-23
2.2093686e-23
2.332444e-23
2.4607047e-23
2.5943151e-23
2.7334447e-23
2.8782682e-23
3.0289656e-23
3.1857221e-23
3.3487285e-23
3.5181808e-23
3.6942807e-23
3.8772354e-23
4.0672574e-23
4.264565e-23
4.4693816e-23
4.6819365e-23
4.902464e-23
5.1312039e-23
5.3684016e-23
5.6143072e-23
5.8691764e-23
6.13327e-23
6.4068537e-23
6.6901984e-23
6.9835802e-23
7.2872798e-23
7.6015833e-23
7.9267816e-23
8.2631708e-23
8.6110522e-23
8.9707323e-23
9.3425228e-23
9.7267412e-23
1.0123711e-22
1.053376e-22
1.0957224e-22
1.1394444e-22
1.1845769e-22
1.2311553e-22
1.2792159e-22
1.3287957e-22
1.3799324e-22
1.4326646e-22
1.4870318e-22
1.5430743e-22
1.6008335e-22
1.6603514e-22
1.7216714e-22
1.7848376e-22
1.8498952e-22
1.9168905e-22
1.9858709e-22
2.0568846e-22
2.1299812e-22
2.2052112e-22
2.2826262e-22
2.3622788e-22
2.4442226e-22
2.5285124e-22
2.6152038e-22
2.7043534e-22
2.7960188e-22
2.8902585e-22
2.9871318e-22
3.0866987e-22
3.1890203e-22
3.2941581e-22
3.4021744e-22
3.5131324e-22
3.6270955e-22
3.744128e-22
3.8642947e-22
3.9876608e-22
4.1142921e-22
4.2442549e-22
4.377616e-22
4.5144426e-22
4.6548024e-22
4.7987635e-22
4.9463944e-22
5.0977642e-22
5.2529424e-22
5.4119989e-22
5.5750039e-22
5.7420282e-22
5.9131428e-22
6.0884192e-22
6.2679289e-22
6.4517437e-22
6.6399352e-22
6.8325747e-22
7.0297331e-22
7.2314802e-22
7.4378845e-22
7.6490122e-22
7.8649266e-22
8.0856864e-22
8.3113446e-22
8.5419457e-22
8.7775228e-22
9.0180931e-22
9.2636515e-22
9.5141622e-22
9.7695472e-22
1.0029667e-21
1.0294318e-21
1.056312e-21
1.0835884e-21
1.1109992e-21
9.8162382e-36
7.6221672e-35
3.293986e-34
1.0404943e-33
2.6798328e-33
5.9665671e-33
1.1904221e-32
2.180469e-32
3.7302302e-32
6.0357742e-32
9.3254376e-32
1.3858968e-31
1.9926376e-31
2.7846806e-31
3.7967855e-31
5.0665706e-31
6.6346486e-31
8.5449178e-31
1.0845042e-30
1.3587147e-30
1.6828743e-30
2.063391e-30
2.5074726e-30
3.0232978e-30
3.6202142e-30
4.3089645e-30
5.1019421e-30
6.0134778e-30
7.0601565e-30
8.2611688e-30
9.6386961e-30
1.1218332e-29
1.3029542e-29
1.5106157e-29
1.748691e-29
2.0216005e-29
2.3343724e-29
2.6927059e-29
3.1030384e-29
3.5726131e-29
4.10955e-29
4.7229165e-29
5.4227987e-29
6.2203713e-29
7.1279667e-29
8.1591411e-29
9.3287379e-29
1.0652947e-28
1.2149361e-28
1.3837025e-28
1.5736483e-28
1.7869822e-28
2.0260707e-28
2.2934415e-28
2.5917867e-28
2.9239653e-28
3.2930062e-28
3.7021103e-28
4.1546532e-28
4.654188e-28
5.2044478e-28
5.8093488e-28
6.472994e-28
7.1996769e-28
7.9938858e-28
8.8603089e-28
9.8038396e-28
1.0829583e-27
1.1942861e-27
1.3149224e-27
1.4454454e-27
1.5864576e-27
1.7385866e-27
1.9024864e-27
2.0788382e-27
2.2683517e-27
2.4717662e-27
2.6898519e-27
2.9234115e-27
3.173281e-27
3.4403319e-27
3.7254721e-27
4.0296481e-27
4.3538459e-27
4.6990933e-27
5.0664615e-27
5.4570669e-27
5.8720727e-27
6.3126912e-27
6.7801857e-27
7.2758721e-27
7.8011215e-27
8.3573619e-27
8.9460803e-27
9.568825e-27
1.0227208e-26
1.0922905e-26
1.1657663e-26
1.2433295e-26
1.3251688e-26
1.4114802e-26
1.5024675e-26
1.5983422e-26
1.6993237e-26
1.80564e-26
1.9175273e-26
2.0352304e-26
2.1590031e-26
2.2891084e-26
2.425818e-26
2.5694137e-26
2.7201864e-26
2.8784372e-26
3.0444771e-26
3.2186271e-26
3.4012191e-26
3.5925953e-26
3.7931089e-26
4.0031244e-26
4.2230173e-26
4.4531752e-26
4.6939971e-26
4.9458946e-26
5.2092918e-26
5.4846255e-26
5.7723458e-26
6.0729163e-26
6.3868149e-26
6.7145336e-26
7.0565795e-26
7.4134748e-26
7.7857577e-26
8.1739827e-26
8.5787211e-26
9.0005616e-26
9.4401107e-26
9.8979937e-26
1.0374855e-25
1.0871357e-25
1.1388185e-25
1.1926043e-25
1.2485657e-25
1.3067774e-25
1.3673164e-25
1.430262e-25
1.4956957e-25
1.5637015e-25
1.6343657e-25
1.7077772e-25
1.7840272e-25
1.8632094e-25
1.9454203e-25
2.0307585e-25
2.1193258e-25
2.211226e-25
2.3065659e-25
2.4054549e-25
2.5080048e-25
2.6143304e-25
2.724549e-25
2.8387805e-25
2.9571478e-25
3.0797763e-25
3.2067942e-25
3.3383323e-25
3.4745246e-25
3.6155073e-25
3.7614201e-25
3.912405e-25
4.0686071e-25
4.2301746e-25
4.3972583e-25
4.5700124e-25
4.7485936e-25
4.9331621e-25
5.123881e-25
5.3209164e-25
5.5244375e-25
5.7346165e-25
5.9516285e-25
6.1756515e-25
6.4068661e-25
6.6454553e-25
6.8916042e-25
7.1454995e-25
7.4073287e-25
7.6772791e-25
7.9555369e-25
8.2422845e-25
8.5376985e-25
8.8419451e-25
9.1551745e-25
9.4775118e-25
9.8090434e-25
1.0149797e-24
1.0499705e-24
1.0858577e-24
1.1225938e-24
1.1601356e-24
1.1981481e-24
1.0699749e-40
9.4129771e-40
4.5712207e-39
1.5898899e-38
4.4591043e-38
1.0732259e-37
2.3033659e-37
4.5239724e-37
8.2811812e-37
1.4316548e-36
2.3608104e-36
3.7415654e-36
5.7330487e-36
8.5330481e-36
1.2384214e-35
1.7581168e-35
2.4478783e-35
3.350201e-35
4.5157657e-35
6.0048638e-35
7.8891258e-35
1.0253619e-34
1.3199386e-34
1.684651e-34
2.1337784e-34
2.6843096e-34
3.3564624e-34
4.174296e-34
5.1664285e-34
6.3668714e-34
7.8159961e-34
9.5616431e-34
1.1660391e-33
1.4178992e-33
1.7195997e-33
2.0803561e-33
2.5109463e-33
3.0239322e-33
3.6339027e-33
4.3577377e-33
5.2148928e-33
6.2277037e-33
7.4217105e-33
8.825999e-33
1.0473559e-32
1.240166e-32
1.4652235e-32
1.7272284e-32
2.0314282e-32
2.3836605e-32
2.7903954e-32
3.2587801e-32
3.7966837e-32
4.4127429e-32
5.1164097e-32
5.917999e-32
6.8287394e-32
7.8608238e-32
9.0274636e-32
1.0342944e-31
1.1822683e-31
1.348329e-31
1.5342635e-31
1.7419911e-31
1.9735708e-31
2.231209e-31
2.517267e-31
2.8342701e-31
3.1849158e-31
3.5720841e-31
3.9988466e-31
4.4684778e-31
4.9844658e-31
5.5505242e-31
6.1706045e-31
6.8489089e-31
7.5899044e-31
8.398337e-31
9.279247e-31
1.0237984e-30
1.1280226e-30
1.2411994e-30
1.3639671e-30
1.4970023e-30
1.6410218e-30
1.7967844e-30
1.9650937e-30
2.1467999e-30
2.3428022e-30
2.5540516e-30
2.7815532e-30
3.0263688e-30
3.2896203e-30
3.5724916e-30
3.8762326e-30
4.2021616e-30
4.5516688e-30
4.9262196e-30
5.3273582e-30
5.7567106e-30
6.2159889e-30
6.7069944e-30
7.2316222e-30
7.7918643e-30
8.3898143e-30
9.0276713e-30
9.7077443e-30
1.0432456e-29
1.1204349e-29
1.2026088e-29
1.2900465e-29
1.3830407e-29
1.4818978e-29
1.5869383e-29
1.6984978e-29
1.8169271e-29
1.9425928e-29
2.0758783e-29
2.2171837e-29
2.3669271e-29
2.5255448e-29
2.6934921e-29
2.8712439e-29
3.0592956e-29
3.2581636e-29
3.4683863e-29
3.6905247e-29
3.9251633e-29
4.1729112e-29
4.4344025e-29
4.7102976e-29
5.0012841e-29
5.3080778e-29
5.6314239e-29
5.9720975e-29
6.3309054e-29
6.708687e-29
7.1063154e-29
7.5246984e-29
7.9647802e-29
8.4275426e-29
8.9140059e-29
9.4252304e-29
9.962318e-29
1.0526413e-28
1.1118705e-28
1.1740427e-28
1.239286e-28
1.3077334e-28
1.3795228e-28
1.4547971e-28
1.5337046e-28
1.616399e-28
1.7030393e-28
1.7937906e-28
1.8888234e-28
1.9883145e-28
2.0924464e-28
2.2014084e-28
2.3153957e-28
2.4346103e-28
2.559261e-28
2.6895632e-28
2.8257397e-28
2.9680201e-28
3.1166416e-28
3.2718488e-28
3.4338942e-28
3.6030379e-28
3.7795485e-28
3.9637023e-28
4.1557847e-28
4.3560892e-28
4.5649186e-28
4.7825843e-28
5.0094074e-28
5.2457182e-28
5.4918566e-28
5.7481723e-28
6.0150249e-28
6.292784e-28
6.5818292e-28
6.8825499e-28
7.1953457e-28
7.5206253e-28
7.8588068e-28
8.2103162e-28
8.5755865e-28
8.9550558e-28
9.3491638e-28
9.7583475e-28
1.0183034e-27
1.0623627e-27
1.1080488e-27
1.1553901e-27
1.2044011e-27
1.2550731e-27
1.3073487e-27
1.3611416e-27
1.4159991e-27
4.2930945e-43
7.7347136e-42
7.7863523e-42
7.9704473e-42
8.3776053e-42
9.4133996e-42
1.1799559e-41
1.6708992e-41
2.5979207e-41
4.2403254e-41
7.0110151e-41
1.1505183e-40
1.8561895e-40
2.9341408e-40
4.5421808e-40
6.8919411e-40
1.0263862e-39
1.5025836e-39
2.1656396e-39
3.0773554e-39
4.3170648e-39
5.9860851e-39
8.2132345e-39
1.1161656e-38
1.5037234e-38
2.0098927e-38
2.6671424e-38
3.5160537e-38
4.6071867e-38
6.0033274e-38
7.7821796e-38
1.0039567e-37
1.2893222e-37
1.6487229e-37
2.0997214e-37
2.6636347e-37
3.3662251e-37
4.2384881e-37
5.3175469e-37
6.6476583e-37
8.2813383e-37
1.0280613e-36
1.2718402e-36
1.5680032e-36
1.9264897e-36
2.3588264e-36
2.8783219e-36
3.500278e-36
4.242216e-36
5.1241199e-36
6.1686974e-36
7.4016579e-36
8.8520114e-36
1.0552386e-35
1.2539367e-35
1.4853863e-35
1.7541491e-35
2.0652992e-35
2.4244676e-35
2.8378893e-35
3.3124547e-35
3.8557634e-35
4.4761828e-35
5.1829103e-35
5.9860402e-35
6.8966353e-35
7.9268031e-35
9.0897781e-35
1.0400009e-34
1.1873254e-34
1.3526676e-34
1.5378958e-34
1.7450407e-34
1.9763083e-34
2.2340928e-34
2.5209898e-34
2.8398116e-34
3.1936028e-34
3.5856566e-34
4.0195325e-34
4.4990752e-34
5.0284346e-34
5.6120864e-34
6.254855e-34
6.9619369e-34
7.7389258e-34
8.5918392e-34
9.5271463e-34
1.0551798e-33
1.1673258e-33
1.2899535e-33
1.423922e-33
1.570152e-33
1.7296298e-33
1.9034116e-33
2.0926274e-33
2.2984857e-33
2.5222782e-33
2.7653849e-33
3.0292791e-33
3.3155331e-33
3.6258235e-33
3.9619378e-33
4.3257801e-33
4.7193782e-33
5.1448898e-33
5.6046103e-33
6.1009799e-33
6.6365914e-33
7.2141984e-33
7.8367241e-33
8.5072694e-33
9.229123e-33
1.000577e-32
1.0840904e-32
1.1738434e-32
1.2702499e-32
1.3737477e-32
1.4847997e-32
1.6038954e-32
1.7315517e-32
1.8683148e-32
2.0147612e-32
2.1714992e-32
2.3391706e-32
2.5184524e-32
2.7100579e-32
2.9147391e-32
3.133288e-32
3.366539e-32
3.6153703e-32
3.8807062e-32
4.1635195e-32
4.4648334e-32
4.7857236e-32
5.1273216e-32
5.490816e-32
5.8774561e-32
6.2885543e-32
6.7254885e-32
7.1897056e-32
7.6827241e-32
8.2061374e-32
8.7616171e-32
9.3509162e-32
9.9758723e-32
1.0638412e-31
1.1340552e-31
1.2084408e-31
1.2872193e-31
1.3706223e-31
1.4588925e-31
1.5522834e-31
1.6510604e-31
1.7555008e-31
1.8658945e-31
1.9825443e-31
2.1057667e-31
2.2358919e-31
2.3732647e-31
2.5182449e-31
2.6712077e-31
2.8325446e-31
3.0026636e-31
3.18199e-31
3.370967e-31
3.5700562e-31
3.7797384e-31
4.000514e-31
4.2329042e-31
4.4774511e-31
4.7347188e-31
5.0052941e-31
5.2897871e-31
5.5888322e-31
5.9030888e-31
6.2332421e-31
6.5800039e-31
6.9441134e-31
7.3263382e-31
7.727475e-31
8.1483501e-31
8.5898207e-31
9.052775e-31
9.5381327e-31
1.0046846e-30
1.0579898e-30
1.1138303e-30
1.1723108e-30
1.2335383e-30
1.2976224e-30
1.3646738e-30
1.4348032e-30
1.5081182e-30
1.5847177e-30
1.6646802e-30
1.7480422e-30
1.8347446e-30
1.9246143e-30
2.0169593e-30
7.5508673e-45
2.768316e-43
4.4265472e-43
4.5575433e-43
4.5586618e-43
4.5468911e-43
4.5146949e-43
4.4733527e-43
4.4297425e-43
4.3884062e-43
4.353021e-43
4.3276504e-43
4.3178986e-43
4.3321117e-43
4.3828194e-43
4.488608e-43
4.676623e-43
4.9859376e-43
5.4720787e-43
6.2130825e-43
7.3175469e-43
8.9352776e-43
1.1271279e-42
1.4604028e-42
1.9309195e-42
2.5890239e-42
3.50176e-42
4.7578578e-42
6.4740315e-42
8.8028785e-42
1.1942706e-41
1.6149659e-41
2.1752582e-41
2.9171055e-41
3.8937144e-41
5.1721395e-41
6.8363652e-41
8.9909342e-41
1.1765185e-40
1.5318167e-40
1.9844305e-40
2.5579882e-40
3.2810426e-40
4.1879068e-40
5.3195963e-40
6.7248879e-40
8.4615022e-40
1.0597422e-39
1.3212362e-39
1.6399391e-39
2.0266736e-39
2.4939775e-39
3.0563231e-39
3.7303597e-39
4.5351806e-39
5.4926165e-39
6.6275587e-39
7.968314e-39
9.5469936e-39
1.1399941e-38
1.3568202e-38
1.6098032e-38
1.9041467e-38
2.2456928e-38
2.6409901e-38
3.0973664e-38
3.6230088e-38
4.2270509e-38
4.9196679e-38
5.7121795e-38
6.6171625e-38
7.6485727e-38
8.8218771e-38
1.0154198e-37
1.1664466e-37
1.3373595e-37
1.5304655e-37
1.7483076e-37
1.993686e-37
2.2696805e-37
2.579676e-37
2.9273885e-37
3.3168944e-37
3.7526608e-37
4.2395793e-37
4.7830011e-37
5.3887759e-37
6.0632924e-37
6.8135229e-37
7.6470701e-37
8.5722182e-37
9.5979863e-37
1.0734187e-36
1.1991486e-36
1.3381474e-36
1.4916727e-36
1.6610893e-36
1.8478763e-36
2.053636e-36
2.280103e-36
2.5291537e-36
2.8028166e-36
3.1032831e-36
3.4329194e-36
3.7942784e-36
4.1901128e-36
4.623389e-36
5.0973014e-36
5.6152885e-36
6.1810486e-36
6.7985575e-36
7.4720866e-36
8.2062227e-36
9.0058879e-36
9.8763615e-36
1.0823303e-35
1.1852776e-35
1.2971274e-35
1.4185745e-35
1.5503625e-35
1.6932863e-35
1.8481953e-35
2.015997e-35
2.1976603e-35
2.3942192e-35
2.6067766e-35
2.8365086e-35
3.0846687e-35
3.3525922e-35
3.6417012e-35
3.9535093e-35
4.2896273e-35
4.6517682e-35
5.0417534e-35
5.4615187e-35
5.9131208e-35
6.3987436e-35
6.9207059e-35
7.4814682e-35
8.0836407e-35
8.7299915e-35
9.4234548e-35
1.016714e-34
1.0964341e-34
1.1818545e-34
1.2733445e-34
1.3712948e-34
1.4761186e-34
1.5882529e-34
1.7081598e-34
1.8363273e-34
1.9732711e-34
2.1195357e-34
2.2756959e-34
2.4423583e-34
2.6201627e-34
2.8097838e-34
3.011933e-34
3.22736e-34
3.4568544e-34
3.701248e-34
3.9614166e-34
4.2382819e-34
4.5328136e-34
4.846032e-34
5.1790098e-34
5.532875e-34
5.9088128e-34
6.3080687e-34
6.731951e-34
7.1818334e-34
7.6591584e-34
8.1654399e-34
8.7022665e-34
9.2713047e-34
9.8743025e-34
1.0513092e-33
1.1189596e-33
1.1905826e-33
1.2663892e-33
1.3466005e-33
1.4314477e-33
1.5211731e-33
1.61603e-33
1.7162838e-33
1.8222115e-33
1.9341028e-33
2.0522603e-33
2.1769997e-33
2.30865e-33
2.4475534e-33
2.5940648e-33
2.7485508e-33
2.9113858e-33
3.0829445e-33
3.2635823e-33
3.4535875e-33
3.6530407e-33
3.8616191e-33
4.0782322e-33
1.6816365e-44
1.26794e-43
2.037e-43
2.3471451e-43
2.4265609e-43
2.4249126e-43
2.416909e-43
2.4062549e-43
2.3947701e-43
2.3833158e-43
2.3722463e-43
2.3616719e-43
2.3515965e-43
2.3419843e-43
2.3327905e-43
2.3239775e-43
2.3155209e-43
2.3074108e-43
2.2996538e-43
2.2922735e-43
2.2853153e-43
2.2788514e-43
2.2729909e-43
2.2678937e-43
2.2637903e-43
2.2610094e-43
2.260016e-43
2.2614627e-43
2.2662585e-43
2.2756595e-43
2.2913882e-43
2.3157868e-43
2.3520143e-43
2.4042959e-43
2.4782346e-43
2.5811986e-43
2.7227961e-43
2.915453e-43
3.1751081e-43
3.5220447e-43
3.981875e-43
4.5866994e-43
5.3764604e-43
6.4005179e-43
7.7194688e-43
9.4072437e-43
1.155351e-42
1.4266419e-42
1.767574e-42
2.1936421e-42
2.7232632e-42
3.3782349e-42
4.1842534e-42
5.1714994e-42
6.3752987e-42
7.8368667e-42
9.6041467e-42
1.1732753e-41
1.4287027e-41
1.7341227e-41
2.0980859e-41
2.5304162e-41
3.0423774e-41
3.6468592e-41
4.3585844e-41
5.1943392e-41
6.173231e-41
7.3169732e-41
8.6502021e-41
1.0200829e-40
1.2000427e-40
1.4084666e-40
1.6493785e-40
1.9273118e-40
2.2473673e-40
2.6152772e-40
3.0374754e-40
3.5211742e-40
4.0744501e-40
4.7063357e-40
5.4269229e-40
6.2474738e-40
7.1805437e-40
8.2401143e-40
9.44174e-40
1.0802707e-39
1.2342209e-39
1.4081532e-39
1.6044265e-39
1.8256524e-39
2.074719e-39
2.3548182e-39
2.6694735e-39
3.0225719e-39
3.4183969e-39
3.8616655e-39
4.3575671e-39
4.9118067e-39
5.5306502e-39
6.2209748e-39
6.9903218e-39
7.8469547e-39
8.7999212e-39
9.85912e-39
1.1035373e-38
1.2340501e-38
1.3787409e-38
1.5390174e-38
1.716414e-38
1.9126021e-38
2.1294013e-38
2.3687905e-38
2.6329213e-38
2.9241309e-38
3.244957e-38
3.5981525e-38
3.9867027e-38
4.4138424e-38
4.883075e-38
5.3981924e-38
5.9632962e-38
6.582821e-38
7.2615582e-38
8.0046823e-38
8.8177782e-38
9.706871e-38
1.0678457e-37
1.1739537e-37
1.2897651e-37
1.4160918e-37
1.5538074e-37
1.7038514e-37
1.867234e-37
2.0450405e-37
2.2384367e-37
2.4486741e-37
2.6770957e-37
2.9251418e-37
3.1943568e-37
3.4863956e-37
3.803031e-37
4.1461609e-37
4.5178167e-37
4.9201716e-37
5.3555493e-37
5.8264338e-37
6.3354788e-37
6.8855187e-37
7.4795791e-37
8.1208889e-37
8.812892e-37
9.5592608e-37
1.0363909e-36
1.1231007e-36
1.2164996e-36
1.3170602e-36
1.4252859e-36
1.5417117e-36
1.6669068e-36
1.8014761e-36
1.9460627e-36
2.1013494e-36
2.2680613e-36
2.4469682e-36
2.6388871e-36
2.8446844e-36
3.0652792e-36
3.3016457e-36
3.5548166e-36
3.8258857e-36
4.116012e-36
4.4264223e-36
4.7584157e-36
5.1133667e-36
5.4927297e-36
5.8980429e-36
6.3309329e-36
6.7931192e-36
7.286419e-36
7.8127522e-36
8.374147e-36
8.9727448e-36
9.6108063e-36
1.0290718e-35
1.1014996e-35
1.1786296e-35
1.2607416e-35
1.3481307e-35
1.4411076e-35
1.5399992e-35
1.6451493e-35
1.7569192e-35
1.8756869e-35
2.001846e-35
2.1358011e-35
2.2779527e-35
2.4286573e-35
2.5880824e-35
2.7560744e-35
2.9304863e-35
1.266111e-43
1.2680024e-43
1.6770782e-43
1.8138234e-43
1.8498536e-43
1.8499737e-43
1.8500931e-43
1.850215e-43
1.8503411e-43
1.8504722e-43
1.850609e-43
1.8507516e-43
1.8509004e-43
1.8510554e-43
1.8512169e-43
1.8513849e-43
1.8515598e-43
1.8517416e-43
1.8519306e-43
1.8521271e-43
1.8523314e-43
1.8525437e-43
1.8527644e-43
1.8529939e-43
1.853233e-43
1.8534823e-43
1.8537431e-43
1.8540172e-43
1.8543069e-43
1.8546158e-43
1.8549494e-43
1.8553151e-43
1.8557237e-43
1.8561905e-43
1.8567365e-43
1.8573911e-43
1.858194e-43
1.8591986e-43
1.8604765e-43
1.8621215e-43
1.8642566e-43
1.8670405e-43
1.8706767e-43
1.8754241e-43
1.8816085e-43
1.8896381e-43
1.90002e-43
1.9133803e-43
1.9304873e-43
1.9522788e-43
1.9798934e-43
2.0147073e-43
2.058376e-43
2.1128836e-43
2.1805986e-43
2.2643386e-43
2.3674451e-43
2.4938684e-43
2.6482657e-43
2.836113e-43
3.0638334e-43
3.3389427e-43
3.6702166e-43
4.0678795e-43
4.5438205e-43
5.1118378e-43
5.7879156e-43
6.5905381e-43
7.5410439e-43
8.6640266e-43
9.9877862e-43
1.1544837e-42
1.3372481e-42
1.5513448e-42
1.8016618e-42
2.0937829e-42
2.4340777e-42
2.8298035e-42
3.2892174e-42
3.8217024e-42
4.4379081e-42
5.1499064e-42
5.9713653e-42
6.9177419e-42
8.0064962e-42
9.2573285e-42
1.0692441e-41
1.2336831e-41
1.4218608e-41
1.636935e-41
1.8824495e-41
2.162377e-41
2.4811665e-41
2.8437956e-41
3.2558273e-41
3.7234733e-41
4.2536627e-41
4.8541173e-41
5.5334348e-41
6.3011786e-41
7.167977e-41
8.1456312e-41
9.2472324e-41
1.0487291e-40
1.1881878e-40
1.3448771e-40
1.5207631e-40
1.718017e-40
1.9390359e-40
2.186463e-40
2.4632115e-40
2.7724892e-40
3.1178259e-40
3.5031026e-40
3.9325833e-40
4.4109497e-40
4.9433385e-40
5.5353811e-40
6.1932481e-40
6.9236953e-40
7.7341151e-40
8.632591e-40
9.6279563e-40
1.0729859e-39
1.1948827e-39
1.3296347e-39
1.4784938e-39
1.6428242e-39
1.8241112e-39
2.023971e-39
2.2441618e-39
2.4865944e-39
2.753345e-39
3.0466678e-39
3.3690095e-39
3.7230235e-39
4.1115868e-39
4.5378163e-39
5.0050877e-39
5.5170551e-39
6.0776712e-39
6.6912108e-39
7.3622933e-39
8.0959094e-39
8.8974473e-39
9.7727216e-39
1.0728005e-38
1.177006e-38
1.2906173e-38
1.4144195e-38
1.5492577e-38
1.6960414e-38
1.8557489e-38
2.029432e-38
2.2182213e-38
2.4233311e-38
2.6460654e-38
2.8878241e-38
3.1501087e-38
3.4345298e-38
3.7428142e-38
4.0768121e-38
4.4385056e-38
4.8300173e-38
5.253619e-38
5.7117418e-38
6.2069862e-38
6.7421328e-38
7.3201538e-38
7.9442251e-38
8.6177394e-38
9.3443195e-38
1.0127833e-37
1.0972406e-37
1.1882444e-37
1.2862641e-37
1.3918005e-37
1.5053872e-37
1.627593e-37
1.7590238e-37
1.9003247e-37
2.0521828e-37
2.2153294e-37
2.3905426e-37
2.5786504e-37
2.7805335e-37
2.9971287e-37
3.2294316e-37
3.4785013e-37
3.7454631e-37
4.0315134e-37
4.3379239e-37
4.6660468e-37
5.0173197e-37
5.3932726e-37
5.7955348e-37
6.2258452e-37
6.6860608e-37
7.1782281e-37
7.7040784e-37
)
;

boundaryField
{
    inlet_drug
    {
        type            fixedValue;
        value           uniform 1;
    }
    inlet_medium
    {
        type            fixedValue;
        value           uniform 0;
    }
    outlet
    {
        type            zeroGradient;
    }
    walls
    {
        type            zeroGradient;
    }
    floor
    {
        type            zeroGradient;
    }
    frontAndBack
    {
        type            empty;
    }
}


// ************************************************************************* //
