/*--------------------------------*- C++ -*----------------------------------*\
| =========                 |                                                 |
| \\      /  F ield         | OpenFOAM: The Open Source CFD Toolbox           |
|  \\    /   O peration     | Version:  2406                                  |
|   \\  /    A nd           | Website:  www.openfoam.com                      |
|    \\/     M anipulation  |                                                 |
\*---------------------------------------------------------------------------*/
FoamFile
{
    version     2.0;
    format      ascii;
    arch        "LSB;label=32;scalar=64";
    class       volScalarField;
    location    "1881";
    object      T;
}
// * * * * * * * * * * * * * * * * * * * * * * * * * * * * * * * * * * * * * //

dimensions      [0 0 0 0 0 0 0];

internalField   nonuniform List<scalar> 
7600
(
0.99999684
0.99999684
0.99999684
0.99999684
0.99999684
0.99999684
0.99999684
0.99999684
0.99999684
0.99999684
0.99999684
0.99999684
0.99999684
0.99999684
0.99999684
0.99999684
0.99999684
0.99999684
0.99999684
0.99999684
0.99999683
0.99999678
0.99999668
0.99999653
0.99999633
0.99999607
0.99999573
0.99999528
0.99999486
0.99999434
0.9999936
0.99999306
0.99999253
0.99999202
0.99999153
0.99999106
0.99999062
0.99999022
0.99998987
0.99998956
0.99998929
0.99998907
0.99998889
0.99998875
0.99998865
0.99998859
0.99998856
0.99998856
0.99998856
0.99998856
0.99998856
0.99998856
0.99998856
0.99998856
0.99998856
0.99998855
0.99998855
0.99998855
0.99998855
0.99998855
0.99998855
0.99998855
0.99998855
0.99998855
0.99998855
0.99998855
0.99998855
0.99998855
0.99998855
0.99998855
0.99998855
0.99998855
0.99998855
0.99998855
0.99998855
0.99998855
0.99998855
0.99998854
0.99998854
0.99998854
0.99998854
0.99998854
0.99998854
0.99998854
0.99998854
0.99998854
0.99998854
0.99998854
0.99998854
0.99998854
0.99998854
0.99998854
0.99998854
0.99998854
0.99998854
0.99998854
0.99998853
0.99998853
0.99998853
0.99998853
0.99998853
0.99998853
0.99998853
0.99998853
0.99998853
0.99998853
0.99998853
0.99998853
0.99998853
0.99998853
0.99998853
0.99998853
0.99998852
0.99998852
0.99998852
0.99998852
0.99998852
0.99998852
0.99998852
0.99998852
0.99998852
0.99998852
0.99998852
0.99998852
0.99998852
0.99998852
0.99998851
0.99998851
0.99998851
0.99998851
0.99998851
0.99998851
0.99998851
0.99998851
0.99998851
0.99998851
0.99998851
0.99998851
0.99998851
0.9999885
0.9999885
0.9999885
0.9999885
0.9999885
0.9999885
0.9999885
0.9999885
0.9999885
0.9999885
0.9999885
0.9999885
0.99998849
0.99998849
0.99998849
0.99998849
0.99998849
0.99998849
0.99998849
0.99998849
0.99998849
0.99998849
0.99998849
0.99998848
0.99998848
0.99998848
0.99998848
0.99998848
0.99998848
0.99998848
0.99998848
0.99998848
0.99998847
0.99998847
0.99998847
0.99998847
0.99998847
0.99998847
0.99998847
0.99998847
0.99998847
0.99998846
0.99998846
0.99998846
0.99998846
0.99998846
0.99998846
0.99998846
0.99998846
0.99998846
0.99998845
0.99998845
0.99998845
0.99998845
0.99998845
0.99998845
0.99998845
0.99998844
0.99998844
0.99998844
0.99998844
0.99999727
0.99999737
0.99999748
0.99999758
0.99999767
0.99999775
0.99999782
0.99999789
0.99999796
0.99999803
0.99999809
0.99999816
0.99999822
0.99999829
0.99999836
0.99999842
0.99999848
0.99999853
0.99999857
0.99999856
0.99999851
0.99999842
0.99999827
0.99999806
0.99999779
0.99999743
0.99999697
0.99999599
0.99999522
0.99999434
0.99999336
0.9999923
0.99999117
0.99999001
0.99998882
0.99998765
0.99998651
0.99998542
0.9999844
0.99998347
0.99998263
0.9999819
0.99998127
0.99998075
0.99998033
0.99998001
0.99997978
0.99997964
0.99997959
0.9999796
0.99997963
0.99997966
0.99997969
0.99997973
0.99997977
0.99997981
0.99997986
0.9999799
0.99997995
0.99998
0.99998005
0.99998009
0.99998014
0.99998019
0.99998024
0.99998028
0.99998033
0.99998038
0.99998042
0.99998047
0.99998051
0.99998055
0.9999806
0.99998064
0.99998068
0.99998072
0.99998076
0.99998079
0.99998083
0.99998087
0.9999809
0.99998094
0.99998097
0.99998101
0.99998104
0.99998107
0.9999811
0.99998113
0.99998116
0.99998119
0.99998122
0.99998125
0.99998128
0.99998131
0.99998133
0.99998136
0.99998139
0.99998141
0.99998144
0.99998146
0.99998149
0.99998151
0.99998154
0.99998156
0.99998159
0.99998161
0.99998163
0.99998166
0.99998168
0.9999817
0.99998173
0.99998175
0.99998177
0.99998179
0.99998181
0.99998184
0.99998186
0.99998188
0.9999819
0.99998192
0.99998194
0.99998197
0.99998199
0.99998201
0.99998203
0.99998205
0.99998207
0.99998209
0.99998212
0.99998214
0.99998216
0.99998218
0.9999822
0.99998222
0.99998224
0.99998227
0.99998229
0.99998231
0.99998233
0.99998235
0.99998237
0.9999824
0.99998242
0.99998244
0.99998246
0.99998248
0.99998251
0.99998253
0.99998255
0.99998257
0.99998259
0.99998262
0.99998264
0.99998266
0.99998269
0.99998271
0.99998273
0.99998275
0.99998278
0.9999828
0.99998282
0.99998285
0.99998287
0.99998289
0.99998292
0.99998294
0.99998296
0.99998299
0.99998301
0.99998303
0.99998306
0.99998308
0.99998311
0.99998313
0.99998315
0.99998318
0.9999832
0.99998323
0.99998325
0.99998327
0.9999833
0.99998332
0.99998335
0.99998337
0.99998339
0.99998342
0.99998344
0.99998346
0.99998349
0.99998351
0.99998353
0.99998356
0.99998358
0.9999836
0.99998363
0.99998365
0.99998367
0.9999837
0.99998373
0.99998378
0.99999754
0.99999772
0.9999979
0.99999805
0.99999818
0.9999983
0.99999841
0.9999985
0.9999986
0.99999869
0.99999878
0.99999886
0.99999895
0.99999903
0.9999991
0.99999917
0.99999922
0.99999925
0.99999925
0.99999923
0.9999992
0.99999913
0.999999
0.99999868
0.99999829
0.99999773
0.99999697
0.99999597
0.9999947
0.99999316
0.99999135
0.99998928
0.99998698
0.9999845
0.99998189
0.9999792
0.99997649
0.99997383
0.99997125
0.99996882
0.99996657
0.99996452
0.99996271
0.99996113
0.99995981
0.99995873
0.9999579
0.99995729
0.9999569
0.99995672
0.99995676
0.99995684
0.99995696
0.9999571
0.99995726
0.99995744
0.99995764
0.99995785
0.99995806
0.99995829
0.99995852
0.99995875
0.99995899
0.99995922
0.99995946
0.9999597
0.99995994
0.99996017
0.9999604
0.99996063
0.99996085
0.99996107
0.99996129
0.99996151
0.99996172
0.99996192
0.99996212
0.99996232
0.99996251
0.9999627
0.99996289
0.99996307
0.99996325
0.99996342
0.99996359
0.99996376
0.99996393
0.99996409
0.99996424
0.9999644
0.99996455
0.9999647
0.99996484
0.99996498
0.99996512
0.99996526
0.9999654
0.99996553
0.99996566
0.99996579
0.99996592
0.99996604
0.99996616
0.99996628
0.9999664
0.99996652
0.99996664
0.99996676
0.99996687
0.99996698
0.99996709
0.99996721
0.99996731
0.99996742
0.99996753
0.99996764
0.99996774
0.99996785
0.99996796
0.99996806
0.99996816
0.99996827
0.99996837
0.99996847
0.99996857
0.99996867
0.99996877
0.99996887
0.99996897
0.99996907
0.99996917
0.99996927
0.99996937
0.99996947
0.99996957
0.99996967
0.99996977
0.99996986
0.99996996
0.99997006
0.99997016
0.99997026
0.99997035
0.99997045
0.99997055
0.99997065
0.99997075
0.99997084
0.99997094
0.99997104
0.99997114
0.99997124
0.99997133
0.99997143
0.99997153
0.99997163
0.99997173
0.99997183
0.99997192
0.99997202
0.99997212
0.99997222
0.99997232
0.99997242
0.99997251
0.99997261
0.99997271
0.99997281
0.99997291
0.999973
0.9999731
0.9999732
0.9999733
0.99997339
0.99997349
0.99997359
0.99997368
0.99997378
0.99997388
0.99997397
0.99997407
0.99997416
0.99997426
0.99997435
0.99997444
0.99997454
0.99997463
0.99997472
0.99997481
0.99997491
0.999975
0.99997509
0.99997518
0.99997527
0.99997535
0.99997544
0.99997553
0.99997563
0.99997573
0.99997585
0.99999773
0.99999796
0.99999817
0.99999834
0.99999848
0.9999986
0.9999987
0.9999988
0.99999888
0.99999895
0.99999902
0.99999908
0.99999913
0.99999917
0.99999919
0.99999922
0.99999924
0.99999928
0.9999993
0.99999931
0.99999928
0.99999919
0.999999
0.99999866
0.99999809
0.99999722
0.99999596
0.99999422
0.99999193
0.99998903
0.9999855
0.99998134
0.99997659
0.99997132
0.99996563
0.99995964
0.99995348
0.99994728
0.99994118
0.99993529
0.99992972
0.99992457
0.99991989
0.99991574
0.99991216
0.99990916
0.99990673
0.99990487
0.99990355
0.99990273
0.99990239
0.99990251
0.99990274
0.99990307
0.99990349
0.99990398
0.99990453
0.99990513
0.99990578
0.99990646
0.99990717
0.9999079
0.99990865
0.99990941
0.99991018
0.99991095
0.99991172
0.99991249
0.99991326
0.99991402
0.99991477
0.99991551
0.99991625
0.99991697
0.99991768
0.99991837
0.99991906
0.99991973
0.99992039
0.99992103
0.99992166
0.99992228
0.99992289
0.99992348
0.99992406
0.99992463
0.99992519
0.99992574
0.99992627
0.99992679
0.99992731
0.99992781
0.9999283
0.99992878
0.99992926
0.99992972
0.99993018
0.99993063
0.99993107
0.9999315
0.99993193
0.99993234
0.99993276
0.99993316
0.99993356
0.99993395
0.99993434
0.99993473
0.9999351
0.99993548
0.99993585
0.99993621
0.99993657
0.99993693
0.99993728
0.99993763
0.99993797
0.99993831
0.99993865
0.99993899
0.99993932
0.99993965
0.99993998
0.99994031
0.99994063
0.99994095
0.99994127
0.99994159
0.99994191
0.99994222
0.99994253
0.99994284
0.99994315
0.99994346
0.99994377
0.99994407
0.99994438
0.99994468
0.99994499
0.99994529
0.99994559
0.99994589
0.99994619
0.99994649
0.99994678
0.99994708
0.99994738
0.99994767
0.99994797
0.99994826
0.99994855
0.99994885
0.99994914
0.99994943
0.99994972
0.99995001
0.9999503
0.99995059
0.99995088
0.99995116
0.99995145
0.99995174
0.99995202
0.99995231
0.99995259
0.99995287
0.99995315
0.99995343
0.99995371
0.99995399
0.99995427
0.99995455
0.99995482
0.9999551
0.99995537
0.99995565
0.99995592
0.99995619
0.99995645
0.99995672
0.99995699
0.99995725
0.99995751
0.99995777
0.99995803
0.99995829
0.99995854
0.9999588
0.99995905
0.99995929
0.99995954
0.99995979
0.99996003
0.99996027
0.99996051
0.99996075
0.99996099
0.99996123
0.99996147
0.99996175
0.99999788
0.99999812
0.99999833
0.9999985
0.99999862
0.99999873
0.99999881
0.99999888
0.99999894
0.99999899
0.99999903
0.99999906
0.99999907
0.99999909
0.99999913
0.99999918
0.99999923
0.99999928
0.99999931
0.99999931
0.99999925
0.99999908
0.99999872
0.99999806
0.99999695
0.99999524
0.9999927
0.99998916
0.99998442
0.99997833
0.9999708
0.99996181
0.99995141
0.99993973
0.99992696
0.99991335
0.99989918
0.99988476
0.9998704
0.99985638
0.99984297
0.99983041
0.99981888
0.99980852
0.99979945
0.99979171
0.99978533
0.99978031
0.9997766
0.99977413
0.99977284
0.99977269
0.99977309
0.99977379
0.99977474
0.99977592
0.9997773
0.99977885
0.99978054
0.99978236
0.99978427
0.99978627
0.99978834
0.99979045
0.99979261
0.99979479
0.99979698
0.99979918
0.99980138
0.99980357
0.99980574
0.9998079
0.99981003
0.99981214
0.99981422
0.99981626
0.99981828
0.99982025
0.9998222
0.9998241
0.99982597
0.9998278
0.9998296
0.99983136
0.99983308
0.99983477
0.99983642
0.99983804
0.99983962
0.99984117
0.99984269
0.99984418
0.99984564
0.99984706
0.99984847
0.99984984
0.99985119
0.99985251
0.9998538
0.99985508
0.99985633
0.99985755
0.99985876
0.99985995
0.99986112
0.99986226
0.9998634
0.99986451
0.99986561
0.99986669
0.99986775
0.9998688
0.99986984
0.99987087
0.99987188
0.99987288
0.99987386
0.99987484
0.9998758
0.99987676
0.99987771
0.99987864
0.99987957
0.99988049
0.9998814
0.9998823
0.99988319
0.99988408
0.99988496
0.99988583
0.9998867
0.99988756
0.99988842
0.99988927
0.99989011
0.99989095
0.99989178
0.99989261
0.99989344
0.99989426
0.99989507
0.99989588
0.99989669
0.99989749
0.99989829
0.99989908
0.99989987
0.99990066
0.99990144
0.99990222
0.999903
0.99990377
0.99990454
0.99990531
0.99990607
0.99990683
0.99990758
0.99990834
0.99990908
0.99990983
0.99991057
0.99991131
0.99991204
0.99991277
0.9999135
0.99991422
0.99991494
0.99991566
0.99991637
0.99991707
0.99991778
0.99991848
0.99991917
0.99991986
0.99992054
0.99992122
0.9999219
0.99992257
0.99992324
0.9999239
0.99992455
0.9999252
0.99992585
0.99992649
0.99992712
0.99992775
0.99992837
0.99992899
0.9999296
0.9999302
0.9999308
0.99993139
0.99993198
0.99993255
0.99993313
0.9999337
0.99993426
0.99993482
0.99993538
0.99993597
0.99999797
0.99999821
0.9999984
0.99999853
0.99999864
0.99999873
0.99999879
0.99999884
0.99999887
0.9999989
0.99999894
0.99999899
0.99999905
0.99999912
0.99999919
0.99999926
0.99999933
0.99999937
0.99999938
0.99999931
0.99999911
0.99999864
0.99999775
0.99999619
0.99999363
0.99998967
0.99998387
0.99997578
0.99996495
0.99995104
0.99993381
0.99991318
0.99988923
0.99986223
0.9998326
0.99980088
0.99976771
0.99973378
0.99969981
0.99966648
0.99963443
0.9996042
0.99957628
0.99955103
0.99952872
0.99950952
0.99949352
0.99948071
0.99947104
0.99946438
0.99946057
0.99945939
0.99946008
0.99946156
0.99946376
0.99946659
0.99946997
0.99947384
0.99947812
0.99948277
0.99948772
0.99949292
0.99949833
0.9995039
0.9995096
0.9995154
0.99952127
0.99952717
0.99953309
0.99953901
0.99954491
0.99955077
0.99955658
0.99956234
0.99956803
0.99957364
0.99957917
0.99958462
0.99958998
0.99959524
0.9996004
0.99960547
0.99961045
0.99961532
0.9996201
0.99962478
0.99962937
0.99963386
0.99963826
0.99964257
0.99964679
0.99965093
0.99965498
0.99965894
0.99966283
0.99966664
0.99967037
0.99967404
0.99967763
0.99968115
0.9996846
0.999688
0.99969133
0.9996946
0.99969781
0.99970097
0.99970408
0.99970713
0.99971014
0.99971309
0.99971601
0.99971887
0.9997217
0.99972448
0.99972723
0.99972994
0.99973261
0.99973524
0.99973785
0.99974042
0.99974296
0.99974546
0.99974795
0.9997504
0.99975282
0.99975522
0.9997576
0.99975995
0.99976228
0.99976458
0.99976686
0.99976913
0.99977137
0.99977359
0.9997758
0.99977798
0.99978015
0.9997823
0.99978443
0.99978655
0.99978865
0.99979073
0.9997928
0.99979485
0.99979689
0.99979892
0.99980093
0.99980293
0.99980491
0.99980688
0.99980884
0.99981078
0.99981271
0.99981462
0.99981653
0.99981842
0.9998203
0.99982216
0.99982401
0.99982585
0.99982768
0.99982949
0.9998313
0.99983308
0.99983486
0.99983662
0.99983837
0.9998401
0.99984182
0.99984353
0.99984522
0.9998469
0.99984857
0.99985022
0.99985186
0.99985348
0.99985509
0.99985668
0.99985826
0.99985982
0.99986137
0.9998629
0.99986441
0.99986591
0.99986739
0.99986886
0.99987031
0.99987174
0.99987315
0.99987455
0.99987593
0.99987729
0.99987864
0.99987997
0.99988128
0.99988258
0.99988386
0.99988513
0.99988638
0.99988765
0.99999802
0.99999821
0.99999838
0.99999846
0.99999852
0.9999986
0.9999987
0.9999988
0.9999989
0.999999
0.99999909
0.99999919
0.99999928
0.99999936
0.99999943
0.99999949
0.99999953
0.99999952
0.99999941
0.9999991
0.99999841
0.99999706
0.99999462
0.99999049
0.9999839
0.99997391
0.9999595
0.99993962
0.99991329
0.99987974
0.99983846
0.9997893
0.99973248
0.99966863
0.99959872
0.99952401
0.99944596
0.99936617
0.99928625
0.99920777
0.99913219
0.9990608
0.99899466
0.99893466
0.99888141
0.99883534
0.99879667
0.99876541
0.99874145
0.99872453
0.9987143
0.99871032
0.99871148
0.9987147
0.99871977
0.99872649
0.99873468
0.99874415
0.99875475
0.99876631
0.9987787
0.99879179
0.99880546
0.9988196
0.99883412
0.99884893
0.99886395
0.99887911
0.99889436
0.99890963
0.99892489
0.99894009
0.99895519
0.99897016
0.99898499
0.99899964
0.99901411
0.99902836
0.9990424
0.99905621
0.99906979
0.99908313
0.99909622
0.99910907
0.99912167
0.99913403
0.99914614
0.99915801
0.99916964
0.99918103
0.9991922
0.99920314
0.99921385
0.99922435
0.99923463
0.99924471
0.99925459
0.99926427
0.99927377
0.99928308
0.99929221
0.99930117
0.99930996
0.99931858
0.99932705
0.99933537
0.99934354
0.99935158
0.99935947
0.99936723
0.99937486
0.99938237
0.99938976
0.99939704
0.9994042
0.99941126
0.99941821
0.99942506
0.99943181
0.99943848
0.99944505
0.99945153
0.99945793
0.99946425
0.99947049
0.99947665
0.99948273
0.99948875
0.9994947
0.99950057
0.99950639
0.99951214
0.99951782
0.99952345
0.99952902
0.99953453
0.99953998
0.99954539
0.99955074
0.99955603
0.99956128
0.99956648
0.99957163
0.99957673
0.99958178
0.99958679
0.99959175
0.99959667
0.99960155
0.99960638
0.99961117
0.99961592
0.99962062
0.99962529
0.99962991
0.99963449
0.99963904
0.99964354
0.999648
0.99965242
0.9996568
0.99966114
0.99966544
0.9996697
0.99967393
0.99967811
0.99968225
0.99968635
0.99969041
0.99969443
0.99969841
0.99970235
0.99970625
0.9997101
0.99971392
0.99971769
0.99972142
0.99972511
0.99972876
0.99973236
0.99973592
0.99973944
0.99974291
0.99974634
0.99974973
0.99975307
0.99975637
0.99975962
0.99976282
0.99976598
0.9997691
0.99977217
0.9997752
0.99977818
0.99978111
0.999784
0.99978685
0.99978966
0.99979242
0.99979518
0.99999861
0.99999871
0.99999885
0.99999897
0.99999909
0.9999992
0.99999929
0.99999937
0.99999945
0.99999952
0.99999958
0.99999964
0.99999969
0.99999973
0.99999976
0.99999976
0.99999969
0.99999947
0.99999895
0.99999781
0.99999557
0.99999144
0.9999843
0.99997264
0.99995457
0.9999279
0.9998903
0.99983944
0.99977329
0.99969029
0.99958956
0.99947103
0.99933549
0.99918456
0.99902061
0.9988466
0.99866589
0.99848205
0.99829865
0.99811916
0.9979467
0.99778405
0.9976335
0.99749689
0.99737554
0.9972703
0.99718161
0.9971095
0.99705369
0.9970136
0.99698847
0.99697734
0.99697905
0.9969858
0.99699711
0.99701252
0.99703159
0.99705389
0.99707901
0.9971066
0.9971363
0.9971678
0.99720081
0.99723507
0.99727033
0.99730639
0.99734304
0.99738013
0.99741748
0.99745497
0.99749248
0.99752991
0.99756716
0.99760415
0.99764083
0.99767712
0.99771299
0.99774839
0.99778328
0.99781765
0.99785148
0.99788473
0.99791741
0.99794951
0.99798101
0.99801193
0.99804226
0.99807199
0.99810115
0.99812974
0.99815775
0.99818521
0.99821213
0.9982385
0.99826435
0.99828969
0.99831453
0.99833887
0.99836275
0.99838615
0.99840911
0.99843163
0.99845373
0.99847541
0.99849669
0.99851758
0.9985381
0.99855825
0.99857805
0.9985975
0.99861663
0.99863543
0.99865392
0.99867211
0.99869
0.99870761
0.99872495
0.99874203
0.99875884
0.99877541
0.99879173
0.99880782
0.99882368
0.99883932
0.99885475
0.99886997
0.99888499
0.99889981
0.99891444
0.99892888
0.99894314
0.99895723
0.99897115
0.9989849
0.99899848
0.99901191
0.99902518
0.9990383
0.99905127
0.9990641
0.99907678
0.99908933
0.99910173
0.99911401
0.99912615
0.99913816
0.99915004
0.99916179
0.99917342
0.99918493
0.99919632
0.99920759
0.99921873
0.99922977
0.99924068
0.99925148
0.99926216
0.99927274
0.99928319
0.99929354
0.99930377
0.9993139
0.99932391
0.99933381
0.9993436
0.99935328
0.99936285
0.99937231
0.99938166
0.9993909
0.99940003
0.99940905
0.99941796
0.99942676
0.99943545
0.99944403
0.99945249
0.99946085
0.9994691
0.99947723
0.99948525
0.99949316
0.99950096
0.99950865
0.99951622
0.99952369
0.99953104
0.99953827
0.9995454
0.99955241
0.9995593
0.99956609
0.99957276
0.99957933
0.99958578
0.99959212
0.99959835
0.99960447
0.99961047
0.9996164
1
1
1
1
1
1
1
1
1
1
1
1
0.99999999
0.99999997
0.99999991
0.99999975
0.99999934
0.99999838
0.99999635
0.9999923
0.99998477
0.99997159
0.9999498
0.99991561
0.99986454
0.99979162
0.99969182
0.99956045
0.99939368
0.99918895
0.99894533
0.99866369
0.99834669
0.99799868
0.99762541
0.99723367
0.99683087
0.99642468
0.99602258
0.99563162
0.99525813
0.99490753
0.99458429
0.99429182
0.99403256
0.99380798
0.9936187
0.99346459
0.99334487
0.99325827
0.99320309
0.99317732
0.99317904
0.99319199
0.99321515
0.99324752
0.99328815
0.99333611
0.99339055
0.99345066
0.9935157
0.99358496
0.99365782
0.99373367
0.993812
0.99389232
0.9939742
0.99405725
0.99414112
0.9942255
0.99431012
0.99439473
0.99447913
0.99456312
0.99464656
0.99472929
0.99481121
0.99489222
0.99497223
0.99505117
0.99512898
0.99520563
0.99528107
0.99535529
0.99542826
0.99549997
0.99557042
0.99563961
0.99570754
0.99577423
0.99583968
0.9959039
0.99596693
0.99602877
0.99608944
0.99614898
0.9962074
0.99626472
0.99632098
0.99637619
0.99643039
0.99648359
0.99653583
0.99658712
0.9966375
0.99668699
0.99673561
0.99678339
0.99683035
0.99687651
0.99692191
0.99696655
0.99701046
0.99705366
0.99709617
0.99713802
0.99717922
0.99721978
0.99725973
0.99729909
0.99733786
0.99737608
0.99741374
0.99745087
0.99748749
0.99752359
0.99755921
0.99759435
0.99762901
0.99766323
0.99769699
0.99773033
0.99776324
0.99779574
0.99782783
0.99785952
0.99789083
0.99792176
0.99795231
0.9979825
0.99801233
0.99804181
0.99807094
0.99809973
0.99812819
0.99815632
0.99818412
0.99821161
0.99823877
0.99826563
0.99829217
0.99831841
0.99834435
0.99836999
0.99839533
0.99842038
0.99844514
0.99846961
0.99849379
0.99851768
0.99854129
0.99856462
0.99858767
0.99861043
0.99863292
0.99865512
0.99867705
0.99869871
0.99872008
0.99874118
0.998762
0.99878255
0.99880283
0.99882283
0.99884255
0.998862
0.99888118
0.99890008
0.99891871
0.99893706
0.99895514
0.99897295
0.99899048
0.99900774
0.99902473
0.99904144
0.99905788
0.99907405
0.99908995
0.99910558
0.99912093
0.99913602
0.99915084
0.99916539
0.99917967
0.99919369
0.99920744
0.99922093
0.99923413
0.9992471
1
1
1
1
1
1
1
1
1
1
1
0.99999999
0.99999995
0.99999983
0.99999951
0.99999869
0.99999678
0.99999269
0.99998455
0.99996941
0.9999429
0.99989903
0.99983013
0.99972703
0.99957954
0.99937716
0.99910999
0.99876972
0.99835053
0.99784979
0.9972685
0.99661135
0.99588654
0.99510523
0.99428086
0.99342835
0.99256328
0.99170114
0.99085663
0.99004315
0.98927244
0.98855429
0.98789649
0.98730478
0.98678299
0.98633315
0.98595572
0.9856498
0.98541333
0.98524337
0.98513627
0.98508786
0.98508928
0.98511568
0.98516483
0.98523457
0.98532278
0.98542746
0.9855467
0.98567871
0.98582183
0.9859745
0.9861353
0.98630292
0.98647619
0.98665401
0.98683542
0.98701954
0.9872056
0.98739289
0.98758081
0.98776882
0.98795643
0.98814323
0.98832886
0.98851302
0.98869543
0.98887588
0.98905417
0.98923015
0.98940369
0.9895747
0.98974307
0.98990877
0.99007175
0.99023198
0.99038944
0.99054414
0.99069608
0.99084528
0.99099176
0.99113555
0.9912767
0.99141524
0.99155121
0.99168466
0.99181564
0.9919442
0.9920704
0.99219428
0.9923159
0.99243531
0.99255258
0.99266774
0.99278087
0.992892
0.99300119
0.9931085
0.99321397
0.99331765
0.9934196
0.99351985
0.99361845
0.99371546
0.99381091
0.99390484
0.9939973
0.99408832
0.99417794
0.99426621
0.99435315
0.9944388
0.99452319
0.99460636
0.99468834
0.99476915
0.99484882
0.99492739
0.99500488
0.99508131
0.9951567
0.99523109
0.99530449
0.99537693
0.99544841
0.99551898
0.99558863
0.99565739
0.99572528
0.99579231
0.9958585
0.99592386
0.9959884
0.99605215
0.9961151
0.99617728
0.99623869
0.99629934
0.99635924
0.99641841
0.99647685
0.99653457
0.99659158
0.99664787
0.99670347
0.99675838
0.9968126
0.99686614
0.996919
0.99697119
0.99702271
0.99707356
0.99712376
0.9971733
0.99722219
0.99727042
0.99731801
0.99736496
0.99741126
0.99745692
0.99750194
0.99754632
0.99759007
0.99763318
0.99767567
0.99771752
0.99775874
0.99779934
0.99783931
0.99787865
0.99791738
0.99795548
0.99799296
0.99802982
0.99806607
0.9981017
0.99813671
0.99817112
0.99820491
0.9982381
0.99827068
0.99830266
0.99833404
0.99836483
0.99839501
0.99842461
0.99845361
0.99848202
0.99850983
0.99853702
1
1
1
1
1
1
1
1
1
0.99999999
0.99999997
0.99999989
0.99999963
0.99999891
0.99999707
0.99999285
0.99998391
0.99996628
0.99993382
0.99987756
0.99978537
0.99964187
0.99942889
0.99912638
0.99871387
0.99817221
0.99748539
0.99664229
0.99563792
0.99447424
0.99316023
0.99171151
0.99014931
0.98849925
0.98678979
0.98505075
0.9833119
0.98160165
0.97994613
0.9783684
0.97688801
0.97552076
0.97427866
0.97317007
0.97219995
0.97137021
0.97068009
0.97012657
0.9697048
0.96940845
0.96923011
0.96916158
0.96916747
0.96922438
0.96932779
0.9694733
0.96965665
0.96987378
0.9701208
0.97039409
0.97069024
0.97100612
0.97133882
0.97168568
0.97204427
0.97241239
0.97278806
0.97316949
0.97355507
0.97394338
0.97433317
0.9747233
0.97511281
0.97550082
0.97588661
0.97626952
0.976649
0.97702459
0.97739588
0.97776255
0.97812432
0.97848098
0.97883236
0.97917832
0.97951877
0.97985364
0.9801829
0.98050654
0.98082457
0.98113701
0.9814439
0.9817453
0.98204128
0.98233192
0.98261729
0.98289749
0.98317261
0.98344276
0.98370802
0.98396852
0.98422436
0.98447563
0.98472246
0.98496493
0.98520317
0.98543728
0.98566736
0.9858935
0.98611582
0.98633441
0.98654937
0.98676079
0.98696875
0.98717336
0.9873747
0.98757285
0.98776789
0.9879599
0.98814897
0.98833515
0.98851854
0.98869918
0.98887716
0.98905253
0.98922535
0.9893957
0.98956361
0.98972916
0.98989239
0.99005335
0.99021209
0.99036866
0.9905231
0.99067546
0.99082578
0.9909741
0.99112044
0.99126486
0.99140739
0.99154805
0.99168687
0.9918239
0.99195915
0.99209266
0.99222444
0.99235453
0.99248294
0.9926097
0.99273483
0.99285835
0.99298027
0.99310062
0.99321941
0.99333665
0.99345236
0.99356656
0.99367926
0.99379046
0.99390019
0.99400845
0.99411525
0.9942206
0.99432451
0.994427
0.99452806
0.9946277
0.99472594
0.99482278
0.99491822
0.99501227
0.99510494
0.99519623
0.99528616
0.99537471
0.9954619
0.99554774
0.99563223
0.99571537
0.99579716
0.99587762
0.99595675
0.99603455
0.99611103
0.99618619
0.99626005
0.99633259
0.99640384
0.99647379
0.99654245
0.99660983
0.99667593
0.99674077
0.99680434
0.99686665
0.99692772
0.99698753
0.99704611
0.99710345
0.99715956
0.99721428
1
1
1
1
1
1
1
1
0.99999999
0.99999993
0.99999974
0.9999991
0.9999973
0.99999283
0.99998268
0.99996155
0.99992077
0.99984717
0.99972216
0.99952123
0.99921417
0.99876617
0.99813982
0.99729791
0.99620657
0.99483853
0.99317589
0.99121217
0.9889533
0.98641764
0.98363498
0.98064474
0.97749371
0.97423341
0.97091756
0.96759964
0.96433078
0.9611581
0.95812346
0.95526262
0.95260486
0.95017289
0.947983
0.94604554
0.94436541
0.94294273
0.9417735
0.94085029
0.94016292
0.93969907
0.93944483
0.93938522
0.93941976
0.93955256
0.93977485
0.94007807
0.94045392
0.94089449
0.94139226
0.94194021
0.94253176
0.94316084
0.94382184
0.94450965
0.9452196
0.94594747
0.94668945
0.9474421
0.94820238
0.94896757
0.94973524
0.95050328
0.95126982
0.95203322
0.95279208
0.95354517
0.95429145
0.95503003
0.95576017
0.95648123
0.95719272
0.95789422
0.9585854
0.95926603
0.95993593
0.96059498
0.96124311
0.96188031
0.96250659
0.96312202
0.96372668
0.96432067
0.96490412
0.96547719
0.96604003
0.96659282
0.96713574
0.96766897
0.96819273
0.9687072
0.96921259
0.96970911
0.97019695
0.97067633
0.97114743
0.97161048
0.97206565
0.97251315
0.97295317
0.97338589
0.9738115
0.97423017
0.97464209
0.97504742
0.97544632
0.97583895
0.97622548
0.97660605
0.97698081
0.97734989
0.97771343
0.97807158
0.97842444
0.97877215
0.97911482
0.97945256
0.97978549
0.98011371
0.98043732
0.98075642
0.9810711
0.98138144
0.98168754
0.98198948
0.98228733
0.98258117
0.98287107
0.9831571
0.98343932
0.98371781
0.98399261
0.98426379
0.98453139
0.98479548
0.98505609
0.98531328
0.9855671
0.98581757
0.98606475
0.98630867
0.98654936
0.98678687
0.98702122
0.98725244
0.98748057
0.98770563
0.98792765
0.98814664
0.98836265
0.98857567
0.98878575
0.9889929
0.98919713
0.98939846
0.98959692
0.98979251
0.98998526
0.99017517
0.99036226
0.99054656
0.99072806
0.99090678
0.99108273
0.99125593
0.99142639
0.99159412
0.99175913
0.99192143
0.99208104
0.99223797
0.99239223
0.99254382
0.99269277
0.99283909
0.99298278
0.99312387
0.99326236
0.99339827
0.99353161
0.9936624
0.99379065
0.99391638
0.99403959
0.99416031
0.99427855
0.99439432
0.99450764
0.9946185
0.994727
0.99483263
1
1
1
1
1
1
1
0.99999997
0.99999983
0.99999929
0.99999754
0.99999265
0.99998066
0.99995415
0.99990049
0.99979998
0.99962402
0.99933401
0.99888125
0.99820822
0.99725139
0.99594539
0.99422799
0.99204549
0.98935766
0.98614171
0.98239482
0.97813504
0.97340058
0.96824766
0.96274731
0.95698149
0.95103889
0.94501086
0.93898759
0.93305495
0.92729189
0.92176855
0.91654511
0.91167111
0.90718544
0.90311662
0.89948349
0.89629601
0.89355634
0.8912598
0.88939601
0.88794991
0.88690267
0.88623267
0.8859162
0.88591595
0.88604756
0.88635987
0.88683638
0.88746097
0.88821812
0.88909302
0.89007167
0.89114097
0.89228874
0.8935037
0.89477553
0.89609479
0.89745289
0.89884209
0.90025541
0.90168661
0.90313012
0.90458099
0.90603486
0.90748789
0.90893671
0.91037841
0.91181045
0.91323066
0.91463718
0.91602846
0.91740316
0.91876023
0.92009876
0.92141807
0.9227176
0.92399697
0.92525588
0.92649416
0.92771174
0.92890861
0.93008486
0.9312406
0.93237602
0.93349135
0.93458685
0.93566282
0.93671957
0.93775744
0.93877679
0.93977797
0.94076138
0.94172738
0.94267636
0.94360872
0.94452483
0.94542508
0.94630986
0.94717952
0.94803446
0.94887503
0.94970159
0.95051448
0.95131406
0.95210065
0.95287458
0.95363616
0.9543857
0.9551235
0.95584985
0.95656502
0.95726928
0.9579629
0.95864613
0.95931921
0.95998237
0.96063585
0.96127985
0.96191459
0.96254027
0.96315708
0.96376521
0.96436484
0.96495614
0.96553927
0.9661144
0.96668166
0.96724121
0.96779318
0.96833771
0.96887493
0.96940494
0.96992788
0.97044384
0.97095294
0.97145528
0.97195094
0.97244002
0.97292261
0.97339879
0.97386863
0.97433222
0.97478962
0.9752409
0.97568612
0.97612534
0.97655863
0.97698603
0.9774076
0.97782338
0.97823342
0.97863778
0.97903648
0.97942957
0.97981708
0.98019906
0.98057553
0.98094654
0.9813121
0.98167226
0.98202704
0.98237647
0.98272057
0.98305937
0.98339291
0.98372119
0.98404426
0.98436212
0.98467482
0.98498236
0.98528478
0.9855821
0.98587434
0.98616153
0.9864437
0.98672086
0.98699305
0.98726029
0.98752261
0.98778003
0.98803259
0.98828031
0.98852322
0.98876135
0.98899472
0.98922338
0.98944734
0.98966663
0.98988129
0.99009136
0.99029679
0.99049791
0.99069351
1
1
1
1
1
0.99999999
0.99999993
0.99999955
0.99999791
0.99999252
0.99997768
0.99994224
0.99986662
0.99971959
0.99945543
0.99901197
0.99831042
0.99725732
0.99574877
0.99367675
0.9909368
0.98743629
0.98310226
0.97788786
0.97177693
0.96478606
0.95696436
0.94839086
0.93917025
0.92942719
0.91930009
0.90893464
0.89847771
0.88807194
0.8778512
0.86793718
0.85843692
0.84944146
0.84102525
0.83324638
0.82614733
0.81975611
0.81408776
0.80914586
0.80492419
0.80140828
0.79857692
0.79640353
0.79485742
0.79390484
0.79351004
0.79352385
0.79388597
0.79456649
0.79553577
0.79676494
0.79822621
0.79989313
0.80174079
0.80374584
0.80588664
0.80814321
0.81049723
0.81293199
0.81543236
0.81798464
0.82057656
0.82319713
0.82583656
0.82848619
0.83113837
0.83378641
0.83642444
0.83904739
0.84165086
0.84423112
0.84678496
0.84930971
0.85180313
0.85426339
0.85668902
0.85907886
0.86143201
0.86374786
0.86602596
0.86826608
0.87046816
0.87263224
0.87475852
0.87684728
0.8788989
0.88091384
0.8828926
0.88483575
0.88674389
0.88861766
0.89045773
0.89226478
0.89403951
0.89578263
0.89749484
0.89917686
0.90082941
0.90245317
0.90404886
0.90561716
0.90715875
0.90867429
0.91016443
0.91162982
0.91307106
0.91448877
0.91588354
0.91725594
0.91860652
0.91993582
0.92124437
0.92253267
0.92380122
0.92505047
0.92628089
0.92749292
0.92868697
0.92986347
0.9310228
0.93216534
0.93329145
0.93440149
0.93549578
0.93657466
0.93763842
0.93868738
0.9397218
0.94074197
0.94174814
0.94274057
0.94371949
0.94468513
0.94563772
0.94657745
0.94750452
0.94841914
0.94932147
0.9502117
0.95108998
0.95195648
0.95281134
0.9536547
0.95448671
0.95530748
0.95611715
0.95691582
0.95770361
0.95848063
0.95924697
0.96000273
0.960748
0.96148286
0.9622074
0.96292169
0.96362582
0.96431984
0.96500383
0.96567786
0.96634197
0.96699625
0.96764073
0.96827548
0.96890054
0.96951598
0.97012185
0.97071818
0.97130503
0.97188245
0.97245049
0.97300919
0.97355859
0.97409875
0.97462971
0.97515153
0.97566423
0.97616789
0.97666253
0.97714823
0.97762501
0.97809294
0.97855207
0.97900245
0.97944413
0.97987718
0.98030163
0.98071755
0.981125
0.98152402
0.98191469
0.98229703
0.98267116
0.98303697
0.98339516
0.9837434
1
1
1
1
1
0.99999988
0.99999874
0.9999932
0.99997438
0.99992348
0.99980655
0.99956917
0.99913223
0.99838979
0.99720998
0.99543926
0.99291003
0.98945086
0.98489843
0.97910977
0.97197362
0.96341972
0.95342509
0.94201693
0.92927201
0.91531282
0.90030104
0.8844291
0.86791066
0.85097075
0.83383637
0.81672807
0.79985294
0.78339914
0.76753218
0.75239277
0.73809608
0.72473221
0.71236753
0.70104674
0.69079525
0.68162181
0.67352109
0.66647624
0.66046117
0.65544262
0.65138202
0.64823696
0.6459625
0.64451221
0.64383902
0.64398978
0.64471651
0.64597022
0.64770243
0.64986589
0.65241515
0.65530686
0.65850011
0.66195655
0.66564052
0.66951902
0.67356175
0.67774099
0.68203154
0.68641059
0.6908576
0.69535416
0.69988381
0.70443195
0.70898564
0.71353353
0.71806565
0.72257333
0.72704906
0.73148639
0.73587981
0.74022469
0.74451711
0.74875389
0.7529324
0.75705058
0.76110684
0.76510001
0.76902926
0.77289412
0.77669437
0.78043006
0.78410142
0.78770889
0.79125305
0.7947346
0.79815437
0.80151327
0.80481229
0.80805247
0.81123492
0.81436075
0.81743114
0.82044726
0.82341029
0.82632142
0.82918185
0.83199275
0.83475531
0.83747067
0.84013999
0.84276437
0.84534492
0.84788273
0.85037883
0.85283425
0.85525
0.85762704
0.85996633
0.86226877
0.86453526
0.86676665
0.86896377
0.87112744
0.87325843
0.87535749
0.87742534
0.87946268
0.88147019
0.8834485
0.88539825
0.88732004
0.88921443
0.89108198
0.89292323
0.89473868
0.89652882
0.89829412
0.90003503
0.90175198
0.90344538
0.90511563
0.9067631
0.90838816
0.90999115
0.9115724
0.91313223
0.91467093
0.91618879
0.91768608
0.91916307
0.92062001
0.92205713
0.92347465
0.9248728
0.92625177
0.92761176
0.92895296
0.93027555
0.93157969
0.93286554
0.93413326
0.93538299
0.93661488
0.93782905
0.93902563
0.94020475
0.94136652
0.94251105
0.94363845
0.94474884
0.9458423
0.94691894
0.94797884
0.94902212
0.95004885
0.95105912
0.95205303
0.95303065
0.95399208
0.95493741
0.95586671
0.95678008
0.9576776
0.95855936
0.95942546
0.96027597
0.96111099
0.96193061
0.96273493
0.96352404
0.96429804
0.96505703
0.9658011
0.96653035
0.96724488
0.96794479
0.96863018
0.96930116
0.96995779
0.9706003
0.97122846
0.97184357
0.97244162
1
1
1
0.99999999
0.99999997
0.99999702
0.99997619
0.99989982
0.99969725
0.99925682
0.99842241
0.99699518
0.99474053
0.99140003
0.986707
0.98040445
0.97226338
0.96209987
0.94978942
0.93527719
0.91858353
0.89980442
0.87910698
0.85672083
0.83292601
0.80803881
0.78239658
0.75634272
0.73021282
0.70432286
0.67895975
0.65437473
0.63077944
0.60834454
0.58720047
0.56743985
0.54912122
0.53227332
0.51689983
0.50298404
0.49049325
0.47938279
0.46959949
0.46108463
0.45377635
0.44761157
0.44252748
0.43846262
0.43535763
0.43315581
0.43180329
0.43132048
0.43223757
0.43393336
0.43634155
0.43939728
0.44303779
0.44720288
0.45183529
0.45688092
0.46228904
0.46801229
0.47400677
0.48023196
0.48665063
0.49322876
0.49993536
0.50674237
0.51362444
0.52055876
0.52752495
0.53450481
0.54148219
0.54844282
0.55537416
0.56226524
0.5691065
0.57588972
0.58260781
0.58925478
0.59582556
0.60231597
0.60872256
0.61504259
0.62127392
0.62741494
0.63346451
0.63942194
0.64528688
0.65105931
0.65673949
0.66232793
0.66782533
0.67323258
0.67855072
0.68378093
0.68892448
0.69398272
0.69895709
0.70384907
0.70866019
0.713392
0.71804608
0.72262403
0.72712742
0.73155784
0.73591688
0.74020608
0.74442699
0.74858114
0.75267001
0.75669506
0.76065774
0.76455944
0.76840152
0.77218533
0.77591215
0.77958325
0.78319984
0.78676312
0.79027424
0.7937343
0.79714439
0.80050554
0.80381876
0.80708502
0.81030526
0.81348037
0.81661122
0.81969865
0.82274346
0.82574643
0.8287083
0.83162978
0.83451155
0.83735428
0.8401586
0.8429251
0.84565436
0.84834695
0.85100339
0.85362419
0.85620983
0.85876078
0.86127748
0.86376035
0.8662098
0.86862622
0.87100997
0.87336141
0.87568086
0.87796866
0.8802251
0.88245048
0.88464507
0.88680914
0.88894294
0.89104672
0.89312071
0.89516512
0.89718017
0.89916606
0.90112299
0.90305114
0.9049507
0.90682183
0.90866472
0.91047952
0.91226638
0.91402548
0.91575695
0.91746095
0.91913762
0.92078712
0.92240957
0.92400514
0.92557395
0.92711615
0.92863189
0.93012132
0.93158457
0.9330218
0.93443316
0.93581881
0.93717889
0.93851358
0.93982302
0.94110738
0.94236683
0.94360153
0.94481164
0.94599734
0.94715878
0.94829612
0.94940956
0.95049921
0.95156543
0.95260782
0.95362858
0.95462134
1
0.99999999
0.99999989
0.99999967
0.99999926
0.99992292
0.99954268
0.99853895
0.99652392
0.99307107
0.98774651
0.98013813
0.96988299
0.95669215
0.94037057
0.92083062
0.89809896
0.87231629
0.84373033
0.81268273
0.77959109
0.74492756
0.7091957
0.67290722
0.63656019
0.6006201
0.56550459
0.53157262
0.49911813
0.46836802
0.43948384
0.41256651
0.38766313
0.36477513
0.34386679
0.32487369
0.3077105
0.29227788
0.27846831
0.26617074
0.25527435
0.24567119
0.23725816
0.22993828
0.22362141
0.21822462
0.21367223
0.20989565
0.20683308
0.20442907
0.20263405
0.20140375
0.20094999
0.20188822
0.20388175
0.20665159
0.21013738
0.21428067
0.21902513
0.22431668
0.2301037
0.23633707
0.24297029
0.24995948
0.2572634
0.26484341
0.27266348
0.28069008
0.28889214
0.29724094
0.30571004
0.31427519
0.32291416
0.33160673
0.34033446
0.34908071
0.3578304
0.36657002
0.37528742
0.38397179
0.3926135
0.40120406
0.40973597
0.4182027
0.42659856
0.43491864
0.44315876
0.45131536
0.45938549
0.46736671
0.47525707
0.48305503
0.49075946
0.49836955
0.5058848
0.51330499
0.52063011
0.5278604
0.53499625
0.54203824
0.54898705
0.55584353
0.56260859
0.56928324
0.57586856
0.58236571
0.58877586
0.59510025
0.60134013
0.60749677
0.61357147
0.61956552
0.62548021
0.63131684
0.63707669
0.64276102
0.64837111
0.65390817
0.65937343
0.66476807
0.67009328
0.67535017
0.68053988
0.68566349
0.69072205
0.69571658
0.70064809
0.70551754
0.71032586
0.71507397
0.71976273
0.72439299
0.72896556
0.73348124
0.73794076
0.74234487
0.74669426
0.7509896
0.75523153
0.75942067
0.76355762
0.76764295
0.77167718
0.77566085
0.77959444
0.78347844
0.78731328
0.79109941
0.79483724
0.79852715
0.80216951
0.80576469
0.80931303
0.81281484
0.81627043
0.8196801
0.82304412
0.82636277
0.82963629
0.83286493
0.83604892
0.83918848
0.84228384
0.84533519
0.84834275
0.85130669
0.85422721
0.85710449
0.85993871
0.86273005
0.86547867
0.86818476
0.87084849
0.87347001
0.87604951
0.87858716
0.88108312
0.88353759
0.88595074
0.88832275
0.89065382
0.89294414
0.89519391
0.89740334
0.89957264
0.90170203
0.90379174
0.90584198
0.907853
0.90982503
0.91175829
0.91365303
0.91550948
0.91732786
0.91910844
0.92085138
0.9225572
0.92422526
0.92585885
0.92744875
0.99999642
0.99999265
0.99998885
0.99998494
0.99998081
0.99734707
0.98925873
0.97569486
0.95672055
0.93256458
0.90357292
0.87018663
0.83293902
0.79244367
0.74937382
0.70443939
0.6583633
0.61185709
0.56559747
0.52020527
0.4762281
0.43412757
0.39427174
0.35693262
0.32228865
0.29043139
0.26137541
0.23507026
0.21141356
0.19026403
0.17145373
0.154799
0.14010962
0.12719616
0.1158755
0.10597478
0.09733382
0.089806421
0.083260729
0.077578936
0.072656518
0.068401211
0.06473185
0.061577204
0.058874851
0.056570151
0.054615329
0.052968669
0.051593813
0.050459151
0.049537283
0.04880454
0.048240598
0.047828186
0.047876989
0.048629957
0.05005461
0.052049181
0.054548726
0.057529928
0.060970124
0.064847076
0.069138819
0.073823563
0.07887966
0.084285617
0.09002013
0.096062128
0.10239083
0.10898582
0.11582712
0.12289523
0.13017123
0.13763681
0.14527433
0.15306686
0.1609982
0.16905292
0.17721636
0.18547466
0.19381472
0.20222421
0.21069159
0.21920604
0.22775748
0.23633653
0.24493448
0.25354327
0.26215546
0.2707642
0.2793632
0.28794667
0.29650935
0.30504643
0.31355353
0.32202668
0.3304623
0.33885714
0.34720831
0.35551318
0.36376944
0.37197501
0.38012805
0.38822695
0.39627028
0.40425682
0.41218548
0.42005534
0.42786561
0.43561564
0.44330487
0.45093285
0.45849922
0.46600369
0.47344605
0.48082617
0.48814395
0.49539934
0.50259236
0.50972304
0.51679144
0.52379768
0.53074188
0.53762416
0.5444447
0.55120366
0.55790121
0.56453755
0.57111286
0.57762733
0.58408116
0.59047453
0.59680763
0.60308065
0.60929375
0.61544713
0.62154092
0.62757531
0.63355042
0.63946641
0.64532339
0.65112149
0.65686082
0.66254148
0.66816356
0.67372713
0.67923227
0.68467903
0.69006746
0.69539762
0.70066952
0.70588319
0.71103865
0.7161359
0.72117494
0.72615578
0.73107839
0.73594276
0.74074887
0.7454967
0.75018621
0.75481737
0.75939015
0.76390452
0.76836045
0.7727579
0.77709685
0.78137726
0.78559911
0.78976238
0.79386705
0.79791312
0.80190059
0.80582945
0.80969972
0.81351143
0.8172646
0.82095929
0.82459556
0.82817346
0.83169309
0.83515456
0.83855796
0.84190345
0.84519116
0.84842126
0.85159393
0.85470936
0.85776775
0.86076931
0.86371425
0.86660278
0.86943513
0.87221149
0.87493211
0.87759709
0.88020705
0.88276093
0.88526316
0.88770151
0.38656869
0.38769366
0.40346401
0.4076224
0.39608157
0.37768801
0.35919324
0.33956968
0.31856588
0.29633227
0.27319353
0.24956208
0.22588769
0.20261219
0.18013549
0.1587944
0.13885149
0.12049129
0.10382263
0.088885478
0.075660883
0.064082483
0.054048535
0.045433425
0.038098
0.031898279
0.026692345
0.022345427
0.018733312
0.015744345
0.013280293
0.011256386
0.0096007689
0.0082535911
0.0071658577
0.0062981279
0.0056191082
0.0051041768
0.0047338905
0.0044925422
0.0043668516
0.0043448632
0.0044151061
0.0045660381
0.0047857606
0.0050619634
0.0053820443
0.005733339
0.0061034061
0.006480319
0.0068529304
0.0072110909
0.0075458037
0.0078493042
0.008115097
0.0083379454
0.0085138208
0.008769471
0.0091776485
0.0097474167
0.010521096
0.011526671
0.012773785
0.014271557
0.016028191
0.018050689
0.020344644
0.022914101
0.025761501
0.028887677
0.0322919
0.035971956
0.039924244
0.044143904
0.048624947
0.053360395
0.058342421
0.063562487
0.069011474
0.074679807
0.08055757
0.086634611
0.092900639
0.099345312
0.10595831
0.11272939
0.11964848
0.12670567
0.13389131
0.14119599
0.14861062
0.15612639
0.16373483
0.1714278
0.17919752
0.18703652
0.19493769
0.20289426
0.21089979
0.21894816
0.22703357
0.23515054
0.24329385
0.2514586
0.25964016
0.26783414
0.27603642
0.2842431
0.29245052
0.30065522
0.30885394
0.31704363
0.32522139
0.33338451
0.34153042
0.34965672
0.35776113
0.36584151
0.37389584
0.38192219
0.38991878
0.39788389
0.40581592
0.41371332
0.42157464
0.42939852
0.43718364
0.44492875
0.45263266
0.46029424
0.46791239
0.47548609
0.48301433
0.49049615
0.49793063
0.50531688
0.51265403
0.51994126
0.52717776
0.53436275
0.54149546
0.54857516
0.55560113
0.56257266
0.56948905
0.57634965
0.58315378
0.58990081
0.59659009
0.60322101
0.60979295
0.61630532
0.62275752
0.62914898
0.63547912
0.64174739
0.64795324
0.65409613
0.66017553
0.66619093
0.67214182
0.67802771
0.68384812
0.68960257
0.69529062
0.70091182
0.70646575
0.71195199
0.71737015
0.72271984
0.72800072
0.73321242
0.73835462
0.74342703
0.74842935
0.75336132
0.75822269
0.76301326
0.76773282
0.77238121
0.77695829
0.78146396
0.78589812
0.79026072
0.79455176
0.79877123
0.80291916
0.80699563
0.81100069
0.81493446
0.81879703
0.82258851
0.82630901
0.82995861
0.83353743
0.83704541
0.8404831
0.843849
0.84714814
0.85036703
2.6564979e-05
2.8485634e-05
3.6508265e-05
4.3826488e-05
4.9851944e-05
5.4848253e-05
5.8871201e-05
6.1818892e-05
6.3656603e-05
6.4405714e-05
6.4120683e-05
6.2888289e-05
6.0826377e-05
5.8076886e-05
5.4797919e-05
5.1157554e-05
4.7330224e-05
4.3496468e-05
3.9846927e-05
3.6591222e-05
3.397216e-05
3.2285545e-05
3.1905859e-05
3.3318081e-05
3.7156159e-05
4.4249566e-05
5.5681723e-05
7.2869082e-05
9.7677467e-05
0.00013260035
0.0001810245
0.00024759125
0.00033861946
0.00046249471
0.00062987388
0.00085353892
0.0011477841
0.0015273302
0.0020058913
0.0025946275
0.0033007515
0.0041265248
0.0050687856
0.0061190368
0.0072640251
0.0084866755
0.0097672192
0.011084367
0.012416402
0.013742123
0.015041574
0.016296583
0.017491076
0.018611214
0.019645383
0.020584099
0.02141984
0.022146892
0.022761201
0.023260142
0.023607272
0.023789639
0.023821163
0.023719283
0.02358799
0.023477382
0.023406787
0.023395592
0.023462901
0.023627241
0.023906311
0.024316783
0.02487413
0.02559251
0.026484683
0.027561959
0.028834184
0.030309742
0.031995587
0.033897289
0.036019095
0.038363997
0.040933818
0.043729291
0.046750153
0.049995232
0.053462532
0.057149327
0.061052238
0.065167316
0.069490116
0.07401577
0.078739051
0.083654436
0.088756158
0.094038262
0.099494648
0.10511911
0.11090538
0.11684715
0.12293811
0.12917198
0.13554249
0.14204347
0.14866879
0.15541245
0.16226851
0.16923116
0.17629472
0.1834536
0.19070236
0.19803569
0.2054484
0.21293544
0.2204919
0.22811299
0.23579405
0.24353055
0.25131811
0.25915244
0.26702939
0.27494493
0.28289513
0.29087619
0.2988844
0.30691619
0.31496804
0.32303657
0.33111848
0.33921055
0.34730967
0.35541279
0.36351697
0.37161932
0.37971705
0.38780741
0.39588775
0.40395547
0.41200805
0.42004301
0.42805794
0.43605049
0.44401837
0.45195932
0.45987115
0.46775172
0.47559893
0.48341073
0.49118512
0.49892014
0.50661385
0.5142644
0.52186994
0.52942868
0.53693885
0.54439874
0.55180668
0.55916102
0.56646015
0.57370251
0.58088658
0.58801085
0.59507389
0.60207426
0.60901061
0.61588158
0.62268589
0.62942226
0.63608948
0.64268637
0.64921179
0.65566463
0.66204384
0.6683484
0.67457735
0.68072974
0.6868047
0.69280139
0.69871902
0.70455684
0.71031418
0.71599039
0.72158489
0.72709715
0.7325267
0.73787312
0.74313604
0.74831513
0.75341012
0.75842076
0.76334681
0.76818807
0.77294432
0.7776153
0.78220081
0.78670043
0.7911143
0.79544056
0.7996836
0.80383093
7.2272589e-10
1.3600505e-09
2.1662197e-09
3.0294207e-09
3.8819318e-09
4.7245453e-09
5.5449325e-09
6.3430235e-09
7.2512483e-09
8.8379273e-09
1.2782335e-08
2.3162739e-08
4.8654926e-08
1.0600609e-07
2.25224e-07
4.569997e-07
8.8297043e-07
1.6295391e-06
2.8860987e-06
4.9286724e-06
8.1501733e-06
1.3098727e-05
2.0525794e-05
3.1446395e-05
4.7215132e-05
6.9625715e-05
0.00010105128
0.00014466079
0.00020477181
0.0002874185
0.00040119755
0.00055837268
0.00077605884
0.0010771195
0.0014902887
0.0020490866
0.0027893666
0.0037457326
0.004947441
0.0064145925
0.0081553504
0.010164652
0.012424521
0.014905762
0.017570597
0.020375743
0.02327548
0.026224376
0.029179457
0.032101776
0.034957367
0.037717689
0.040359646
0.042865299
0.045221371
0.04741867
0.049451464
0.051316902
0.053014515
0.054545721
0.055913364
0.057121312
0.058174143
0.059076878
0.059754426
0.060186408
0.060383967
0.060359457
0.060126272
0.059698705
0.05909736
0.058447998
0.057762778
0.057054149
0.056334747
0.055617297
0.054914509
0.054238984
0.053603122
0.05301904
0.052498497
0.052052827
0.051692881
0.051428978
0.051270873
0.051227722
0.051308063
0.051519805
0.051870217
0.052365934
0.053012956
0.053816662
0.054781824
0.055912623
0.057212668
0.058685021
0.06033222
0.0621563
0.064158824
0.066340905
0.068703235
0.071246105
0.073969437
0.076872804
0.079955457
0.083216344
0.086654136
0.090267244
0.094053845
0.098011894
0.10213914
0.10643317
0.11089137
0.11551099
0.12028915
0.12522281
0.13030886
0.13554405
0.14092506
0.14644845
0.15211075
0.15790839
0.16383776
0.16989517
0.17607692
0.18237925
0.18879835
0.1953304
0.20197155
0.20871792
0.21556563
0.22251075
0.22954938
0.23667758
0.24389142
0.25118696
0.25856027
0.26600741
0.27352444
0.28110744
0.28875249
0.29645568
0.3042131
0.31202086
0.3198751
0.32777195
0.33570756
0.34367812
0.3516798
0.35970884
0.36776147
0.37583395
0.38392256
0.39202362
0.40013347
0.40824847
0.41636505
0.42447962
0.43258866
0.44068868
0.44877622
0.45684787
0.46490026
0.47293006
0.48093398
0.48890881
0.49685134
0.50475845
0.51262707
0.52045415
0.52823676
0.53597196
0.54365692
0.55128887
0.55886507
0.56638288
0.57383973
0.5812331
0.58856058
0.59581981
0.60300854
0.61012458
0.61716585
0.62413036
0.63101622
0.63782162
0.64454488
0.65118436
0.65773855
0.66420597
0.67058522
0.6768749
0.68307367
0.68918011
0.69519282
0.70111023
0.70693109
0.71265268
0.71827639
0.72379393
1.8894442e-14
4.9828623e-14
1.0402127e-13
2.7140537e-13
1.3813353e-12
7.7553172e-12
3.3862173e-11
1.9779598e-10
1.2039334e-09
5.7095423e-09
2.1108259e-08
6.4210029e-08
1.6825839e-07
3.9277523e-07
8.3687885e-07
1.6569481e-06
3.0897893e-06
5.4828173e-06
9.3332022e-06
1.5338472e-05
2.4461721e-05
3.801537e-05
5.7768598e-05
8.6086006e-05
0.0001261118
0.00018203206
0.00025948843
0.00036628429
0.00051360273
0.00071797304
0.00100407
0.0014080265
0.0019803195
0.0027867676
0.0039061088
0.0054233685
0.0074195798
0.0099598038
0.013082241
0.016791008
0.021054051
0.025806311
0.030957013
0.036399239
0.042019891
0.047708535
0.053364195
0.058899842
0.064244692
0.069344664
0.074161495
0.078671006
0.082860924
0.086728589
0.090278756
0.09352163
0.096471195
0.099143863
0.10155742
0.10373022
0.10568053
0.10742612
0.10898393
0.11036989
0.11159878
0.11268417
0.11363846
0.1144729
0.11519764
0.11582185
0.11634609
0.11662645
0.11667602
0.11650731
0.1161323
0.11556257
0.1148093
0.11388337
0.11279847
0.11162359
0.11036955
0.10904733
0.10766797
0.10624252
0.10478205
0.10329752
0.10179984
0.10029974
0.098807793
0.097334361
0.09588957
0.094483282
0.093125078
0.09182423
0.090589692
0.089430079
0.088353662
0.087368354
0.086481706
0.0857009
0.085032749
0.084483693
0.084059798
0.083766762
0.083609917
0.083594228
0.083724305
0.084004403
0.084438434
0.085029966
0.08578224
0.086698168
0.08778035
0.089031076
0.090452335
0.092045827
0.093812969
0.095754902
0.097872503
0.10016639
0.10263693
0.10528425
0.10810825
0.11110859
0.11428472
0.11763588
0.1211611
0.12485923
0.1287289
0.13276858
0.13697656
0.14135095
0.1458897
0.15059061
0.1554513
0.16046928
0.16564188
0.17096632
0.17643967
0.18205889
0.1878208
0.19372212
0.19975945
0.20592927
0.21222798
0.21865186
0.22519711
0.23185983
0.23863604
0.24552169
0.25251262
0.25960463
0.26679344
0.2740747
0.28144402
0.28889693
0.29642894
0.30403547
0.31171196
0.31945375
0.3272562
0.33511462
0.34302429
0.35098049
0.35897849
0.36701355
0.37508091
0.38317584
0.3912936
0.39942947
0.40757876
0.41573678
0.42389888
0.43206044
0.44021688
0.44836368
0.45649633
0.46461041
0.47270156
0.48076548
0.48879795
0.49679486
0.50475216
0.51266594
0.5205324
0.52834783
0.53610867
0.54381147
0.55145289
0.55902967
0.56653866
0.5739767
0.58134065
0.58862734
0.59583346
0.60295556
0.60999013
0.61693281
0.62378077
0.63053172
3.2022667e-18
1.2414898e-15
2.5751336e-14
3.472636e-13
3.3682094e-12
2.1329336e-11
9.4899646e-11
6.1602414e-10
3.9836502e-09
1.9089175e-08
6.9825135e-08
2.0813029e-07
5.3166561e-07
1.2063672e-06
2.4947343e-06
4.7915089e-06
8.6692452e-06
1.4937177e-05
2.4717845e-05
3.9547201e-05
6.1505413e-05
9.3387471e-05
0.00013892609
0.00020308832
0.00029249328
0.00041606876
0.00058620806
0.0008208907
0.0011473964
0.0016080663
0.0022677324
0.0032209081
0.0045950146
0.0065453306
0.0092387657
0.012827627
0.017419139
0.023049084
0.029667624
0.037141208
0.045269089
0.053809659
0.062509782
0.071130854
0.079467797
0.087359763
0.094692992
0.10139845
0.10744585
0.1128358
0.11759169
0.12175227
0.12536548
0.12848364
0.1311599
0.13344584
0.13538989
0.13703653
0.13842588
0.13959368
0.14057143
0.14138667
0.14206335
0.14262221
0.1430811
0.1434554
0.1437583
0.14400112
0.14419354
0.14434387
0.14445921
0.14454565
0.14460838
0.14465185
0.14467985
0.14469563
0.14470195
0.14470116
0.14469095
0.14459005
0.14439982
0.14412108
0.14375427
0.14329959
0.14275712
0.14212689
0.14140901
0.1406056
0.13972166
0.13876081
0.13772715
0.13662532
0.13546037
0.1342378
0.13296351
0.13164372
0.13028499
0.12889414
0.12747823
0.12604449
0.12460033
0.12315328
0.12171094
0.12028098
0.11887108
0.1174889
0.1161421
0.11483825
0.11358484
0.11238927
0.11125879
0.11020052
0.10922142
0.10832828
0.10752768
0.10682601
0.10622946
0.10574398
0.1053753
0.10512891
0.10501005
0.10502373
0.10517469
0.10546741
0.10590613
0.10649481
0.10723715
0.10813659
0.1091963
0.11041919
0.11180789
0.11336478
0.11509196
0.11699129
0.11906435
0.12131246
0.1237367
0.12633787
0.12911654
0.13207302
0.13520736
0.1385194
0.1420087
0.14567461
0.14951624
0.15353246
0.15772191
0.16208304
0.16661404
0.17131291
0.17617743
0.18120519
0.18639355
0.19173971
0.19724065
0.20289317
0.2086939
0.21463929
0.22072562
0.226949
0.2333054
0.23979062
0.24640033
0.25313005
0.25997519
0.26693101
0.27399267
0.28115522
0.28841361
0.29576268
0.3031972
0.31071186
0.31830127
0.32595998
0.33368247
0.34146319
0.34929655
0.35717693
0.36509869
0.37305618
0.38104378
0.38905589
0.39708693
0.4051314
0.41318388
0.42123903
0.42929161
0.43733648
0.44536862
0.45338309
0.46137499
0.46933946
0.47727157
0.48516628
0.49301831
0.50082214
0.50857167
0.51626083
0.52388084
0.53143983
4.1610915e-17
8.1090269e-15
1.2037476e-13
1.3714239e-12
1.1971008e-11
6.9683388e-11
2.8950222e-10
2.0031884e-09
1.3133608e-08
6.1320771e-08
2.1633568e-07
6.2097901e-07
1.5288536e-06
3.3485211e-06
6.6956586e-06
1.2456977e-05
2.1871532e-05
3.6636813e-05
5.9048949e-05
9.2188608e-05
0.00014016671
0.00020844777
0.0003042779
0.00043727496
0.00062032919
0.00087120093
0.0012156291
0.0016932135
0.0023674177
0.0033396619
0.0047642141
0.0068562908
0.0098824567
0.014125813
0.019826963
0.027116177
0.035959952
0.046141858
0.057287507
0.068924242
0.080554847
0.091727383
0.10208455
0.1113859
0.11950669
0.12642085
0.13217474
0.13686423
0.14061261
0.1435522
0.14581208
0.14751079
0.14875274
0.14962718
0.15020872
0.15055874
0.15072708
0.1507539
0.15067134
0.15050501
0.1502753
0.14999839
0.14968714
0.14935177
0.14900043
0.14863961
0.14827449
0.14790923
0.14754716
0.14719095
0.14684274
0.14650424
0.14617681
0.14586153
0.14555924
0.14527059
0.14499607
0.14473607
0.14449082
0.14426049
0.14404516
0.14384487
0.14365956
0.14348919
0.14333364
0.14319279
0.14306648
0.14295177
0.14284173
0.14273198
0.14261784
0.14249448
0.14235697
0.14220033
0.1420197
0.1418103
0.14155943
0.14126187
0.14091539
0.14051831
0.14006954
0.13956856
0.13901544
0.13841084
0.13775599
0.13705267
0.13630318
0.13551037
0.13467754
0.13380845
0.13290729
0.13197863
0.13102742
0.13005892
0.12907867
0.1280925
0.12710644
0.12612672
0.12515973
0.12421201
0.12329017
0.12240091
0.12155099
0.12074716
0.11999618
0.1193048
0.11867968
0.11812743
0.11765458
0.11726752
0.11697254
0.11677577
0.11668318
0.11670056
0.11683354
0.11708752
0.11746771
0.11797908
0.11862638
0.11941413
0.12034659
0.12142777
0.12266142
0.12405102
0.12559979
0.12731065
0.12918628
0.13122903
0.133441
0.135824
0.13837952
0.1411088
0.14401276
0.14709205
0.150347
0.15377768
0.15738386
0.16116502
0.16512036
0.16924879
0.17354894
0.17801919
0.18265763
0.18746207
0.19243008
0.19755897
0.2028458
0.20828738
0.21388029
0.21962087
0.22550525
0.23152933
0.23768881
0.24397918
0.25039574
0.25693361
0.26358772
0.27035285
0.27722362
0.28419454
0.29125997
0.29841418
0.30565139
0.31296574
0.32035136
0.32780239
0.335313
0.34287738
0.35048979
0.35814453
0.36583591
0.3735582
0.38130555
0.38907187
0.39685069
0.40463515
0.41241715
0.42018961
0.4279375
0.43568224
9.8363857e-16
7.3499136e-14
7.2550879e-13
6.7439011e-12
5.1334914e-11
2.6494283e-10
9.9247808e-10
7.3186595e-09
4.7220662e-08
2.0883701e-07
6.9461168e-07
1.8854849e-06
4.409498e-06
9.2146851e-06
1.7651765e-05
3.157626e-05
5.3482397e-05
8.6683331e-05
0.00013555476
0.00020586169
0.00030519096
0.00044351836
0.00063396801
0.00089392273
0.0012469402
0.0017266597
0.0023849189
0.0033067684
0.0046338646
0.0065914995
0.0095052281
0.013785847
0.019861827
0.028063815
0.038490036
0.050913782
0.064779103
0.079291836
0.093583201
0.1068758
0.11859776
0.12843805
0.13633114
0.14239535
0.14686038
0.150003
0.15209239
0.15337935
0.15407613
0.15434826
0.15432046
0.15408423
0.15370531
0.15323027
0.15269172
0.15211245
0.15150832
0.15089048
0.15026678
0.14964287
0.14902283
0.14840972
0.14780584
0.14721297
0.1466325
0.14606557
0.14551308
0.14497578
0.14445428
0.14394909
0.14346061
0.14298915
0.14253497
0.14209823
0.14167904
0.14127745
0.14089347
0.14052704
0.14017808
0.13984645
0.13953197
0.13923445
0.13895364
0.13868929
0.13844111
0.13820881
0.13799205
0.13779051
0.13760384
0.13743168
0.13727368
0.13712947
0.13699869
0.13688097
0.13677594
0.13668321
0.13661568
0.13657423
0.13655542
0.13655554
0.13657062
0.13659652
0.13662889
0.13666333
0.13668982
0.13669918
0.1366876
0.13665148
0.13658759
0.13649301
0.13636526
0.13620228
0.13600243
0.13576459
0.1354881
0.13517279
0.13481899
0.13442751
0.13399965
0.13353719
0.13304236
0.13251782
0.13196667
0.13139239
0.13079886
0.13019029
0.12957123
0.12894652
0.12832127
0.12770084
0.12709081
0.12649694
0.12592515
0.12538149
0.12487214
0.12440334
0.12398138
0.12361261
0.12330335
0.12305992
0.12288862
0.12279566
0.12278717
0.1228692
0.12304767
0.12332835
0.12371688
0.12421869
0.12483907
0.12558307
0.12645556
0.12746114
0.12860421
0.1298889
0.13131908
0.13289836
0.13463006
0.13651722
0.13856258
0.14076859
0.14313738
0.14567079
0.14837034
0.15123721
0.1542723
0.15747617
0.16084905
0.16439086
0.16810121
0.17197936
0.17602429
0.18023464
0.18460873
0.18914458
0.1938399
0.19869209
0.20369826
0.20885523
0.21415952
0.2196074
0.22519487
0.23091771
0.23677147
0.24275156
0.2488532
0.25507154
0.26140162
0.26783846
0.27437708
0.28101244
0.28773951
0.29455315
0.30144804
0.30841857
0.31545853
0.32256122
0.32971807
0.33692229
0.34415443
0.35144909
3.2349493e-14
8.7394802e-13
5.3662103e-12
4.0025128e-11
2.6039197e-10
1.1606364e-09
3.8242241e-09
3.0792654e-08
1.91039e-07
7.8218825e-07
2.4063197e-06
6.0777039e-06
1.3315506e-05
2.6233124e-05
4.7644558e-05
8.1211131e-05
0.00013165193
0.00020504125
0.00030921725
0.00045432671
0.00065352947
0.00092390353
0.001287691
0.0017743642
0.0024248887
0.0033015806
0.0045086075
0.0062263234
0.0087559081
0.012549906
0.018189022
0.026269407
0.037190486
0.050928705
0.066889381
0.083969792
0.10081168
0.11613117
0.12902817
0.1391039
0.14640193
0.1512977
0.15431411
0.1559685
0.15669834
0.15683543
0.15658699
0.15612723
0.15555853
0.15492901
0.15426609
0.15358511
0.15289465
0.15219968
0.1515033
0.15080769
0.15011457
0.14942542
0.14874157
0.14806429
0.14739475
0.14673407
0.1460833
0.1454434
0.14481531
0.14419985
0.14359783
0.14300995
0.14243687
0.14187918
0.1413374
0.14081199
0.14030334
0.13981178
0.13933758
0.13888095
0.13844202
0.13802089
0.1376176
0.13723213
0.1368644
0.1365143
0.13618167
0.1358663
0.13556795
0.13528633
0.13502113
0.134772
0.13453855
0.13432039
0.13411709
0.1339282
0.13375324
0.13359168
0.13344257
0.13330393
0.13317792
0.13306395
0.1329614
0.13286966
0.13278816
0.13271633
0.13265362
0.13259953
0.13256414
0.13255544
0.13257123
0.13260908
0.13266633
0.13274013
0.13282744
0.13292503
0.13302428
0.13311992
0.13320843
0.1332864
0.13335056
0.13339781
0.13342531
0.1334305
0.13341113
0.1333653
0.13329148
0.13318853
0.13305573
0.13289277
0.13269977
0.13247727
0.13222624
0.13194806
0.13164453
0.13131786
0.13097062
0.13060576
0.13022659
0.12983675
0.12944018
0.12904111
0.12864406
0.12825377
0.1278752
0.12751353
0.12717408
0.12686233
0.12658389
0.12634446
0.12614982
0.12600578
0.1259182
0.12589294
0.12593585
0.12605272
0.12624929
0.12653122
0.12690408
0.1273733
0.1279442
0.12862191
0.12941141
0.1303175
0.13134475
0.13249753
0.13377998
0.13519598
0.13674919
0.13844296
0.14028039
0.14226429
0.14439716
0.14668123
0.14911839
0.15171023
0.154458
0.15736265
0.16042476
0.1636446
0.16702208
0.17055677
0.17424789
0.17809434
0.18209465
0.18624707
0.19054952
0.19499967
0.19959494
0.20433256
0.20920963
0.21422313
0.21936999
0.2246471
0.23005134
0.23557949
0.24122818
0.24699373
0.2528718
0.25885749
0.26494364
0.27112514
0.27738143
0.28375737
1.3781646e-12
1.2922636e-11
4.6329855e-11
2.8243687e-10
1.5550364e-09
5.8552152e-09
1.6618664e-08
1.5329879e-07
8.9195946e-07
3.3033175e-06
9.2175505e-06
2.1300206e-05
4.3075081e-05
7.8967169e-05
0.00013441589
0.00021609505
0.00033226445
0.00049327162
0.00071221876
0.001005803
0.0013953241
0.0019079393
0.0025786202
0.0034543611
0.0046046603
0.0061471807
0.0082961495
0.011426968
0.016131169
0.023181491
0.033346184
0.047059351
0.064030361
0.083108996
0.10244286
0.12007004
0.13450837
0.14508031
0.15199529
0.15597685
0.1578715
0.15850548
0.15846793
0.15809723
0.15757605
0.15699172
0.15633191
0.15568519
0.15504841
0.15440205
0.15374742
0.15308583
0.15241856
0.1517469
0.1510721
0.15039543
0.14971813
0.14904144
0.14836658
0.14769474
0.14702709
0.14636478
0.14570892
0.14506056
0.14442073
0.14379042
0.14317056
0.14256204
0.14196568
0.14138229
0.14081257
0.14025721
0.13971683
0.13919197
0.13868314
0.13819078
0.13771527
0.13725692
0.13681602
0.13639275
0.13598727
0.13559968
0.13523002
0.13487827
0.13454437
0.1342282
0.1339296
0.13364838
0.13338426
0.13313697
0.13290615
0.13269142
0.1324923
0.13230795
0.13213366
0.13195642
0.13181775
0.13169309
0.13158123
0.13148148
0.13139319
0.13131569
0.13124832
0.13119041
0.13114128
0.13110025
0.13106663
0.13103973
0.13101886
0.13100332
0.13099243
0.1309855
0.13099728
0.13103054
0.13108269
0.13115116
0.13123333
0.13132645
0.13142766
0.13153327
0.13163927
0.13174243
0.13183963
0.1319279
0.13200445
0.13206669
0.13211231
0.13213927
0.13214583
0.13213058
0.13209244
0.13203069
0.13194495
0.13183521
0.13170179
0.13154541
0.13136712
0.13116832
0.13095075
0.13071649
0.13046792
0.13020774
0.12993895
0.1296648
0.12938882
0.12911477
0.12884666
0.12858867
0.1283452
0.12812079
0.12792016
0.12774813
0.12760965
0.12750974
0.1274535
0.12744608
0.12749265
0.12759841
0.12776851
0.12800811
0.1283223
0.12871611
0.12919449
0.12976226
0.13042417
0.13118478
0.13204855
0.13301972
0.13410239
0.13530045
0.13661757
0.13805722
0.13962259
0.14131667
0.14314215
0.14510146
0.14719671
0.14942974
0.15180206
0.15431486
0.15696902
0.15976507
0.16270327
0.16578355
0.16900563
0.17236897
0.17587291
0.17951668
0.18329948
0.18722053
0.19127908
0.19547445
0.19980591
0.20427253
0.20887288
0.21360495
0.21846449
0.22344905
0.22854036
0.23378902
7.2248931e-11
2.2487479e-10
4.4355422e-10
2.4450053e-09
1.1355572e-08
3.5183913e-08
8.3848194e-08
9.5410303e-07
5.0178596e-06
1.6291375e-05
4.0177186e-05
8.308336e-05
0.00015214475
0.0002552667
0.00040141512
0.00060112857
0.00086721914
0.0012156288
0.001666409
0.0022447647
0.0029820739
0.0039172953
0.0051005402
0.00660376
0.0085492259
0.011175782
0.014935613
0.020564838
0.029057153
0.04135161
0.057816009
0.077755018
0.09917188
0.11944297
0.13608358
0.14788069
0.15498199
0.15841462
0.15965722
0.15979385
0.15941361
0.15893383
0.1584504
0.15795017
0.15743422
0.15690353
0.156359
0.15580151
0.15523192
0.15465112
0.15406
0.1534595
0.15285058
0.15223423
0.15161146
0.1509833
0.15035083
0.1497151
0.14907721
0.14843825
0.14779931
0.14716146
0.1465258
0.14589337
0.14526523
0.14464238
0.14402584
0.14341657
0.1428155
0.14222354
0.14164156
0.14107039
0.14051082
0.13996359
0.1394294
0.13890891
0.13840273
0.1379114
0.13743544
0.13697531
0.13653142
0.13610412
0.13569372
0.13530047
0.13492459
0.13456623
0.13422549
0.13390245
0.13359711
0.13330944
0.13303935
0.13278673
0.13255142
0.13233319
0.1321318
0.13194698
0.13177839
0.13162567
0.13148843
0.13136625
0.13125866
0.13116519
0.13108532
0.13101853
0.13096428
0.13092199
0.1308911
0.13087103
0.1308612
0.13086105
0.13087002
0.13088759
0.13091329
0.13094671
0.1309875
0.13103548
0.13109063
0.13115323
0.13122401
0.13130443
0.13139378
0.13148836
0.1315874
0.13169188
0.13182662
0.13194402
0.13201207
0.13205252
0.13207776
0.13209029
0.13209027
0.13207715
0.13205016
0.13200855
0.13195169
0.13187911
0.13179051
0.13168583
0.13156524
0.13142911
0.1312781
0.13111308
0.13093518
0.13074575
0.13054642
0.13033902
0.13012562
0.12990852
0.12969023
0.12947345
0.12926111
0.12905629
0.12886227
0.12868247
0.12852048
0.12838
0.12826489
0.12817907
0.12812658
0.12811155
0.12813815
0.12821061
0.1283332
0.12851018
0.12874585
0.12904447
0.12941028
0.12984749
0.13036023
0.13095259
0.13162852
0.13239193
0.13324656
0.13419605
0.13524386
0.13639329
0.13764748
0.13900932
0.14048151
0.14206649
0.14376647
0.14558339
0.14751894
0.14957456
0.15175148
0.15405078
0.1564734
0.15902026
0.16169234
0.16449074
0.1674168
0.17047208
0.17365836
0.17697752
0.18043119
0.1840206
0.18774507
0.19160518
0.19558718
0.19974262
4.4799976e-09
4.5327606e-09
4.6109141e-09
3.1700105e-08
1.1885707e-07
2.8310442e-07
5.3430129e-07
8.3054954e-06
3.6918965e-05
9.9666607e-05
0.00020825294
0.00037226453
0.00059976536
0.00089920538
0.0012807329
0.0017574387
0.0023464643
0.003069921
0.0039555826
0.0050371893
0.0063542373
0.0079540051
0.0099024117
0.012317499
0.015447816
0.019828055
0.026388708
0.036340489
0.050824479
0.069977596
0.092357564
0.11507859
0.13451266
0.14848643
0.1563825
0.15981455
0.16072171
0.16050942
0.16017711
0.15982744
0.15946159
0.15908031
0.15868405
0.15827321
0.15784814
0.15740924
0.15695688
0.15649149
0.15601352
0.15552345
0.15502183
0.15450922
0.15398625
0.15345358
0.15291191
0.15236198
0.15180456
0.15124045
0.15067048
0.15009549
0.14951637
0.14893399
0.14834923
0.14776299
0.14717618
0.14658968
0.1460044
0.14542121
0.14484099
0.1442646
0.1436929
0.14312671
0.14256684
0.14201409
0.1414692
0.14093292
0.14040596
0.13988898
0.13938264
0.13888755
0.13840428
0.13793338
0.13747536
0.13703067
0.13659977
0.13618304
0.13578085
0.1353935
0.1350213
0.13466447
0.13432323
0.13399774
0.13368814
0.13339452
0.13311694
0.13285542
0.13260994
0.13238045
0.13216687
0.13196907
0.13178689
0.13162015
0.13146861
0.13133202
0.13121008
0.13110246
0.1310088
0.13092871
0.13086174
0.13080744
0.1307653
0.13073478
0.13071531
0.13070627
0.13070703
0.13071687
0.13073507
0.13076086
0.13079341
0.13083185
0.13087528
0.13092271
0.13097314
0.1310255
0.13107865
0.13113141
0.13118253
0.13122811
0.13126434
0.13128947
0.13130172
0.13129926
0.13128022
0.13124272
0.13119718
0.13114318
0.13108034
0.13100839
0.13092716
0.13083662
0.13073682
0.13062797
0.1305104
0.1303846
0.13025118
0.13011088
0.12996455
0.12981292
0.12965561
0.12947239
0.12929466
0.12913886
0.12898926
0.12884639
0.12871213
0.1285887
0.12847854
0.12838419
0.12830835
0.12825381
0.12822346
0.12822029
0.12824736
0.12830781
0.12840483
0.12854168
0.12872163
0.12894803
0.1292242
0.12955351
0.12993931
0.13038493
0.13089369
0.13146886
0.13211364
0.1328312
0.13362457
0.13449671
0.13545042
0.13648837
0.13761306
0.1388268
0.14013174
0.14152982
0.14302288
0.1446126
0.14630067
0.14808882
0.14997895
0.15197329
0.15407447
0.15628566
0.15861058
0.16105341
0.16361855
0.16631026
0.16913141
0.17208544
0.17516355
0.17841383
1.0137912e-06
1.7919753e-06
2.5030915e-06
3.2008585e-06
3.9034155e-06
4.6335354e-06
5.4186328e-06
0.00013076334
0.00042310966
0.00085112556
0.001388919
0.0020154456
0.0027190379
0.0035057386
0.0043903081
0.0053949197
0.0065477003
0.007881043
0.0094299179
0.011229435
0.013312263
0.015722889
0.018564266
0.022102363
0.026948704
0.034337911
0.045850321
0.062558883
0.084366484
0.1084561
0.13069549
0.1475025
0.15686658
0.16081291
0.16129648
0.16108719
0.16086258
0.16062486
0.16037476
0.16011242
0.15983789
0.15955118
0.15925232
0.15894133
0.15861824
0.1582831
0.157936
0.15757703
0.15720635
0.15682415
0.15643064
0.15602609
0.1556108
0.15518511
0.1547494
0.15430408
0.1538496
0.15338643
0.15291508
0.15243607
0.15194997
0.15145735
0.1509588
0.15045493
0.14994637
0.14943374
0.14891769
0.14839886
0.14787791
0.14735549
0.14683227
0.14630889
0.145786
0.14526426
0.1447443
0.14422675
0.14371223
0.14320135
0.14269471
0.14219288
0.14169642
0.14120587
0.14072177
0.14024461
0.13977488
0.13931305
0.13885955
0.13841481
0.13797921
0.13755312
0.13713689
0.13673084
0.13633526
0.13595042
0.13557657
0.13521391
0.13486264
0.13452293
0.13419491
0.1338787
0.13357438
0.13328202
0.13300164
0.13273327
0.13247687
0.13223243
0.13199986
0.13177909
0.13157001
0.13137247
0.13118631
0.13101137
0.13084744
0.13069429
0.13055168
0.13041934
0.130297
0.13018434
0.13008106
0.1299868
0.12990121
0.12982392
0.12975455
0.1296927
0.12963795
0.12958988
0.12954807
0.12951206
0.12948141
0.12945568
0.12943441
0.12941714
0.12940344
0.12939281
0.12937943
0.12936276
0.12934239
0.12931799
0.12928935
0.12925638
0.12921854
0.12917586
0.12912862
0.12907714
0.12902183
0.12896317
0.12890173
0.12883813
0.12877314
0.12870773
0.1286448
0.12858548
0.12852945
0.12847779
0.12843176
0.12839277
0.1283623
0.12834193
0.12833336
0.12833834
0.12835871
0.12839642
0.12845347
0.12853195
0.12863401
0.12876189
0.12891791
0.12910449
0.12932441
0.1295824
0.12994126
0.13030962
0.13070591
0.13114654
0.13163546
0.13217548
0.13276916
0.13341895
0.1341272
0.13489619
0.13572806
0.13662482
0.13758836
0.13862046
0.13972277
0.14089692
0.14214458
0.14346758
0.14486806
0.14634862
0.1479126
0.14956418
0.15130849
0.1531516
0.15510028
0.15716155
0.15934154
0.16164588
0.16406935
0.16665254
0.03408168
0.02336421
0.018871374
0.016640931
0.01547634
0.014935302
0.014812185
0.014813879
0.014815529
0.014817208
0.014818988
0.014820956
0.014921441
0.015323344
0.016036841
0.01706578
0.018405508
0.02004295
0.021960448
0.024132727
0.026530106
0.02923227
0.032581722
0.037401484
0.045209317
0.058407682
0.077925441
0.10179356
0.12664193
0.14586905
0.15712183
0.16164462
0.16164683
0.16152266
0.16138746
0.16124383
0.1610921
0.16093214
0.16076383
0.16058704
0.16040163
0.16020747
0.16000442
0.15979236
0.15957118
0.15934079
0.1591011
0.15885207
0.15859367
0.1583259
0.15804877
0.15776233
0.15746667
0.15716187
0.15684806
0.1565254
0.15619406
0.15585424
0.15550615
0.15515003
0.15478615
0.15441477
0.1540362
0.15365073
0.1532587
0.15286044
0.15245629
0.15204662
0.15163179
0.15121219
0.15078819
0.15036019
0.14992859
0.14949378
0.14905619
0.14861621
0.14817426
0.14773075
0.14728609
0.14684068
0.14639494
0.14594926
0.14550404
0.14505969
0.14461658
0.1441751
0.14373563
0.14329853
0.14286416
0.14243288
0.14200502
0.14158093
0.14116092
0.14074531
0.1403344
0.13992848
0.13952784
0.13913275
0.13874346
0.13836023
0.13798328
0.13761285
0.13724916
0.13689239
0.13654275
0.13620042
0.13586555
0.13553831
0.13521885
0.1349073
0.13460378
0.13430841
0.13402129
0.13374251
0.13347216
0.13321031
0.13295703
0.13271237
0.13247638
0.1322491
0.13203056
0.13182078
0.13161978
0.13142756
0.13124414
0.13106952
0.13090367
0.13074661
0.1305983
0.13045875
0.13032792
0.13020579
0.13009236
0.12998759
0.12989147
0.129804
0.12972515
0.12965492
0.12959333
0.12954038
0.12949652
0.12946191
0.12943668
0.12942104
0.12941534
0.12941963
0.12942578
0.12943422
0.12944543
0.12945996
0.1294784
0.12950137
0.12952951
0.12956357
0.12960435
0.12965273
0.12970964
0.1297761
0.12985318
0.12994201
0.13004382
0.13015991
0.13029165
0.1304405
0.13060802
0.13079589
0.13100589
0.13123995
0.13150019
0.13178887
0.13210822
0.13245112
0.13282268
0.13322673
0.13366533
0.13414035
0.13465361
0.13520689
0.13580195
0.13644046
0.13712401
0.13785412
0.13863219
0.13945961
0.14033788
0.14126941
0.14226294
0.14347086
0.14466885
0.14585235
0.14709135
0.14839656
0.14977546
0.15123617
0.15278781
0.15444009
0.15620204
0.15808055
0.16007111
0.16220326
0.10137322
0.091315899
0.075711808
0.066020731
0.059260493
0.054473982
0.051015361
0.048495645
0.046676435
0.045419921
0.044651658
0.044341546
0.044336965
0.044331925
0.044326479
0.044320702
0.0443147
0.044340825
0.04447612
0.04472484
0.045114657
0.046491285
0.050259381
0.058389843
0.073089534
0.096590624
0.12274828
0.14387272
0.15842523
0.1619188
0.16187547
0.16181144
0.16173882
0.1616617
0.16158002
0.16149362
0.16140238
0.16130618
0.16120488
0.16109834
0.16098645
0.16086906
0.16074604
0.16061729
0.16048267
0.16034208
0.16019541
0.1600426
0.15988354
0.1597182
0.15954651
0.15936845
0.15918399
0.15899312
0.15879585
0.1585922
0.1583822
0.15816589
0.15794334
0.15771461
0.15747979
0.15723896
0.15699222
0.15673969
0.15648148
0.15621773
0.15594858
0.15567416
0.15539463
0.15511016
0.15482091
0.15452706
0.15422879
0.15392629
0.15361974
0.15330935
0.15299533
0.15267786
0.15235717
0.15203347
0.15170697
0.1513779
0.15104646
0.15071288
0.15037739
0.1500402
0.14970155
0.14936165
0.14902073
0.14867902
0.14833673
0.1479941
0.14765134
0.14730868
0.14696633
0.14662451
0.14628345
0.14594335
0.14560444
0.14526692
0.14493099
0.14459689
0.14426479
0.14393492
0.14360748
0.14328266
0.14296066
0.14264169
0.14232593
0.14201358
0.14170484
0.14139988
0.14109891
0.1408021
0.14050965
0.14022174
0.13993856
0.13966028
0.13938709
0.13911918
0.13885673
0.13859992
0.13834893
0.13810395
0.13786516
0.13763274
0.13740688
0.13718777
0.1369756
0.13677055
0.13657282
0.13638261
0.1362001
0.1360255
0.13585901
0.13570084
0.13555119
0.13541028
0.13527833
0.13515555
0.13504218
0.13493845
0.1348446
0.13476087
0.13468751
0.1346251
0.13458073
0.13455474
0.13454756
0.13455965
0.13459157
0.13463668
0.13469042
0.13475321
0.13482548
0.13490772
0.13500048
0.1351043
0.13521981
0.13534766
0.13548853
0.13564317
0.13581235
0.13599688
0.13619762
0.13641547
0.13665134
0.13690619
0.13718099
0.13747672
0.13779434
0.13813478
0.13849954
0.13889
0.13930748
0.13975333
0.14022889
0.14073557
0.14127475
0.14184783
0.1424562
0.14310128
0.14378451
0.14450745
0.14527185
0.14607982
0.14693397
0.1478365
0.14875877
0.14970948
0.15070422
0.15174892
0.15285013
0.15401577
0.1552546
0.15657449
0.15797816
0.15945241
0.160935
0.16220257
0.10140389
0.089507425
0.076905377
0.071144274
0.0683722
0.065754077
0.06276843
0.05991424
0.057382118
0.05523486
0.053482807
0.05211514
0.0510918
0.05034111
0.04981485
0.049485051
0.049343946
0.049340916
0.049337661
0.049334833
0.0497052
0.057652959
0.072377606
0.093517334
0.11958036
0.14946673
0.16195343
0.16201874
0.16201568
0.16198953
0.16195729
0.16192291
0.16188631
0.16184745
0.16180626
0.16176269
0.16171668
0.16166817
0.1616171
0.1615634
0.161507
0.16144785
0.16138586
0.16132098
0.16125313
0.16118226
0.16110831
0.16103123
0.16095096
0.16086747
0.16078073
0.16069068
0.16059732
0.16050062
0.16040056
0.16029714
0.16019036
0.1600802
0.15996668
0.15984982
0.15972962
0.1596061
0.1594793
0.15934924
0.15921595
0.15907947
0.15893984
0.15879711
0.15865133
0.15850254
0.15835081
0.1581962
0.15803876
0.15787856
0.15771568
0.15755019
0.15738216
0.15721166
0.15703878
0.15686361
0.15668622
0.1565067
0.15632514
0.15614164
0.15595628
0.15576916
0.15558037
0.15539002
0.15519819
0.155005
0.15481053
0.15461489
0.15441819
0.15422053
0.15402201
0.15382273
0.15362281
0.15342236
0.15322146
0.15302025
0.15281882
0.15261729
0.15241576
0.15221435
0.15201317
0.15181233
0.15161194
0.15141212
0.15121298
0.15101464
0.15081722
0.15062082
0.15042558
0.1502316
0.15003902
0.14984794
0.1496585
0.14947082
0.14928502
0.14910124
0.14891959
0.14874022
0.14856325
0.14838882
0.14821706
0.14804812
0.14788214
0.14771926
0.14755962
0.14740337
0.14725067
0.14710167
0.14695653
0.1468154
0.14667845
0.14654585
0.14641776
0.14629437
0.14617584
0.14606236
0.14595411
0.14585128
0.14575406
0.14566266
0.14557726
0.14549808
0.14542532
0.14535919
0.14529991
0.14524771
0.14520279
0.14517172
0.14515921
0.14516564
0.14519144
0.14523702
0.14529917
0.14537328
0.14545965
0.14555862
0.14567053
0.14579576
0.1459347
0.14608776
0.14625539
0.14643805
0.14663622
0.1468504
0.14708113
0.14732896
0.14759447
0.14787825
0.14818092
0.14850308
0.14884533
0.14920823
0.14959229
0.14999793
0.15042546
0.15087502
0.15134655
0.15183974
0.15235396
0.15288827
0.15344136
0.15401154
0.15459678
0.1551947
0.15580271
0.15642082
0.15704916
0.15768727
0.15833462
0.15898986
0.1596491
0.16030301
0.16093233
0.16150161
0.16195161
0.16220239
0.10384242
0.089911745
0.076902657
0.067445529
0.062397345
0.061665873
0.062139
0.059908277
0.057606058
0.055765355
0.054182743
0.052876707
0.051841817
0.051043803
0.050451089
0.050042697
0.049812251
0.049748745
0.049834942
0.050302649
0.071863422
0.15972421
0.1614188
0.1618314
0.16201189
0.16209033
0.16210282
0.16209395
0.1620838
0.16207255
0.16206028
0.16204703
0.16203284
0.16201771
0.16200165
0.16198468
0.16196678
0.16194796
0.16192819
0.16190747
0.16188579
0.16186313
0.16183947
0.1618148
0.1617891
0.16176236
0.16173457
0.16170571
0.16167577
0.16164475
0.16161264
0.16157942
0.16154511
0.1615097
0.16147319
0.16143557
0.16139686
0.16135705
0.16131616
0.1612742
0.16123116
0.16118706
0.16114192
0.16109575
0.16104855
0.16100035
0.16095116
0.160901
0.16084989
0.16079784
0.16074488
0.16069103
0.16063631
0.16058074
0.16052435
0.16046716
0.16040919
0.16035048
0.16029104
0.16023091
0.16017012
0.16010868
0.16004663
0.159984
0.15992081
0.15985711
0.1597929
0.15972824
0.15966314
0.15959763
0.15953176
0.15946554
0.15939901
0.1593322
0.15926514
0.15919787
0.15913041
0.15906279
0.15899505
0.15892722
0.15885932
0.1587914
0.15872349
0.1586556
0.15858779
0.15852007
0.15845248
0.15838505
0.15831782
0.15825081
0.15818406
0.15811761
0.15805148
0.1579857
0.15792031
0.15785535
0.15779084
0.15772682
0.15766333
0.1576004
0.15753806
0.15747635
0.1574153
0.15735496
0.15729535
0.15723652
0.1571785
0.15712134
0.15706506
0.15700972
0.15695535
0.15690199
0.1568497
0.1567985
0.15674844
0.15669957
0.15665194
0.15660559
0.15656058
0.15651694
0.15647474
0.15643402
0.15639483
0.15635724
0.1563213
0.15628706
0.15625458
0.15622394
0.15619517
0.15616836
0.15614356
0.15612085
0.15610028
0.15608192
0.15606585
0.15605213
0.15604435
0.15604737
0.15606135
0.15608647
0.15612289
0.15616923
0.15622436
0.15628838
0.15636139
0.15644348
0.15653473
0.15663522
0.15674501
0.15686417
0.15699274
0.15713074
0.15727817
0.15743496
0.15760104
0.15777622
0.15796026
0.15815279
0.15835333
0.15856121
0.1587756
0.15899548
0.15921962
0.15944661
0.15967486
0.1599027
0.16012842
0.16035041
0.16056727
0.16077792
0.16098155
0.16117757
0.16136549
0.16154446
0.16171271
0.1618667
0.16200052
0.16210593
0.1621742
0.16220237
0.10925654
0.095720968
0.081977356
0.070753517
0.063025487
0.058711294
0.057090592
0.056573561
0.055733958
0.055037357
0.05468991
0.054936982
0.056090522
0.05859794
0.063100474
0.070413293
0.081344022
0.096271567
0.11456573
0.1341921
0.15194155
0.16202027
0.1621531
0.16215444
0.16215488
0.16215449
0.16215326
0.16215143
0.16214912
0.16214641
0.16214335
0.16213997
0.16213632
0.1621324
0.16212824
0.16212386
0.16211926
0.16211445
0.16210943
0.16210422
0.16209881
0.16209321
0.16208741
0.16208143
0.16207526
0.1620689
0.16206235
0.16205562
0.16204871
0.16204162
0.16203436
0.16202692
0.16201931
0.16201153
0.16200359
0.16199549
0.16198723
0.16197881
0.16197025
0.16196154
0.16195269
0.16194371
0.16193459
0.16192534
0.16191597
0.16190649
0.16189688
0.16188717
0.16187735
0.16186744
0.16185742
0.16184732
0.16183713
0.16182686
0.16181652
0.1618061
0.16179562
0.16178507
0.16177447
0.16176381
0.16175311
0.16174237
0.16173159
0.16172077
0.16170993
0.16169906
0.16168817
0.16167727
0.16166636
0.16165544
0.16164452
0.16163359
0.16162268
0.16161178
0.16160088
0.16159001
0.16157916
0.16156834
0.16155754
0.16154678
0.16153605
0.16152537
0.16151473
0.16150414
0.16149359
0.16148311
0.16147268
0.16146231
0.16145201
0.16144177
0.16143161
0.16142152
0.1614115
0.16140157
0.16139173
0.16138197
0.1613723
0.16136272
0.16135324
0.16134387
0.16133459
0.16132543
0.16131637
0.16130742
0.1612986
0.16128989
0.16128131
0.16127286
0.16126453
0.16125634
0.16124829
0.16124039
0.16123263
0.16122502
0.16121756
0.16121027
0.16120314
0.16119617
0.16118938
0.16118277
0.16117634
0.16117009
0.16116404
0.16115819
0.16115254
0.16114711
0.16114188
0.16113688
0.16113211
0.16112758
0.16112328
0.16111924
0.16111545
0.16111192
0.16110867
0.16110569
0.161103
0.16110061
0.16109851
0.16109673
0.16109527
0.16109572
0.16109939
0.16110629
0.16111645
0.16112986
0.16114616
0.1611653
0.16118727
0.161212
0.16123945
0.16126954
0.1613022
0.1613373
0.16137471
0.16141429
0.16145582
0.16149908
0.1615438
0.16158963
0.16163622
0.16168313
0.16172991
0.16177608
0.16182114
0.16186463
0.16190613
0.16194531
0.16198193
0.1620159
0.16204724
0.16207606
0.1621025
0.16212665
0.16214839
0.16216734
0.16218279
0.16219392
0.16220023
0.16220236
0.1175098
0.10693767
0.095412836
0.085057227
0.076926047
0.071517559
0.068881474
0.068912245
0.07013242
0.072441016
0.076013053
0.081066011
0.087800268
0.096329715
0.10658042
0.11816433
0.13028019
0.14174023
0.15122542
0.15775817
0.16116399
0.16217345
0.16218602
0.16218738
0.16218776
0.16218779
0.16218778
0.16218765
0.16218743
0.16218712
0.16218675
0.16218633
0.16218586
0.16218534
0.1621848
0.16218423
0.16218363
0.16218301
0.16218237
0.16218171
0.16218104
0.16218035
0.16217965
0.16217893
0.16217821
0.16217747
0.16217672
0.16217596
0.1621752
0.16217442
0.16217364
0.16217286
0.16217206
0.16217126
0.16217046
0.16216965
0.16216883
0.16216802
0.1621672
0.16216638
0.16216555
0.16216473
0.1621639
0.16216307
0.16216225
0.16216142
0.16216059
0.16215977
0.16215894
0.16215812
0.1621573
0.16215648
0.16215566
0.16215485
0.16215403
0.16215323
0.16215242
0.16215162
0.16215082
0.16215003
0.16214924
0.16214846
0.16214768
0.16214691
0.16214614
0.16214537
0.16214462
0.16214386
0.16214312
0.16214238
0.16214164
0.16214092
0.1621402
0.16213948
0.16213877
0.16213807
0.16213738
0.16213669
0.16213601
0.16213533
0.16213467
0.16213401
0.16213336
0.16213271
0.16213208
0.16213145
0.16213083
0.16213021
0.16212961
0.16212901
0.16212842
0.16212783
0.16212726
0.16212669
0.16212613
0.16212558
0.16212504
0.16212451
0.16212398
0.16212346
0.16212295
0.16212245
0.16212196
0.16212147
0.162121
0.16212053
0.16212007
0.16211962
0.16211918
0.16211875
0.16211833
0.16211791
0.16211751
0.16211711
0.16211673
0.16211635
0.16211599
0.16211563
0.16211528
0.16211494
0.16211462
0.1621143
0.16211399
0.1621137
0.16211341
0.16211314
0.16211288
0.16211263
0.16211239
0.16211216
0.16211194
0.16211174
0.16211155
0.16211137
0.1621112
0.16211105
0.16211092
0.16211079
0.16211068
0.16211059
0.16211051
0.16211044
0.16211039
0.16211036
0.16211034
0.16211034
0.16211076
0.16211162
0.16211292
0.16211464
0.16211678
0.16211929
0.16212218
0.16212542
0.16212897
0.16213282
0.16213692
0.16214123
0.1621457
0.16215029
0.16215492
0.16215953
0.16216407
0.16216845
0.16217263
0.16217655
0.16218017
0.16218347
0.16218644
0.16218909
0.16219146
0.16219357
0.16219548
0.16219719
0.16219872
0.16220005
0.16220111
0.16220185
0.16220224
0.16220236
0.12863211
0.12362766
0.11833465
0.11389951
0.11066637
0.10862335
0.10762369
0.10747225
0.10941221
0.11296133
0.11779941
0.12364463
0.13017913
0.13701498
0.14369498
0.14973317
0.15469725
0.15831661
0.16057169
0.1617041
0.16211527
0.16219704
0.16219871
0.16219931
0.16219966
0.1621998
0.16219982
0.16219983
0.16219984
0.16219984
0.16219984
0.16219983
0.16219982
0.16219981
0.1621998
0.16219978
0.16219976
0.16219974
0.16219972
0.1621997
0.16219968
0.16219966
0.16219964
0.16219962
0.16219959
0.16219957
0.16219955
0.16219953
0.16219951
0.16219949
0.16219946
0.16219944
0.16219942
0.1621994
0.16219938
0.16219936
0.16219934
0.16219932
0.1621993
0.16219929
0.16219927
0.16219925
0.16219923
0.16219921
0.1621992
0.16219918
0.16219916
0.16219915
0.16219913
0.16219912
0.1621991
0.16219909
0.16219907
0.16219906
0.16219905
0.16219903
0.16219902
0.16219901
0.162199
0.16219898
0.16219897
0.16219896
0.16219895
0.16219894
0.16219893
0.16219892
0.16219891
0.1621989
0.16219889
0.16219888
0.16219888
0.16219887
0.16219886
0.16219885
0.16219885
0.16219884
0.16219883
0.16219883
0.16219882
0.16219882
0.16219881
0.1621988
0.1621988
0.1621988
0.16219879
0.16219879
0.16219878
0.16219878
0.16219878
0.16219877
0.16219877
0.16219877
0.16219876
0.16219876
0.16219876
0.16219876
0.16219876
0.16219876
0.16219875
0.16219875
0.16219875
0.16219875
0.16219875
0.16219875
0.16219875
0.16219875
0.16219875
0.16219875
0.16219875
0.16219876
0.16219876
0.16219876
0.16219876
0.16219876
0.16219876
0.16219877
0.16219877
0.16219877
0.16219877
0.16219878
0.16219878
0.16219878
0.16219879
0.16219879
0.16219879
0.1621988
0.1621988
0.16219881
0.16219881
0.16219881
0.16219882
0.16219883
0.16219883
0.16219884
0.16219884
0.16219885
0.16219885
0.16219886
0.16219887
0.16219887
0.16219888
0.16219889
0.1621989
0.1621989
0.16219891
0.16219892
0.16219893
0.16219894
0.16219895
0.16219895
0.16219898
0.16219903
0.1621991
0.1621992
0.16219933
0.16219947
0.16219964
0.16219982
0.16220001
0.16220021
0.16220041
0.16220061
0.16220081
0.16220101
0.16220119
0.16220135
0.1622015
0.16220163
0.16220175
0.16220185
0.16220194
0.16220202
0.16220209
0.16220215
0.16220221
0.16220226
0.16220231
0.16220234
0.16220236
0.16220236
0.14208313
0.14219172
0.14224104
0.14227817
0.14231137
0.14234331
0.14237523
0.14240782
0.14346306
0.1454478
0.14800425
0.15081842
0.15361537
0.15616591
0.15830118
0.15992817
0.16103801
0.16169866
0.1620289
0.1621593
0.16219575
0.16220138
0.16220164
0.16220178
0.16220186
0.16220191
0.16220194
0.16220195
0.16220196
0.16220197
0.16220197
0.16220198
0.16220199
0.16220199
0.162202
0.16220201
0.16220201
0.16220202
0.16220203
0.16220203
0.16220204
0.16220204
0.16220205
0.16220205
0.16220206
0.16220206
0.16220207
0.16220207
0.16220207
0.16220208
0.16220208
0.16220209
0.16220209
0.1622021
0.1622021
0.1622021
0.16220211
0.16220211
0.16220211
0.16220212
0.16220212
0.16220212
0.16220213
0.16220213
0.16220213
0.16220213
0.16220214
0.16220214
0.16220214
0.16220215
0.16220215
0.16220215
0.16220215
0.16220216
0.16220216
0.16220216
0.16220216
0.16220217
0.16220217
0.16220217
0.16220217
0.16220217
0.16220218
0.16220218
0.16220218
0.16220218
0.16220218
0.16220219
0.16220219
0.16220219
0.16220219
0.16220219
0.1622022
0.1622022
0.1622022
0.1622022
0.1622022
0.16220221
0.16220221
0.16220221
0.16220221
0.16220221
0.16220221
0.16220222
0.16220222
0.16220222
0.16220222
0.16220222
0.16220222
0.16220223
0.16220223
0.16220223
0.16220223
0.16220223
0.16220223
0.16220223
0.16220224
0.16220224
0.16220224
0.16220224
0.16220224
0.16220224
0.16220224
0.16220225
0.16220225
0.16220225
0.16220225
0.16220225
0.16220225
0.16220225
0.16220225
0.16220226
0.16220226
0.16220226
0.16220226
0.16220226
0.16220226
0.16220226
0.16220227
0.16220227
0.16220227
0.16220227
0.16220227
0.16220227
0.16220227
0.16220227
0.16220227
0.16220228
0.16220228
0.16220228
0.16220228
0.16220228
0.16220228
0.16220228
0.16220228
0.16220229
0.16220229
0.16220229
0.16220229
0.16220229
0.16220229
0.16220229
0.16220229
0.16220229
0.16220229
0.1622023
0.1622023
0.1622023
0.1622023
0.1622023
0.1622023
0.1622023
0.1622023
0.1622023
0.16220231
0.16220231
0.16220231
0.16220231
0.16220232
0.16220232
0.16220232
0.16220233
0.16220233
0.16220234
0.16220234
0.16220234
0.16220235
0.16220235
0.16220235
0.16220235
0.16220235
0.16220236
0.16220236
0.16220236
0.16220236
0.16220236
0.16220236
0.16220236
0.16220236
0.16220236
)
;

boundaryField
{
    inlet_drug
    {
        type            fixedValue;
        value           uniform 1;
    }
    inlet_medium
    {
        type            fixedValue;
        value           uniform 0;
    }
    outlet
    {
        type            zeroGradient;
    }
    walls
    {
        type            zeroGradient;
    }
    floor
    {
        type            zeroGradient;
    }
    frontAndBack
    {
        type            empty;
    }
}


// ************************************************************************* //
