/*--------------------------------*- C++ -*----------------------------------*\
| =========                 |                                                 |
| \\      /  F ield         | OpenFOAM: The Open Source CFD Toolbox           |
|  \\    /   O peration     | Version:  2406                                  |
|   \\  /    A nd           | Website:  www.openfoam.com                      |
|    \\/     M anipulation  |                                                 |
\*---------------------------------------------------------------------------*/
FoamFile
{
    version     2.0;
    format      ascii;
    arch        "LSB;label=32;scalar=64";
    class       volScalarField;
    location    "2000";
    object      p;
}
// * * * * * * * * * * * * * * * * * * * * * * * * * * * * * * * * * * * * * //

dimensions      [0 2 -2 0 0 0 0];

internalField   nonuniform List<scalar> 
6800
(
-0.026308923
-0.0085615789
0.0034412802
0.0074504146
0.0075423435
0.0065150788
0.0052224621
0.0039870309
0.0029728105
0.0022140353
0.0016863139
0.0013531452
0.0011774245
0.0011230892
0.0011563257
0.0012466559
0.0013676084
0.0014971155
0.0016177488
0.0017167992
0.0017861716
0.0018220839
0.0018245822
0.0017969108
0.0017447926
0.0016756806
0.0015980334
0.0015206514
0.0014520935
0.0014001784
0.0013715675
0.0013714264
0.0014031608
0.0014682335
0.0015660691
0.0016940574
0.0018476649
0.00202067
0.0022055043
0.0023936996
0.0025763906
0.0027448554
0.0028910618
0.0030081873
0.0030910156
0.0031362321
0.0031425348
0.0031106173
0.0030430623
0.0029441302
0.0028194729
0.0026758015
0.0025205302
0.0023614106
0.0022061703
0.0020621616
0.0019360335
0.0018334313
0.0017587401
0.0017148852
0.001703195
0.0017233464
0.0017733962
0.0018498961
0.0019481102
0.0020623046
0.0021860709
0.0023126447
0.0024352756
0.0025475996
0.0026439777
0.002719778
0.0027715574
0.002797185
0.0027958631
0.0027680792
0.002715517
0.0026409377
0.0025480202
0.0024411621
0.002325257
0.0022054587
0.0020869397
0.0019746538
0.0018731092
0.0017861654
0.0017168587
0.001667272
0.0016384509
0.0016303748
0.0016419865
0.0016712763
0.0017154221
0.0017709697
0.0018340361
0.0019005153
0.0019662911
0.0020274516
0.0020804855
0.0021224357
0.0021510187
0.0021646997
0.0021627162
0.002145072
0.0021124882
0.0020663399
0.0020085696
0.0019415761
0.0018680855
0.0017910142
0.0017133271
0.0016378979
0.0015673777
0.0015040759
0.0014498613
0.0014060864
0.0013735391
0.0013524251
0.0013423799
0.0013425108
0.0013514645
0.0013675171
0.0013886792
0.0014128101
0.0014377295
0.0014613259
0.0014816581
0.0014970427
0.0015061217
0.0015079109
0.0015018241
0.0014876769
0.0014656726
0.0014363731
0.0014006547
0.0013596518
0.0013146904
0.0012672177
0.0012187277
0.0011706894
0.0011244777
0.0010813123
0.0010422065
0.0010079269
0.00097896825
0.00095554169
0.00093757815
0.0009247455
0.00091647835
0.000912018
0.00091046047
0.00091080876
0.00091202751
0.00091309569
0.00091305606
0.00091105785
0.00090639215
0.0008985176
0.000887077
0.0008719033
0.00085301693
0.0008306137
0.00080504586
0.00077679621
0.00074644822
0.00071465231
0.00068209161
0.00064944712
0.00061736562
0.00058642994
0.00055713479
0.00052986707
0.0005048934
0.00048235321
0.00046225945
0.00044450446
0.00042887258
0.00041505629
0.00040267721
0.00039130815
0.00038049756
0.00036979245
0.00035876122
0.00034701286
0.00033421407
0.00032010138
0.00030449021
0.00028727845
0.00026844684
0.0002480543
0.00022623094
0.00020316669
0.0001790998
0.00015429976
0.00012906169
0.00010366076
7.8458654e-05
5.3462974e-05
2.9960405e-05
4.2672884e-06
-0.031133328
-0.0093469174
0.0033680656
0.0070203799
0.0071715397
0.0063256947
0.0051599867
0.0039937466
0.0030177966
0.002279925
0.001761301
0.0014298637
0.0012521465
0.0011941441
0.0012230234
0.0013088557
0.0014255249
0.0015511725
0.0016684647
0.0017647014
0.0018317345
0.001865687
0.0018664871
0.0018372553
0.0017835978
0.001712868
0.0016334471
0.001554084
0.0014833122
0.0014289501
0.0013976822
0.0013947174
0.001423522
0.001485634
0.0015805632
0.0017057905
0.0018568745
0.0020276825
0.0022107258
0.0023975977
0.0025794712
0.0027476347
0.002894038
0.0030118118
0.0030956701
0.0031422039
0.0031500138
0.003119686
0.0030536965
0.0029562076
0.0028327847
0.0026900683
0.0025354191
0.0023765548
0.0022211873
0.002076673
0.001949683
0.0018458999
0.0017697619
0.0017242597
0.0017107952
0.0017291262
0.0017773934
0.0018522302
0.0019489766
0.0020619649
0.002184837
0.002310862
0.0024333025
0.0025457877
0.0026426526
0.0027192257
0.0027720112
0.0027988169
0.0027987789
0.0027723138
0.0027210366
0.0026476425
0.002555753
0.0024497181
0.0023343952
0.0022149142
0.0020964374
0.001983921
0.0018818886
0.001794227
0.0017240098
0.0016733658
0.0016433928
0.0016341256
0.0016445638
0.0016727522
0.0017159184
0.0017706508
0.001833098
0.0018991759
0.0019647775
0.0020259881
0.0020792825
0.0021216794
0.0021508644
0.002165266
0.0021640812
0.0021472703
0.0021155126
0.0020701418
0.0020130641
0.0019466469
0.0018735924
0.0017968003
0.0017192269
0.0016437457
0.001573015
0.0015093592
0.0014546681
0.0014103204
0.0013771343
0.0013553473
0.0013446279
0.0013441151
0.0013524844
0.0013680369
0.0013888029
0.0014126547
0.0014374196
0.0014609865
0.0014814084
0.0014969911
0.0015063607
0.0015085137
0.0015028423
0.0014891386
0.0014675824
0.0014387132
0.0014033866
0.0013627191
0.0013180229
0.0012707346
0.0012223428
0.0011743148
0.0011280283
0.00108471
0.0010453831
0.0010108275
0.00098155302
0.00095778717
0.00093947767
0.00092630876
0.00091773008
0.00091299617
0.00091121362
0.00091139328
0.00091250423
0.00091352694
0.0009135023
0.00091157507
0.00090702914
0.00089931427
0.00088806262
0.000873096
0.00085442311
0.00083222867
0.00080685442
0.00077877421
0.00074856391
0.00071686862
0.0006843679
0.00065174163
0.00061963724
0.00058864051
0.00055925044
0.00053186001
0.00050674259
0.00048404541
0.0004637891
0.00044587391
0.00043009118
0.00041613998
0.00040364698
0.00039218916
0.00038131726
0.00037057957
0.00035954387
0.00034781765
0.00033506448
0.00032101722
0.00030548652
0.00028836542
0.00026962926
0.00024933205
0.00022759888
0.00020461566
0.0001806169
0.0001558694
0.00013066679
0.0001052807
8.0078742e-05
5.502325e-05
3.149784e-05
5.1374092e-06
-0.01758695
-0.0045513776
0.0035094189
0.0057275025
0.0058467517
0.0053802656
0.0045973671
0.0037067862
0.0029111594
0.0022939811
0.0018555094
0.0015736933
0.0014231983
0.0013766041
0.0014060184
0.0014852947
0.0015912154
0.0017040317
0.0018078482
0.0018908801
0.001945508
0.0019681075
0.0019586716
0.0019202664
0.0018583757
0.0017802001
0.0016939667
0.0016082878
0.0015315907
0.0014716251
0.0014350455
0.0014270672
0.0014511939
0.0015090237
0.001600141
0.0017221051
0.0018705493
0.0020393958
0.0022211836
0.0024074969
0.0025894684
0.0027583205
0.0029059108
0.0030252459
0.0031108998
0.0031593083
0.0031689202
0.0031401938
0.0030754978
0.0029789073
0.002855924
0.0027131506
0.0025579362
0.002398012
0.0022411281
0.002094702
0.001965486
0.0018592568
0.0017805595
0.001732499
0.0017165866
0.001732688
0.0017790448
0.0018523684
0.0019480573
0.0020604828
0.0021832984
0.0023097553
0.0024330702
0.0025468015
0.0026452002
0.0027235058
0.0027781273
0.0028067797
0.0028085068
0.0027836277
0.0027336751
0.0026612836
0.0025700304
0.0024642397
0.0023487627
0.0022287418
0.0021093704
0.0019956516
0.0018921703
0.0018028847
0.0017309461
0.0016785645
0.0016469177
0.0016361148
0.0016452222
0.0016723379
0.0017147299
0.0017690105
0.0018313352
0.0018976122
0.0019637076
0.0020256664
0.0020799142
0.0021234109
0.0021537832
0.0021693999
0.0021693986
0.0021536811
0.0021228721
0.0020782638
0.0020217311
0.0019556217
0.0018826298
0.0018056593
0.0017276821
0.0016515974
0.0015800981
0.0015155498
0.0014598882
0.0014145396
0.0013803698
0.0013576609
0.0013461214
0.0013449238
0.0013527687
0.0013679743
0.0013885771
0.001412447
0.001437401
0.001461309
0.0014821986
0.0014983462
0.0015083452
0.0015111582
0.0015061432
0.0014930589
0.0014720555
0.0014436481
0.0014086733
0.0013682347
0.0013236378
0.0012763193
0.001227774
0.001179481
0.0011328349
0.0010890828
0.001049271
0.0010142041
0.00098441655
0.00096015948
0.00094140204
0.0009278467
0.00091895756
0.00091399908
0.0009120832
0.00091222135
0.00091337882
0.00091452813
0.00091469893
0.00091302182
0.00090876488
0.00090136081
0.00089042479
0.00087576212
0.00085736667
0.00083541022
0.00081022431
0.00078227536
0.00075213519
0.00072044776
0.00068789479
0.00065516094
0.00062290103
0.00059171001
0.00056209763
0.00053446821
0.00050910693
0.0004861722
0.00046569515
0.00044758497
0.00043164041
0.00041756575
0.00040499093
0.00039349381
0.00038262417
0.00037192712
0.0003609659
0.0003493418
0.00033671153
0.00032280028
0.00030741105
0.00029042925
0.00027182341
0.00025164133
0.00023000329
0.00020709132
0.00018313782
0.00015840788
0.00013319644
0.0001077681
8.2507366e-05
5.7270919e-05
3.3704429e-05
5.4086826e-06
-0.0091242493
-0.0053964636
-0.0011609011
0.0012655337
0.0022317216
0.0024960329
0.0024137012
0.0021513519
0.0018488507
0.0015962741
0.0014253669
0.0013382766
0.0013267891
0.0013770381
0.0014715288
0.0015918176
0.0017205935
0.0018428369
0.0019464929
0.0020228901
0.0020669101
0.0020768985
0.0020543473
0.002003404
0.001930273
0.0018425748
0.0017487187
0.0016573222
0.0015766955
0.0015143929
0.0014768296
0.0014689607
0.0014940254
0.0015533635
0.0016463147
0.0017702132
0.0019204891
0.0020908852
0.0022737847
0.0024606404
0.0026424794
0.0028104516
0.0029563817
0.0030732806
0.0031557621
0.0032003384
0.003205562
0.003172032
0.0031022788
0.0030005493
0.0028725184
0.0027249557
0.0025653648
0.0024016149
0.0022415729
0.0020927453
0.0019619395
0.0018549592
0.0017763368
0.0017291262
0.0017147625
0.0017330014
0.001781951
0.0018581887
0.0019569492
0.0020724282
0.002198133
0.0023271956
0.0024527303
0.0025682081
0.0026678115
0.0027467456
0.0028014198
0.0028295431
0.0028301618
0.0028036405
0.0027515896
0.002676742
0.0025827872
0.00247417
0.0023558659
0.0022331414
0.0021113049
0.0019954622
0.0018902831
0.0017997851
0.0017271556
0.0016746116
0.00164331
0.0016333196
0.0016436395
0.0016722885
0.0017164427
0.0017726112
0.0018368495
0.0019049772
0.0019727809
0.0020362306
0.002091693
0.0021360868
0.0021670161
0.0021828385
0.0021826836
0.0021664619
0.0021348283
0.0020891214
0.0020312729
0.0019636957
0.0018891543
0.0018106249
0.0017311504
0.0016536961
0.0015810124
0.0015155114
0.001459162
0.0014134092
0.0013791221
0.0013565726
0.0013454454
0.0013448778
0.0013535281
0.0013696645
0.0013912719
0.0014161665
0.0014421141
0.0014669412
0.0014886381
0.0015054491
0.0015159431
0.001519065
0.0015141642
0.001501001
0.0014797366
0.0014509047
0.0014153673
0.0013742584
0.0013289182
0.0012808198
0.0012314948
0.0011824577
0.0011351352
0.0010908018
0.0010505254
0.0010151253
0.00098514378
0.00096083238
0.000942154
0.00092879879
0.00092021337
0.00091564088
0.00091416922
0.00091478449
0.00091642657
0.00091804374
0.0009186435
0.00091733749
0.00091337842
0.00090618792
0.00089537447
0.0008807413
0.00086228457
0.00084018252
0.00081477668
0.0007865466
0.00075607929
0.00072403553
0.00069111427
0.00065801723
0.00062541509
0.00059391693
0.00056404412
0.00053620984
0.00051070484
0.00048769
0.00046719559
0.00044912712
0.00043327694
0.00041934092
0.00040693886
0.00039563761
0.00038497538
0.00037448602
0.00036372203
0.00035227525
0.00033979433
0.00032599832
0.00031068599
0.0002937407
0.00027513085
0.00025490622
0.00023319065
0.00021017113
0.00018608648
0.00016120592
0.00013583738
0.00011021928
8.4840367e-05
5.9141884e-05
3.6255345e-05
3.0521252e-06
-0.0064021618
-0.0050043206
-0.0023127202
-0.00021143885
0.00075821805
0.0010868026
0.0011695589
0.001139939
0.0010719961
0.0010328234
0.0010555106
0.0011410295
0.0012763661
0.0014443049
0.0016264142
0.0018051342
0.0019656683
0.0020969619
0.0021919008
0.0022471385
0.0022627289
0.002241612
0.002189003
0.0021117547
0.0020177493
0.0019153588
0.0018129864
0.0017186835
0.0016398272
0.0015828395
0.0015529369
0.0015539087
0.0015879298
0.0016554241
0.0017549938
0.0018834303
0.0020358188
0.0022057456
0.002385609
0.0025670239
0.0027412939
0.0028999286
0.0030351641
0.0031404446
0.003210822
0.0032432345
0.0032366402
0.003192013
0.0031122146
0.0030017695
0.0028665718
0.0027135465
0.0025502885
0.0023846907
0.0022245736
0.0020773271
0.0019495757
0.0018468778
0.0017734701
0.0017320778
0.0017237963
0.00174805
0.0018026435
0.001883895
0.0019868454
0.0021055469
0.0022333959
0.0023634926
0.0024889994
0.002603483
0.0027012459
0.0027775981
0.0028290539
0.0028534442
0.0028499538
0.0028190996
0.0027626542
0.0026835178
0.0025855454
0.0024733396
0.0023520185
0.0022269663
0.0021035772
0.0019870036
0.0018819162
0.0017922907
0.0017212298
0.00167083
0.0016421037
0.0016349575
0.00164823
0.001679786
0.0017266609
0.0017852455
0.0018514975
0.0019211669
0.0019900108
0.0020540015
0.0021095171
0.0021535015
0.0021835865
0.0021981645
0.002196423
0.0021783413
0.0021446552
0.0020967919
0.0020367761
0.0019671142
0.0018906605
0.0018104723
0.0017296603
0.0016512399
0.0015779912
0.0015123338
0.0014562219
0.0014110658
0.0013776828
0.0013562802
0.0013464698
0.0013473139
0.0013573966
0.0013749173
0.0013977996
0.0014238082
0.0014506681
0.0014761767
0.0014983074
0.0015152982
0.0015257222
0.001528537
0.001523113
0.0015092399
0.0014871157
0.0014573159
0.0014207484
0.001378595
0.0013322425
0.0012832086
0.001233064
0.0011833553
0.0011355328
0.0010908849
0.0010504836
0.0010151423
0.00098538854
0.00096145188
0.00094326724
0.00093049294
0.00092254183
0.00091862311
0.00091779222
0.00091900564
0.00092117752
0.00092323503
0.00092416981
0.00092308311
0.00091922281
0.00091201117
0.0009010625
0.00088619058
0.00086740624
0.00084490577
0.00081905126
0.0007903442
0.00075939403
0.00072688318
0.00069353058
0.00066005524
0.00062714173
0.00059540902
0.00056538417
0.00053748166
0.00051198944
0.00048906182
0.00046871937
0.00045085539
0.00043524831
0.00042157914
0.00040945272
0.00039842142
0.00038801019
0.00037774126
0.00036715767
0.00035584418
0.00034344493
0.00032967707
0.0003143401
0.00029732045
0.00027859186
0.00025821116
0.00023631081
0.00021308692
0.00018878915
0.00016369265
0.00013812701
0.00011229031
8.6850095e-05
6.0618533e-05
3.8978931e-05
-6.5394209e-07
-0.0053572528
-0.004672141
-0.0032125032
-0.0018869514
-0.0011382384
-0.00075376949
-0.00048825836
-0.00026371148
-5.0611908e-05
0.00018673186
0.00046723871
0.00078439711
0.0011190428
0.0014497475
0.0017563291
0.0020216105
0.0022331323
0.002384052
0.0024730316
0.0025035112
0.0024826784
0.0024202828
0.0023274382
0.0022155635
0.0020955682
0.0019773199
0.0018693619
0.0017788114
0.0017113596
0.001671306
0.0016615805
0.0016837351
0.0017379136
0.0018228211
0.0019357184
0.0020724639
0.002227619
0.0023946327
0.0025661193
0.0027342131
0.0028909803
0.003028872
0.0031411773
0.0032224363
0.0032687877
0.0032781965
0.0032505408
0.0031875686
0.0030927358
0.0029709636
0.0028283425
0.0026718037
0.0025087742
0.0023468262
0.0021933291
0.0020551165
0.0019381771
0.001847383
0.0017862692
0.0017568783
0.0017596758
0.0017935456
0.0018558644
0.0019426584
0.0020488223
0.0021683969
0.0022948937
0.0024216296
0.002542065
0.0026501239
0.0027404952
0.0028088748
0.0028521405
0.0028684566
0.0028573117
0.0028194927
0.0027570036
0.0026729328
0.0025712775
0.0024567336
0.0023344584
0.0022098189
0.0020881334
0.0019744185
0.0018731549
0.0017880819
0.0017220315
0.0016768133
0.0016531537
0.0016506935
0.0016680436
0.00170289
0.0017521497
0.001812154
0.0018788577
0.0019480568
0.0020155967
0.002077572
0.0021305042
0.00217149
0.0021983125
0.0022095074
0.0022043978
0.0021830901
0.0021464362
0.0020959659
0.0020337911
0.0019624865
0.0018849536
0.0018042732
0.0017235532
0.0016457788
0.001573674
0.0015095776
0.0014553441
0.0014122703
0.0013810542
0.0013617855
0.0013539677
0.0013565695
0.0013681014
0.001386712
0.0014102968
0.0014366148
0.0014634045
0.0014884936
0.001509899
0.0015259112
0.0015351612
0.0015366673
0.0015298606
0.0015145913
0.0014911141
0.0014600573
0.0014223757
0.0013792903
0.0013322186
0.0012826987
0.001232311
0.0011826002
0.0011350031
0.0010907842
0.0010509823
0.0010163708
0.00098743224
0.00096434977
0.00094701267
0.00093503717
0.00092779956
0.00092447958
0.00092411122
0.00092563784
0.00092796857
0.0009300331
0.00093083216
0.00092948159
0.00092524823
0.00091757649
0.00090610489
0.00089067249
0.00087131545
0.00084825449
0.00082187434
0.0007926966
0.00076134742
0.00072852204
0.00069494774
0.00066134722
0.00062840399
0.0005967315
0.00056684717
0.00053915252
0.00051391997
0.00049128675
0.0004712557
0.00045370279
0.00043839033
0.00042498514
0.00041308035
0.00040221947
0.00039192159
0.00038170616
0.0003711163
0.00035973952
0.00034722504
0.00033329705
0.00031776357
0.00030052068
0.00028155232
0.00026092575
0.00023878377
0.00021533179
0.00019082966
0.00016555585
0.00013986448
0.00011390076
8.8561867e-05
6.1891416e-05
4.1989021e-05
-4.8399614e-06
-0.0051679645
-0.0048283417
-0.0040496017
-0.0032144206
-0.0026159994
-0.0022083654
-0.0018493735
-0.0014709175
-0.0010530654
-0.00058513424
-7.0146433e-05
0.0004706262
0.0010067474
0.0015079447
0.0019482373
0.0023078497
0.0025746996
0.0027450289
0.0028229152
0.0028189693
0.0027485486
0.0026297105
0.0024811717
0.0023205667
0.0021632066
0.0020214074
0.0019043217
0.0018181282
0.0017664271
0.0017506932
0.0017706872
0.001824771
0.0019101218
0.0020228741
0.0021582192
0.0023105024
0.0024733323
0.0026397426
0.0028024434
0.0029541242
0.0030878029
0.0031972198
0.0032771981
0.0033239587
0.0033353985
0.0033112186
0.0032529044
0.0031635872
0.0030477863
0.0029111145
0.0027599646
0.0026011963
0.0024418311
0.0022887561
0.0021484395
0.0020266617
0.0019282701
0.0018569702
0.0018151644
0.0018038497
0.0018225819
0.0018695105
0.001941481
0.0020342047
0.0021424817
0.0022604671
0.0023819681
0.0025007517
0.0026108465
0.0027068251
0.002784057
0.0028389112
0.0028689016
0.0028727692
0.0028505021
0.0028032967
0.0027334662
0.0026443029
0.0025399011
0.0024249478
0.0023044908
0.0021836925
0.0020675816
0.0019608131
0.0018674508
0.0017907823
0.001733178
0.0016960007
0.0016795707
0.0016831864
0.001705197
0.0017431219
0.0017938072
0.0018536098
0.0019185953
0.0019847406
0.0020481278
0.0021051248
0.0021525426
0.0021877655
0.0022088472
0.0022145707
0.0022044743
0.0021788439
0.0021386724
0.0020855898
0.002021767
0.001949796
0.0018725544
0.0017930591
0.0017143169
0.0016391788
0.0015702071
0.0015095602
0.0014589021
0.0014193403
0.0013913949
0.0013749991
0.0013695298
0.001373865
0.0013864634
0.0014054608
0.0014287772
0.0014542281
0.0014796342
0.0015029248
0.0015222298
0.0015359574
0.0015428545
0.0015420484
0.0015330688
0.0015158507
0.0014907183
0.0014583527
0.0014197434
0.0013761285
0.0013289247
0.0012796522
0.0012298573
0.0011810366
0.0011345667
0.0010916434
0.0010532317
0.0010200297
0.00099244801
0.00097060399
0.00095433127
0.00094320284
0.00093656577
0.00093358527
0.00093329515
0.00093465176
0.00093658858
0.00093806867
0.00093813262
0.00093594004
0.00093080301
0.00092221039
0.0009098425
0.00089357593
0.00087347893
0.00084979797
0.00082293653
0.00079342765
0.00076190157
0.00072905044
0.00069559172
0.0006622323
0.00062963489
0.00059838825
0.00056898266
0.00054179145
0.00051705928
0.00049489745
0.00047528592
0.00045808181
0.00044303336
0.00042979846
0.00041796653
0.00040708241
0.00039667103
0.00038626155
0.00037540988
0.00036371849
0.00035085283
0.00033655378
0.00032064567
0.00030303983
0.00028373388
0.00026280663
0.00024041029
0.00021675682
0.00019211232
0.00016675321
0.00014105492
0.00011510122
9.0031237e-05
6.3077353e-05
4.5134293e-05
-8.807066e-06
-0.0054187817
-0.0052550761
-0.004862173
-0.0044046557
-0.0040173598
-0.0036688312
-0.0032661058
-0.002758589
-0.0021400193
-0.0014258903
-0.00064776059
0.00015029695
0.00092071923
0.0016206001
0.0022157877
0.0026827511
0.0030096483
0.0031964094
0.0032536691
0.0032007641
0.0030630619
0.002868835
0.0026461392
0.0024202242
0.0022117917
0.0020361964
0.0019034429
0.0018187332
0.0017833268
0.0017954718
0.0018512498
0.0019452489
0.0020710642
0.0022216416
0.0023894983
0.002566888
0.0027459197
0.0029187172
0.0030776719
0.0032156884
0.0033265153
0.0034051392
0.0034480486
0.0034534523
0.0034215202
0.0033543581
0.0032558066
0.0031311509
0.0029866474
0.0028291263
0.0026656169
0.0025030387
0.00234795
0.0022063361
0.0020834301
0.00198355
0.0019099604
0.0018647616
0.0018488139
0.0018617071
0.0019017859
0.0019662268
0.0020511672
0.0021518921
0.0022630554
0.0023789311
0.0024936878
0.0026016647
0.0026976337
0.0027770376
0.0028361874
0.0028724126
0.0028841598
0.0028710337
0.0028337772
0.0027742014
0.0026950701
0.0025999498
0.0024930286
0.0023789136
0.0022624126
0.0021483079
0.0020411323
0.0019449581
0.0018632109
0.0017985189
0.0017526057
0.0017262339
0.0017192003
0.0017303813
0.0017578248
0.0017988791
0.001850352
0.0019086871
0.0019701492
0.002031007
0.0020877056
0.0021370211
0.0021761935
0.0022030314
0.0022159874
0.0022142023
0.0021975182
0.0021664623
0.0021222013
0.0020664691
0.0020014704
0.0019297635
0.0018541294
0.0017774318
0.0017024757
0.0016318726
0.0015679193
0.0015124962
0.0014669914
0.0014322525
0.001408569
0.0013956846
0.0013928362
0.0013988166
0.0014120557
0.0014307151
0.00145279
0.0014762123
0.0014989514
0.0015191064
0.0015349879
0.001545185
0.0015486171
0.0015445679
0.0015327014
0.001513061
0.0014860509
0.0014524019
0.0014131238
0.0013694457
0.0013227492
0.0012744948
0.0012261489
0.001179112
0.0011346541
0.0010938582
0.0010575767
0.0010264008
0.0010006451
0.00098034629
0.00096527628
0.00095496737
0.00094874812
0.00094578689
0.00094514069
0.00094580646
0.00094677221
0.00094706552
0.00094579741
0.0009421998
0.00093565518
0.00092571777
0.00091212545
0.00089480258
0.00087385394
0.00084955052
0.00082230808
0.00079265993
0.00076122538
0.00072867553
0.00069569825
0.00066296404
0.00063109449
0.00060063467
0.00057203084
0.00054561412
0.0005215908
0.0005000393
0.0004809136
0.00046405263
0.00044919465
0.00043599582
0.00042405151
0.00041291944
0.00040214311
0.00039127462
0.00037989566
0.00036763583
0.00035418768
0.00033931774
0.00032287348
0.000304786
0.00028506858
0.00026381129
0.00024117316
0.00021736821
0.00019266254
0.00016732381
0.00014173889
0.00011592848
9.1237677e-05
6.4175118e-05
4.8034426e-05
-1.1871868e-05
-0.0058791115
-0.0058185106
-0.0056995519
-0.0056184849
-0.0055343507
-0.0053246397
-0.0049084726
-0.0042655715
-0.0034153467
-0.0024065847
-0.0013084056
-0.00019678411
0.00085742123
0.001795407
0.0025733527
0.0031635508
0.0035548484
0.0037520757
0.0037742908
0.0036519595
0.0034232687
0.003129509
0.0028103935
0.002500365
0.0022263083
0.0020067562
0.0018522737
0.0017665647
0.0017479749
0.0017910114
0.0018876479
0.0020283214
0.0022026938
0.0024001748
0.0026102719
0.002822775
0.0030278162
0.0032161109
0.0033792413
0.0035097842
0.0036017352
0.0036511204
0.0036559889
0.0036165364
0.0035354941
0.003417792
0.0032702243
0.0031010215
0.0029188944
0.0027325408
0.0025501287
0.0023789696
0.0022253221
0.0020942788
0.0019897159
0.0019142717
0.0018693441
0.0018551078
0.0018705502
0.0019135287
0.0019808732
0.0020685047
0.0021715971
0.0022847905
0.0024024027
0.0025186743
0.0026280312
0.0027253313
0.002806098
0.0028667191
0.002904597
0.0029182373
0.0029072916
0.0028725316
0.0028157648
0.0027397091
0.0026478259
0.0025441414
0.0024330487
0.0023191117
0.0022068642
0.0021006146
0.0020042613
0.0019211257
0.001853812
0.0018041041
0.0017729031
0.0017602127
0.0017651688
0.0017861139
0.0018207084
0.0018660703
0.0019189353
0.0019758279
0.0020332317
0.0020877528
0.0021362683
0.0021760534
0.0022048844
0.0022211147
0.002223722
0.0022123277
0.0021871904
0.0021491732
0.0020996873
0.0020406143
0.0019742073
0.0019029776
0.0018295705
0.0017566357
0.0016867006
0.0016220513
0.0015646294
0.0015159496
0.0014770422
0.0014484239
0.0014300955
0.001421567
0.0014219068
0.0014298089
0.0014436758
0.0014617101
0.0014820092
0.0015026597
0.0015218257
0.0015378289
0.0015492164
0.0015548149
0.0015537707
0.0015455731
0.0015300625
0.0015074227
0.0014781588
0.0014430609
0.001403156
0.0013596512
0.0013138689
0.001267179
0.0012209311
0.0011763899
0.0011346773
0.0010967246
0.0010632356
0.0010346638
0.0010112031
0.00099279214
0.00097913098
0.00096970864
0.0009638395
0.00096070581
0.00095940395
0.00095899205
0.00095853637
0.00095715461
0.00095405438
0.00094856529
0.0009401637
0.00092848955
0.00091335472
0.00089474319
0.00087280314
0.00084783184
0.00082025415
0.000790596
0.0007594542
0.00072746424
0.00069526769
0.00066348087
0.00063266631
0.00060330829
0.00057579357
0.00055039791
0.00052727889
0.00050647492
0.00048791017
0.00047140483
0.00045668979
0.00044342479
0.00043121891
0.00041965226
0.00040829771
0.00039674171
0.00038460322
0.00037154995
0.00035731141
0.0003416882
0.00032455753
0.00030587473
0.00028567106
0.00026404783
0.00024116874
0.00021724575
0.00019253849
0.00016729947
0.00014191216
0.00011634121
9.2055557e-05
6.5063216e-05
5.0193201e-05
-1.342706e-05
-0.0064123788
-0.0064767953
-0.0064974505
-0.0066577351
-0.0068400246
-0.0068197677
-0.0064673845
-0.0057410911
-0.0046703
-0.0033463037
-0.0018909916
-0.00042489238
0.00094932354
0.0021521096
0.0031276515
0.003843262
0.0042888465
0.0044754567
0.0044326296
0.0042047497
0.0038465784
0.0034163202
0.0029684321
0.0025484837
0.0021902359
0.0019150493
0.0017330752
0.0016452646
0.0016458401
0.001724575
0.0018685881
0.0020636769
0.0022952772
0.002548995
0.0028111327
0.0030688753
0.003310063
0.0035236186
0.0036999805
0.0038308473
0.0039100616
0.0039344299
0.0039030197
0.0038177068
0.0036837618
0.0035091874
0.0033045472
0.0030818288
0.0028527446
0.002628517
0.002418959
0.0022321789
0.0020744316
0.0019500965
0.0018617661
0.0018103771
0.0017953602
0.0018147975
0.0018655871
0.0019436028
0.0020439
0.0021608605
0.0022884132
0.002420283
0.0025501733
0.002672034
0.0027803067
0.0028701578
0.0029377046
0.0029801883
0.0029960905
0.0029851591
0.0029483882
0.0028879427
0.002806995
0.0027095133
0.0025999903
0.002483223
0.0023640635
0.0022472219
0.0021370728
0.0020374948
0.0019517325
0.0018822839
0.0018308202
0.0017981424
0.0017841757
0.0017880048
0.0018079469
0.0018416591
0.0018862736
0.0019385506
0.0019950434
0.0020522649
0.0021068477
0.0021556912
0.0021960886
0.0022258293
0.0022432732
0.0022473959
0.0022378041
0.0022147229
0.0021789593
0.0021318449
0.002075159
0.0020110362
0.00194186
0.0018701482
0.0017984347
0.0017291525
0.001664523
0.0016064593
0.0015564853
0.0015156784
0.0014846358
0.0014634672
0.0014518124
0.0014488827
0.0014535201
0.0014642732
0.0014794812
0.0014973631
0.0015161074
0.001533956
0.0015492816
0.0015606532
0.0015668897
0.0015670991
0.0015607038
0.0015474511
0.0015274092
0.0015009506
0.0014687228
0.0014316077
0.0013906728
0.0013471143
0.0013021964
0.0012571891
0.0012133071
0.0011716542
0.0011331747
0.0010986152
0.0010684977
0.0010431057
0.0010224828
0.0010064436
0.00099459512
0.00098636747
0.00098105079
0.00097783702
0.00097586344
0.00097425616
0.00097217126
0.00096883218
0.00096356175
0.00095580789
0.00094516232
0.00093137184
0.00091434201
0.0008941336
0.00087095203
0.00084513074
0.00081710931
0.00078740753
0.00075659682
0.00072527041
0.00069401385
0.00066337715
0.00063385018
0.00060584211
0.000579666
0.00055552894
0.00053352794
0.00051365153
0.00049578652
0.00047972937
0.00046520123
0.00045186566
0.00043934805
0.00042725563
0.00041519717
0.00040280137
0.00038973319
0.00037570758
0.0003605
0.0003439536
0.00032598272
0.00030657295
0.00028577788
0.00026371258
0.00024054577
0.00021648592
0.00019178165
0.00016666633
0.00014150322
0.00011621645
9.2283992e-05
6.5542109e-05
5.1144598e-05
-1.3059531e-05
-0.0067061994
-0.0071847819
-0.0080118436
-0.008858106
-0.0093453199
-0.0093918412
-0.0089567445
-0.0079781339
-0.0064960283
-0.0046672306
-0.0026869909
-0.00072985063
0.0010683675
0.0026101158
0.0038312895
0.0046970906
0.0052007893
0.0053623458
0.0052256749
0.0048535663
0.0043231938
0.0037152768
0.0031028591
0.0025450028
0.002083085
0.0017407217
0.0015264653
0.0014368904
0.0014606485
0.0015816065
0.0017810398
0.0020394047
0.0023375173
0.0026571162
0.0029812131
0.0032941896
0.003581699
0.0038309027
0.0040306579
0.0041715274
0.0042468235
0.0042530381
0.0041898114
0.0040606782
0.0038732577
0.0036386085
0.0033712247
0.0030871804
0.0028020304
0.0025302161
0.0022837285
0.002072025
0.0019018279
0.0017771568
0.0016996068
0.0016685825
0.0016816102
0.0017346546
0.0018224136
0.0019386192
0.002076327
0.0022281262
0.0023864644
0.0025438774
0.0026931476
0.002827676
0.0029416252
0.0030301613
0.0030896975
0.0031180453
0.003114529
0.0030799468
0.0030165902
0.0029281176
0.0028192854
0.0026955854
0.0025628803
0.0024271454
0.0022940665
0.0021688548
0.0020560144
0.0019592141
0.0018811889
0.0018236811
0.0017874285
0.0017721909
0.0017768137
0.001799326
0.0018370664
0.0018868345
0.0019450559
0.0020079557
0.0020717312
0.0021327187
0.0021875472
0.0022332747
0.0022674999
0.002288445
0.0022950092
0.0022867879
0.0022640572
0.002227727
0.0021792707
0.0021206326
0.0020541213
0.0019822898
0.0019078078
0.0018333359
0.0017614059
0.001694311
0.0016340113
0.0015820591
0.0015395452
0.0015070698
0.0014847386
0.0014721824
0.0014685999
0.0014728182
0.0014833686
0.0014985716
0.0015166266
0.0015357014
0.0015540177
0.0015699287
0.0015819853
0.0015889895
0.0015900345
0.0015845277
0.0015722012
0.0015531056
0.0015275926
0.0014962843
0.0014600333
0.0014198738
0.0013769678
0.0013325461
0.0012878493
0.0012440696
0.0012022973
0.0011634737
0.0011283535
0.0010974781
0.0010711603
0.0010494815
0.0010323002
0.0010192715
0.0010098748
0.0010034489
0.00099923141
0.00099640016
0.00099411523
0.00099155874
0.00098797109
0.00098268234
0.00097513757
0.00096491553
0.00095174043
0.00093548643
0.00091617548
0.00089396851
0.00086915094
0.00084211323
0.00081332753
0.00078332156
0.00075265107
0.00072187227
0.00069151536
0.00066206072
0.0006339185
0.00060741284
0.00058277101
0.00056011795
0.00053947613
0.00052077036
0.00050383719
0.00048843787
0.00047427422
0.00046100631
0.00044827099
0.00043570037
0.00042293935
0.00040966146
0.00039558239
0.00038047071
0.00036415557
0.0003465311
0.00032755752
0.00030725914
0.00028571957
0.00026307413
0.00023950138
0.00021520931
0.00019043531
0.00016539389
0.00014041361
0.00011539999
9.1715116e-05
6.5399693e-05
5.0585308e-05
-1.065707e-05
-0.0070944823
-0.0049411721
-0.0062753803
-0.0088029821
-0.01055989
-0.011370482
-0.011279092
-0.010242733
-0.0083823713
-0.0059969277
-0.0034146855
-0.00089861523
0.0013696602
0.0032745268
0.004748076
0.0057584628
0.0063060049
0.0064228401
0.0061683888
0.0056216782
0.0048817535
0.0040565722
0.0032434006
0.0025163294
0.00192569
0.0014978384
0.0012396664
0.0011421344
0.0011874073
0.0013523608
0.0016113895
0.0019387482
0.0023099013
0.0027023845
0.0030959071
0.00347201
0.003814309
0.0041086557
0.0043423373
0.0045049129
0.0045890126
0.0045897703
0.0045067666
0.0043445519
0.0041118807
0.0038220439
0.0034928763
0.0031440358
0.0027956555
0.0024665989
0.002171777
0.0019227055
0.0017274763
0.0015905197
0.0015131628
0.0014937675
0.0015282562
0.0016106027
0.0017332806
0.0018877618
0.0020648628
0.0022551554
0.0024493786
0.0026385659
0.0028144031
0.0029694703
0.0030973297
0.0031928967
0.0032525068
0.0032741605
0.0032575866
0.0032043081
0.0031175044
0.0030020059
0.0028641165
0.0027110238
0.0025503466
0.0023895984
0.0022356986
0.0020948792
0.0019722266
0.001871624
0.0017956425
0.0017455156
0.0017212006
0.0017214778
0.0017440943
0.0017859374
0.0018432327
0.0019117553
0.001987036
0.0020645653
0.0021399802
0.0022092364
0.0022687557
0.0023155579
0.00234736
0.0023626458
0.0023607092
0.0023416569
0.0023063741
0.0022564496
0.0021940729
0.0021219056
0.002042938
0.0019603298
0.0018772431
0.0017966891
0.0017213919
0.0016536716
0.0015953589
0.0015477378
0.0015115172
0.0014868333
0.0014732783
0.0014699545
0.0014755463
0.0014884084
0.0015066616
0.0015282935
0.001551258
0.0015735686
0.0015933842
0.0016090818
0.0016193168
0.0016230664
0.0016196575
0.001608778
0.0015904708
0.0015651134
0.0015333831
0.0014962104
0.0014547241
0.0014101895
0.0013639435
0.0013173293
0.0012716336
0.0012280296
0.0011875273
0.0011509349
0.0011188315
0.0010915522
0.0010691864
0.0010515881
0.0010383969
0.0010290677
0.0010229083
0.0010191207
0.0010168449
0.0010152026
0.0010133389
0.00101046
0.0010058658
0.00099897604
0.00098934958
0.00097669592
0.00096087977
0.00094191808
0.0009199707
0.00089532495
0.00086837542
0.00083959989
0.00080953271
0.00077873688
0.00074777619
0.00071718873
0.00068746295
0.00065901734
0.00063218455
0.00060720051
0.00058419886
0.00056321066
0.00054416912
0.00052691872
0.00051122803
0.00049680542
0.00048331651
0.00047040261
0.00045769902
0.00044485242
0.00043153665
0.0004174661
0.00040240646
0.00038618235
0.00036868174
0.00034985725
0.00032972427
0.00030835626
0.00028587777
0.00026245507
0.00023828632
0.0002135875
0.00018859032
0.00016349621
0.00013859105
0.00011378691
9.021995e-05
6.4489318e-05
4.8465395e-05
-6.4423582e-06
-0.016251442
-0.010366679
-0.0096559132
-0.011559696
-0.013386825
-0.014438434
-0.014425745
-0.013166278
-0.01080439
-0.0077565925
-0.004487136
-0.0013533222
0.0014226045
0.0037189522
0.0054763875
0.0066745954
0.0073236241
0.0074626769
0.0071532348
0.006479165
0.0055557323
0.0045160683
0.0034887569
0.0025731702
0.0018315717
0.0012919075
0.00096081511
0.00082628541
0.0008679416
0.0010571603
0.0013612096
0.0017474583
0.0021854099
0.0026474517
0.003109139
0.0035491226
0.0039490943
0.004293488
0.0045689681
0.0047648089
0.0048730391
0.0048882263
0.0048088301
0.0046387184
0.0043857662
0.0040634039
0.0036903888
0.0032877377
0.0028790668
0.0024877302
0.0021335204
0.0018326569
0.0015957103
0.0014284206
0.001333366
0.0013089762
0.0013504729
0.0014503758
0.0015992075
0.0017861229
0.0019995154
0.0022277498
0.0024594794
0.002684016
0.0028917095
0.0030740095
0.0032238171
0.003335503
0.0034050521
0.0034302502
0.0034107877
0.0033483754
0.0032464474
0.0031104882
0.0029477245
0.0027666295
0.0025766171
0.002387011
0.0022065113
0.0020428488
0.0019021611
0.0017891862
0.0017069007
0.001656516
0.001637598
0.0016482127
0.0016851555
0.0017442063
0.0018204279
0.0019084534
0.0020027607
0.0020979198
0.0021888079
0.0022707922
0.002339876
0.0023928252
0.0024272508
0.0024416737
0.0024355636
0.0024093291
0.0023642847
0.0023025557
0.0022269611
0.0021408568
0.0020479773
0.001952228
0.0018574549
0.0017672478
0.0016847708
0.0016126129
0.0015526991
0.0015062341
0.0014736909
0.0014548397
0.0014488107
0.0014541846
0.0014691012
0.0014913808
0.0015186489
0.0015484588
0.0015784061
0.0016062326
0.0016299152
0.0016477392
0.0016583544
0.0016608136
0.0016545922
0.00163959
0.0016161144
0.0015848468
0.0015467928
0.0015032195
0.0014555834
0.0014054518
0.0013544222
0.0013040439
0.0012557456
0.0012107723
0.0011701351
0.0011345761
0.0011045483
0.0010802123
0.0010614478
0.0010478774
0.0010389026
0.0010337472
0.0010315059
0.0010311957
0.0010318067
0.0010323509
0.0010319057
0.0010296523
0.001024906
0.0010171393
0.0010059962
0.00099129796
0.0009730406
0.00095138501
0.00092663968
0.00089923781
0.00086970988
0.00083865317
0.00080669969
0.00077448426
0.00074261416
0.00071164185
0.00068204185
0.00065419273
0.00062836496
0.00060471471
0.00058328363
0.00056400429
0.00054671045
0.0005311515
0.00051700994
0.00050392085
0.00049149221
0.00047932521
0.00046703331
0.00045425955
0.00044069122
0.00042607153
0.00041020785
0.00039297649
0.00037432391
0.00035426459
0.00033287582
0.00031028979
0.0002866836
0.00026226749
0.0002372727
0.00021193656
0.00018649667
0.00016115334
0.00013615178
0.00011143626
8.7844767e-05
6.2803143e-05
4.5017137e-05
-9.5208291e-07
-0.011295272
-0.0098597531
-0.01015514
-0.011682707
-0.013513165
-0.014873086
-0.01517622
-0.014151313
-0.011875687
-0.0087419179
-0.0052771892
-0.0019158248
0.0010775314
0.0035678946
0.0054901632
0.0068158384
0.0075567141
0.0077611229
0.0074990534
0.0068575683
0.0059510521
0.0049052029
0.0038322825
0.0028267791
0.0019621215
0.0012946148
0.00085348324
0.00063220886
0.00061645739
0.00077860547
0.0010828661
0.0014917211
0.0019685973
0.0024796108
0.0029948302
0.0034887158
0.003940044
0.0043314854
0.0046489385
0.0048817166
0.0050221191
0.0050649336
0.0050089724
0.0048568786
0.0046147238
0.0042943941
0.0039121711
0.003488385
0.0030472766
0.0026119712
0.0022045794
0.001846739
0.0015544243
0.0013383539
0.0012046504
0.0011531727
0.0011802709
0.0012784629
0.001437157
0.0016435723
0.0018838058
0.0021437181
0.0024095961
0.0026687273
0.0029097204
0.0031227777
0.0032998443
0.0034346278
0.0035225772
0.003561096
0.0035497542
0.0034897405
0.0033844003
0.0032391804
0.0030613004
0.0028598932
0.0026453898
0.0024283396
0.0022194259
0.0020283578
0.0018629232
0.0017293328
0.0016316025
0.0015715974
0.0015491381
0.0015621054
0.0016067099
0.0016778419
0.0017694942
0.001875136
0.0019880968
0.0021018825
0.0022104388
0.0023083635
0.0023910395
0.0024547971
0.0024969256
0.0025157756
0.0025107584
0.0024823517
0.0024320517
0.0023622905
0.0022763184
0.0021780282
0.0020718083
0.0019623012
0.0018541089
0.00175156
0.0016584914
0.001578018
0.001512435
0.0014631323
0.0014305802
0.0014143727
0.001413316
0.0014255536
0.0014487145
0.0014800741
0.0015167157
0.0015556838
0.0015941218
0.0016293913
0.0016591716
0.0016815358
0.0016950077
0.0016985973
0.0016918162
0.0016746738
0.0016476536
0.0016116711
0.0015680141
0.0015182662
0.0014642202
0.0014077821
0.0013508726
0.0012953304
0.0012428238
0.0011947746
0.0011522991
0.0011161692
0.0010867951
0.0010642284
0.0010481844
0.0010380799
0.0010330846
0.001032179
0.001034218
0.0010379949
0.0010423023
0.0010459885
0.0010480069
0.0010474563
0.0010436124
0.0010359499
0.001024153
0.0010081183
0.00098794603
0.00096392419
0.00093650424
0.00090627061
0.00087390541
0.00084015029
0.00080576719
0.00077150018
0.00073804019
0.00070599432
0.00067586124
0.00064801343
0.00062268707
0.00059997938
0.00057985323
0.0005621481
0.00054659643
0.00053284404
0.00052047323
0.0005090273
0.00049803504
0.00048703409
0.00047559221
0.00046332557
0.0004499135
0.00043510922
0.00041874651
0.00040074208
0.00038109392
0.00035987594
0.00033722926
0.00031335079
0.00028847979
0.00026288287
0.00023683884
0.00021062217
0.00018449229
0.00015866485
0.00013335615
0.0001085666
8.4808799e-05
6.0491088e-05
4.0672918e-05
5.155798e-06
-0.0097264545
-0.0095818436
-0.010334863
-0.011811046
-0.013537019
-0.014787822
-0.014992268
-0.013969268
-0.011790041
-0.0087787927
-0.0054227283
-0.0021544529
0.00075247229
0.0031586949
0.0050163415
0.0062975234
0.0070138979
0.007224974
0.0070174403
0.0064806373
0.0057194297
0.0048353343
0.0039117952
0.0030133983
0.0021971154
0.0015155719
0.0010024852
0.00067996744
0.00056471706
0.00064483191
0.00088984689
0.0012656258
0.0017337385
0.002255046
0.0027936868
0.0033185295
0.0038036451
0.0042289908
0.0045786833
0.0048414004
0.0050100732
0.00507986
0.0050508977
0.0049264841
0.0047120119
0.0044181976
0.0040573183
0.0036477388
0.0032111999
0.0027686383
0.0023417056
0.0019514349
0.0016151454
0.0013488753
0.001165026
0.0010687778
0.0010602991
0.0011346045
0.0012819469
0.0014890048
0.0017402852
0.0020193884
0.0023101627
0.0025975758
0.0028682143
0.0031106819
0.0033157855
0.0034763053
0.0035870756
0.0036452506
0.0036498386
0.0036017134
0.0035038917
0.0033612726
0.0031804382
0.0029705043
0.0027419304
0.002505774
0.0022738349
0.0020570498
0.001865028
0.0017061166
0.0015860873
0.0015080003
0.0014727682
0.0014788362
0.0015224437
0.001598076
0.0016989519
0.0018175284
0.0019460225
0.0020768125
0.0022028166
0.0023177044
0.0024161068
0.0024937566
0.0025474521
0.0025752309
0.0025762629
0.0025508841
0.0025005699
0.0024277996
0.0023359911
0.0022292331
0.002112338
0.0019905574
0.0018692131
0.0017534507
0.0016478623
0.0015562318
0.0014814757
0.0014254407
0.0013888724
0.0013714487
0.0013718737
0.0013880246
0.0014171341
0.0014559936
0.001501158
0.0015491373
0.001596567
0.0016403521
0.0016777816
0.0017066147
0.0017251401
0.0017322124
0.0017272652
0.0017103042
0.0016818801
0.0016430425
0.0015952742
0.0015404079
0.0014805291
0.0014178672
0.0013546811
0.001293144
0.0012352352
0.0011826442
0.0011366959
0.0010982993
0.001067925
0.0010456075
0.0010309743
0.0010232933
0.0010215383
0.0010244628
0.0010306794
0.0010387388
0.0010472042
0.0010547182
0.0010600605
0.0010621937
0.0010602985
0.0010537957
0.0010423579
0.0010259082
0.0010046097
0.00097884447
0.00094918333
0.00091634926
0.00088117468
0.00084455535
0.00080740324
0.00077060055
0.00073495742
0.00070117544
0.00066981879
0.00064129414
0.00061584022
0.0005935267
0.00057426222
0.00055781006
0.00054381025
0.0005318062
0.00052127413
0.00051165352
0.00050237694
0.00049289786
0.00048271529
0.00047139446
0.0004585828
0.00044402103
0.00042754905
0.00040910688
0.00038873085
0.00036654538
0.00034275115
0.00031761014
0.00029142851
0.00026453812
0.00023727763
0.00020997366
0.00018292456
0.0001563795
0.00013054504
0.00010549711
8.1440759e-05
5.7799851e-05
3.595921e-05
1.1204713e-05
-0.0087308073
-0.0088828574
-0.0096176094
-0.010838866
-0.012283244
-0.013416433
-0.013669595
-0.012741868
-0.010731018
-0.0079688469
-0.0048907934
-0.001889192
0.00075861654
0.0029153601
0.0045487452
0.0056562072
0.0062613014
0.0064234829
0.0062342758
0.0057895864
0.005178075
0.0044757945
0.0037391934
0.0030119863
0.0023348115
0.0017437057
0.001266451
0.00092945627
0.00075342428
0.00074558214
0.00089830788
0.0011933516
0.001601001
0.0020840202
0.0026038117
0.0031241908
0.0036143263
0.0040503969
0.0044135234
0.0046914026
0.0048766415
0.0049647551
0.0049575039
0.0048578223
0.0046726104
0.004412961
0.004088368
0.0037138892
0.0033075601
0.0028876196
0.0024728437
0.0020816662
0.0017312707
0.0014383155
0.0012168906
0.0010769588
0.0010241637
0.001059119
0.0011758692
0.0013632457
0.0016060888
0.0018869728
0.0021879405
0.0024917149
0.0027828207
0.0030481243
0.0032768432
0.0034607728
0.003594123
0.0036733592
0.0036971794
0.0036660726
0.0035827269
0.0034516067
0.0032784162
0.0030714287
0.0028405767
0.0025969596
0.0023524829
0.0021184808
0.0019056227
0.0017235955
0.0015798655
0.0014793828
0.0014248305
0.0014159429
0.001449808
0.0015212403
0.0016232531
0.0017477211
0.0018859729
0.0020293802
0.0021698423
0.0023000358
0.0024137913
0.0025060835
0.0025731465
0.0026125939
0.0026231974
0.0026050556
0.0025594254
0.0024886588
0.002396079
0.0022857253
0.0021625737
0.0020321739
0.0019003309
0.0017728375
0.0016549781
0.0015512973
0.0014654468
0.0013998943
0.0013559027
0.0013335102
0.0013315953
0.0013480155
0.001379809
0.0014234321
0.0014750056
0.0015305518
0.0015862032
0.0016383819
0.0016839365
0.0017202437
0.0017452768
0.0017576449
0.0017566055
0.0017420564
0.0017145074
0.0016750317
0.0016251987
0.0015669885
0.0015026908
0.0014347898
0.0013658396
0.0012983353
0.001234587
0.0011766019
0.0011259876
0.001083884
0.0010509247
0.0010272325
0.0010124449
0.001005767
0.0010060455
0.0010118563
0.0010215994
0.0010335937
0.0010461671
0.0010577363
0.0010668756
0.0010723712
0.0010732614
0.001068863
0.0010587833
0.0010429204
0.0010214498
0.00099480161
0.00096362671
0.00092875524
0.00089114824
0.00085184484
0.00081190759
0.00077236848
0.00073417869
0.00069816453
0.000664992
0.0006351418
0.00060889569
0.00058633448
0.00056734704
0.00055164907
0.00053880967
0.00052828372
0.00051944748
0.0005116355
0.00050417645
0.00049642641
0.00048779813
0.0004777852
0.00046598062
0.00045208931
0.00043593456
0.00041745846
0.00039671691
0.0003738694
0.00034916465
0.00032292259
0.00029551384
0.00026733768
0.00023879934
0.00021028834
0.00018215658
0.00015470346
0.00012814851
0.00010265677
7.8180206e-05
5.5081916e-05
3.1443103e-05
1.6597912e-05
-0.0082955969
-0.0085221851
-0.0090967126
-0.0099003479
-0.010745609
-0.011314302
-0.011263538
-0.010370494
-0.0086555627
-0.0063502331
-0.0037782031
-0.001258091
0.00097325057
0.0027839827
0.004135103
0.0050356834
0.0055153437
0.0056339046
0.0054718536
0.0051155046
0.0046381612
0.0040960954
0.0035295349
0.002968517
0.0024385117
0.0019630511
0.0015647897
0.0012680289
0.0010909452
0.0010441631
0.0011277165
0.0013353013
0.0016540989
0.0020600474
0.0025193826
0.0029960132
0.0034564276
0.0038731455
0.0042251355
0.0044982771
0.0046841152
0.0047788834
0.0047843887
0.0047036226
0.0045446991
0.0043176533
0.0040325123
0.0037012661
0.0033380673
0.0029576769
0.0025751248
0.0022054326
0.0018641726
0.0015671919
0.0013290169
0.0011620083
0.001074151
0.0010694207
0.0011469458
0.0013003508
0.0015175705
0.0017824446
0.0020766059
0.0023814832
0.0026800622
0.0029573434
0.0032010987
0.0034021079
0.0035534953
0.0036512769
0.0036935667
0.0036803766
0.003614356
0.0034991067
0.003340162
0.0031445009
0.0029211729
0.0026807122
0.0024343952
0.0021935103
0.0019691474
0.0017714741
0.0016089926
0.0014881535
0.0014130592
0.0013852022
0.0014032205
0.0014630425
0.0015582674
0.0016808161
0.0018216003
0.0019713344
0.0021210376
0.0022625245
0.0023888053
0.0024940597
0.0025739641
0.0026255453
0.0026471488
0.0026385793
0.0026007142
0.0025357283
0.0024466625
0.0023374075
0.0022128032
0.002078434
0.0019403256
0.0018045986
0.0016770062
0.0015626992
0.0014659958
0.0013900682
0.0013367964
0.0013067816
0.0012993267
0.0013125353
0.0013435025
0.0013885684
0.001443591
0.001504228
0.0015661849
0.001625439
0.0016784026
0.0017220486
0.0017539955
0.0017725508
0.0017767308
0.0017662469
0.0017414824
0.0017034384
0.0016536679
0.0015941921
0.001527398
0.0014559221
0.0013825232
0.0013099522
0.0012408126
0.0011774224
0.0011216954
0.0010750534
0.0010383684
0.0010119417
0.00099551965
0.00098834177
0.0009892174
0.00099662129
0.0010088006
0.0010238847
0.0010399901
0.0010553159
0.0010682244
0.0010773064
0.0010814295
0.0010797695
0.0010718267
0.0010574269
0.0010367099
0.0010101049
0.00097829554
0.000942176
0.00090279858
0.00086131636
0.00081892263
0.00077679009
0.00073601294
0.00069755494
0.00066220628
0.00063055168
0.00060295126
0.00057953488
0.00056020957
0.00054467889
0.0005324721
0.00052298065
0.00051549925
0.00050926871
0.00050351803
0.0004975036
0.00049054376
0.00048204754
0.00047153676
0.00045866114
0.0004432063
0.00042509494
0.00040438153
0.00038124129
0.00035595401
0.0003288839
0.00030045622
0.00027113225
0.00024138298
0.00021166457
0.0001823913
0.00015392432
0.00012651727
0.00010043035
7.5438231e-05
5.2687256e-05
2.7606561e-05
2.0920775e-05
-0.0084911264
-0.0087252348
-0.0091462494
-0.0095916432
-0.0099031978
-0.0099117089
-0.0094634429
-0.0084619459
-0.0069191067
-0.0049796736
-0.0028729907
-0.00082851865
0.00098753919
0.0024827442
0.0036153561
0.0043732723
0.0047795379
0.0048925273
0.0047843579
0.0045256786
0.0041737452
0.0037716957
0.0033508152
0.0029337904
0.0025382228
0.0021798392
0.0018749018
0.0016410553
0.0014926435
0.0014415573
0.0014942384
0.0016447792
0.0018833141
0.0022001889
0.0025745245
0.0029771152
0.0033769304
0.0037457812
0.0040621833
0.0043103491
0.0044812571
0.0045710633
0.0045800997
0.0045126102
0.0043758678
0.0041789513
0.0039318701
0.0036448377
0.0033287389
0.0029946749
0.0026543327
0.0023194088
0.0020025254
0.0017179153
0.0014793042
0.0012997988
0.0011901788
0.0011557627
0.0011976876
0.0013131013
0.0014949556
0.0017304814
0.0020028684
0.0022939135
0.0025858525
0.0028625308
0.0031107395
0.0033199082
0.0034823787
0.0035936262
0.0036508266
0.0036539194
0.0036048477
0.0035066205
0.0033648166
0.0031853151
0.0029760176
0.0027464883
0.0025071063
0.0022685438
0.0020416175
0.0018365448
0.0016624251
0.0015267891
0.001434692
0.0013887409
0.0013889858
0.0014329862
0.0015156225
0.001629519
0.001765829
0.0019150803
0.0020677761
0.0022151407
0.0023494352
0.0024641861
0.0025544972
0.002616769
0.0026489625
0.0026504299
0.0026216742
0.0025646216
0.0024819493
0.0023773388
0.0022553312
0.0021213522
0.0019813794
0.0018415884
0.0017079852
0.0015861133
0.0014807258
0.001395536
0.001333028
0.0012944015
0.0012795344
0.0012869843
0.0013141416
0.0013574676
0.0014127738
0.0014755355
0.0015411733
0.0016053171
0.0016640065
0.0017138398
0.0017520888
0.0017767426
0.0017865438
0.0017809711
0.0017602241
0.0017251627
0.0016772418
0.0016184329
0.0015511192
0.0014779872
0.0014018945
0.0013257542
0.0012523868
0.0011843629
0.0011238695
0.0010726091
0.0010317196
0.0010017347
0.00098258316
0.00097362596
0.00097372606
0.000981345
0.00099465615
0.0010116652
0.0010303286
0.0010486627
0.001064838
0.0010772561
0.0010846073
0.0010859098
0.0010805307
0.0010681911
0.0010489557
0.0010232099
0.00099162503
0.00095511305
0.0009147732
0.00087183187
0.00082757833
0.00078329915
0.00074021425
0.00069941803
0.00066182876
0.00062814915
0.00059884035
0.00057411058
0.00055391868
0.00053799142
0.00052585288
0.00051686299
0.0005102623
0.00050521972
0.00050088013
0.00049640934
0.00049103414
0.0004840761
0.00047497783
0.00046332157
0.00044883964
0.00043141727
0.00041108813
0.00038802328
0.00036251441
0.00033495231
0.00030580172
0.00027557385
0.00024479739
0.00021399126
0.00018363336
0.00015415083
0.00012584668
9.9074161e-05
7.3511568e-05
5.088807e-05
2.4772044e-05
2.3974042e-05
-0.009178467
-0.0093463224
-0.0096070631
-0.009775009
-0.0097242307
-0.0093848202
-0.0087130086
-0.0076738369
-0.0062670633
-0.0045750208
-0.0027543171
-0.00097436254
0.00062923919
0.0019637921
0.0029718954
0.0036507709
0.0040373398
0.0041867587
0.0041579097
0.0040045509
0.0037711645
0.0034923657
0.0031944285
0.0028972148
0.0026157709
0.0023623671
0.0021480709
0.0019845301
0.0018822143
0.001849319
0.0018920602
0.0020114614
0.0021977896
0.0024397713
0.0027284345
0.003045661
0.0033680862
0.0036713021
0.0039352257
0.0041445087
0.004289431
0.0043660532
0.0043732881
0.0043154701
0.0041980877
0.004029534
0.0038186815
0.003573877
0.0033036428
0.0030163133
0.0027203322
0.0024251153
0.0021408146
0.0018787363
0.0016516887
0.0014719889
0.0013506952
0.0012962718
0.0013109011
0.0013926655
0.0015377618
0.0017375541
0.0019784429
0.0022440749
0.0025172268
0.002781706
0.0030237184
0.0032318415
0.0033978177
0.003516227
0.003583784
0.0035999952
0.0035658103
0.0034841519
0.0033599592
0.0031985112
0.0030066421
0.002792723
0.002566175
0.0023367833
0.0021145552
0.001909473
0.001730612
0.0015859253
0.0014816519
0.0014211548
0.0014052719
0.0014327484
0.0014999975
0.0016008424
0.0017272427
0.0018700433
0.0020197425
0.0021673016
0.00230449
0.0024243704
0.0025215006
0.0025917945
0.0026327999
0.0026433607
0.0026236628
0.0025752503
0.0025004608
0.0024027297
0.0022862226
0.002156056
0.0020179842
0.0018780279
0.0017422102
0.0016162337
0.0015051206
0.0014130017
0.001342804
0.0012961701
0.0012735237
0.0012739756
0.0012953732
0.0013344969
0.0013873236
0.0014493461
0.0015158775
0.0015823423
0.0016445193
0.0016987095
0.0017418851
0.0017717399
0.0017867441
0.0017861377
0.0017698982
0.0017387106
0.001693871
0.0016372425
0.0015711226
0.0014981507
0.0014211738
0.0013431704
0.0012670942
0.0011956973
0.0011313799
0.0010760757
0.001031165
0.0009974201
0.00097498659
0.00096340322
0.00096165918
0.00096828335
0.00098145694
0.00099913867
0.0010191922
0.0010395066
0.0010581025
0.0010732209
0.0010833905
0.0010874756
0.0010847035
0.0010746736
0.0010573515
0.0010330477
0.0010023841
0.00096625006
0.00092574885
0.00088213695
0.00083675828
0.00079097599
0.00074610474
0.00070334666
0.00066373464
0.00062808596
0.00059696934
0.00057068699
0.00054927259
0.00053250467
0.00051993375
0.00051092073
0.00050468322
0.00050034639
0.00049699482
0.00049372233
0.00048967711
0.00048410037
0.00047635714
0.0004659586
0.00045257572
0.00043604441
0.00041636266
0.0003936804
0.00036828305
0.00034056958
0.00031102649
0.00028019892
0.00024865975
0.00021698024
0.00018569588
0.00015529639
0.00012614131
9.8667116e-05
7.2528374e-05
4.9826049e-05
2.3066047e-05
2.5758405e-05
-0.010147686
-0.010084081
-0.010103648
-0.010044227
-0.0097953977
-0.0093075609
-0.008557346
-0.0075175804
-0.0061845528
-0.0046201179
-0.0029492019
-0.0013192848
0.00013995083
0.0013475497
0.0022709382
0.0029187812
0.0033243353
0.0035317618
0.0035869538
0.003532083
0.0034029971
0.0032287606
0.0030324172
0.0028320998
0.0026418712
0.0024729123
0.0023344456
0.0022342342
0.0021787282
0.0021734754
0.0022226827
0.0023260865
0.0024785762
0.0026704025
0.0028917337
0.0031334704
0.0033810879
0.0036172349
0.0038253547
0.0039924086
0.0041087846
0.0041704981
0.0041756711
0.0041270634
0.0040290339
0.0038878752
0.0037111514
0.0035055708
0.0032774936
0.0030331697
0.002779311
0.0025231581
0.0022728744
0.0020382156
0.0018296372
0.0016580775
0.0015347322
0.0014679135
0.0014621084
0.0015176175
0.0016300065
0.0017939917
0.0019996076
0.0022332537
0.0024794952
0.002723067
0.002950241
0.0031494761
0.0033120875
0.0034319084
0.0035052591
0.0035309894
0.0035093512
0.0034427821
0.0033353817
0.0031920352
0.003018645
0.0028225726
0.0026120289
0.0023958999
0.0021834891
0.0019838919
0.0018059657
0.001657811
0.0015458411
0.0014745459
0.0014456419
0.001458212
0.0015098398
0.0015957127
0.0017088953
0.0018409724
0.0019828776
0.0021256568
0.0022609535
0.0023815775
0.0024816742
0.0025568126
0.0026041456
0.0026220829
0.0026104628
0.0025703825
0.00250388
0.0024140863
0.0023048214
0.0021807852
0.0020473937
0.0019104237
0.0017756865
0.0016488272
0.001534996
0.0014385256
0.0013627407
0.001309663
0.0012800254
0.0012734277
0.0012882343
0.0013216625
0.0013700119
0.0014289656
0.0014939039
0.0015602063
0.0016235229
0.0016799682
0.0017262902
0.0017599487
0.0017791714
0.0017829755
0.0017711098
0.0017440653
0.0017029548
0.0016494782
0.0015857928
0.0015144101
0.0014381083
0.0013598597
0.0012826624
0.0012093617
0.0011424895
0.0010841414
0.0010358907
0.00099871619
0.00097297581
0.00095840744
0.00095416936
0.00095891691
0.0009709082
0.00098812763
0.0010084168
0.001029602
0.0010496094
0.0010665634
0.0010788641
0.0010852428
0.0010847967
0.0010770041
0.0010617216
0.0010391669
0.0010098881
0.00097472075
0.00093473668
0.00089118367
0.00084542006
0.0007988459
0.00075283361
0.00070866093
0.0006674499
0.0006301151
0.00059732459
0.00056947567
0.00054668684
0.00052880599
0.0005154337
0.00050595943
0.00049960734
0.00049548826
0.00049265402
0.00049015075
0.00048706808
0.00048258203
0.00047599002
0.00046673699
0.00045443237
0.00043885801
0.00041996749
0.00039787758
0.00037285273
0.00034528375
0.00031566165
0.00028454828
0.00025254446
0.00022025934
0.00018827446
0.0001571324
0.00012724825
9.9126072e-05
7.2452797e-05
4.9506496e-05
2.2434663e-05
2.6426232e-05
-0.011580773
-0.010717497
-0.01031968
-0.010121276
-0.0097735156
-0.0092028473
-0.0084072418
-0.0073637675
-0.0060789797
-0.0046194975
-0.0030969009
-0.0016317185
-0.00032228788
0.00077227563
0.0016307112
0.0022611442
0.0026892303
0.0029486325
0.0030747221
0.003100776
0.0030560675
0.0029653382
0.0028490125
0.0027237149
0.0026027616
0.0024967623
0.0024140122
0.0023608212
0.0023417827
0.0023601383
0.0024176678
0.0025139555
0.002645953
0.0028053063
0.002982722
0.0031713643
0.0033624935
0.0035451651
0.0037076847
0.003839901
0.0039339234
0.0039851705
0.0039917607
0.0039543865
0.003876452
0.0037620257
0.0036170797
0.0034466495
0.0032555986
0.0030489895
0.002832213
0.0026111911
0.0023929658
0.0021856033
0.0019978573
0.0018395104
0.0017201589
0.0016477435
0.0016282954
0.0016630173
0.0017485305
0.0018805985
0.0020520852
0.0022522459
0.0024680733
0.0026859301
0.0028929144
0.0030779112
0.0032320899
0.0033489327
0.0034243285
0.0034563782
0.0034448445
0.0033914614
0.0032994522
0.0031732691
0.0030180719
0.0028401673
0.002646801
0.0024460017
0.0022461059
0.0020555656
0.0018827723
0.001735345
0.0016198861
0.001541414
0.0015022728
0.0015024133
0.0015397575
0.0016106405
0.0017092811
0.0018282398
0.0019591589
0.0020934871
0.0022230669
0.0023406706
0.0024402626
0.0025171843
0.0025682426
0.0025915302
0.0025865202
0.0025538781
0.0024953583
0.0024137389
0.0023124843
0.0021959033
0.002069007
0.0019372029
0.0018060544
0.0016809922
0.0015670609
0.0014687116
0.0013894623
0.0013316592
0.001296379
0.0012834581
0.0012917253
0.0013188654
0.0013615819
0.0014158671
0.0014773059
0.001541377
0.0016037339
0.0016604224
0.0017080599
0.0017439487
0.0017661258
0.0017734121
0.0017653556
0.0017422365
0.0017049862
0.0016551068
0.0015945985
0.001525804
0.0014513922
0.0013742567
0.0012973528
0.0012235418
0.0011554272
0.0010952028
0.0010445618
0.001004634
0.00097595765
0.00095846207
0.00095148822
0.00095385055
0.00096393178
0.00097979975
0.00099933646
0.0010203677
0.0010407835
0.0010586431
0.0010722603
0.0010802661
0.0010816505
0.0010757828
0.0010624146
0.0010416658
0.001013997
0.0009801709
0.00094120164
0.00089829772
0.00085279771
0.00080610246
0.00075960594
0.00071462709
0.00067234633
0.00063375022
0.00059958772
0.00057034075
0.00054621052
0.00052712039
0.00051273449
0.00050249022
0.00049564201
0.00049131248
0.00048854749
0.00048637123
0.00048383814
0.000480079
0.00047433941
0.00046600927
0.00045464299
0.00043997024
0.00042189767
0.0004005024
0.00037601811
0.00034881475
0.00031937316
0.00028825597
0.00025607562
0.00022346309
0.00019103149
0.00015936257
0.00012891961
0.00010025521
7.3125537e-05
4.9824738e-05
2.2693487e-05
2.6215649e-05
-0.014291691
-0.011410212
-0.010326038
-0.010006683
-0.0095158151
-0.00881174
-0.0079588188
-0.0069346247
-0.005737569
-0.0044246402
-0.0030836888
-0.0018030208
-0.00065265432
0.00032467925
0.0011128602
0.0017163861
0.0021527322
0.0024460439
0.0026227601
0.0027087831
0.0027278603
0.0027008622
0.0026456234
0.0025770699
0.0025074288
0.0024465066
0.002401973
0.0023796121
0.0023835098
0.0024161528
0.0024782734
0.0025689472
0.0026855504
0.0028226017
0.002973192
0.0031303355
0.0032875688
0.0034372481
0.0035713947
0.0036824291
0.0037642466
0.0038123885
0.0038248242
0.0038010482
0.0037431464
0.0036539327
0.0035374118
0.0033973726
0.0032377864
0.0030629036
0.0028773144
0.0026862887
0.0024959584
0.0023131954
0.0021456619
0.0020017102
0.0018895146
0.0018164701
0.0017883148
0.0018071203
0.0018713095
0.0019767938
0.0021182155
0.002287209
0.0024731533
0.0026643374
0.0028492004
0.0030174163
0.0031603715
0.0032714867
0.003346294
0.0033822521
0.0033786556
0.0033364863
0.0032582525
0.0031478208
0.0030096372
0.0028491481
0.0026728014
0.0024877319
0.0023014728
0.0021218754
0.0019566334
0.001812927
0.0016972644
0.0016146278
0.0015679785
0.0015580362
0.0015830145
0.0016399912
0.0017242072
0.0018292205
0.0019475126
0.0020711522
0.0021923981
0.0023042017
0.0024005525
0.0024766796
0.0025291553
0.0025558373
0.0025558521
0.0025295264
0.0024782937
0.0024045529
0.0023114516
0.0022028984
0.002083475
0.0019582157
0.0018323413
0.0017109947
0.0015990633
0.0015009041
0.0014200913
0.0013592333
0.0013196666
0.0013014667
0.0013037616
0.00132466
0.0013612819
0.001409987
0.0014666551
0.001526969
0.0015866998
0.0016419324
0.0016892482
0.0017258694
0.0017497086
0.0017594271
0.0017544055
0.0017347254
0.001701137
0.0016549429
0.0015979694
0.0015323824
0.0014607024
0.0013857013
0.001310237
0.0012371059
0.0011689107
0.0011079011
0.0010558474
0.0010139765
0.00098294658
0.00096284966
0.00095320106
0.00095298404
0.00096073147
0.00097463382
0.00099266116
0.0010126914
0.0010326314
0.001050526
0.0010646472
0.0010735634
0.0010761868
0.0010717988
0.0010600583
0.0010409915
0.0010149689
0.00098266959
0.00094503399
0.00090320957
0.00085848852
0.00081224263
0.00076585568
0.00072065593
0.00067785163
0.00063847352
0.00060332818
0.00057296473
0.00054765665
0.00052739975
0.00051192593
0.00050073154
0.00049311768
0.00048823934
0.00048515944
0.00048290415
0.00048051605
0.0004771022
0.00047187497
0.00046418429
0.00045354056
0.00043962802
0.00042230895
0.00040161931
0.00037775668
0.00035106163
0.00032199354
0.00029110237
0.0002589974
0.0002263159
0.00019368716
0.00016171686
0.00013090498
0.00010183297
7.4345534e-05
5.0632515e-05
2.3612845e-05
2.5395183e-05
-0.0095150598
-0.0088612707
-0.00877077
-0.0087572109
-0.0084051162
-0.0078039584
-0.0070558198
-0.0061648224
-0.0051399719
-0.0040302596
-0.0029025925
-0.0018210681
-0.00083677816
1.7077091e-05
0.00072544109
0.0012881005
0.0017150485
0.002022336
0.0022289294
0.0023544847
0.0024178957
0.0024364623
0.0024254943
0.0023981818
0.0023656037
0.0023368209
0.002319015
0.0023176067
0.0023363372
0.0023773747
0.0024413734
0.0025276235
0.0026337791
0.0027560219
0.0028896007
0.0030288682
0.0031682946
0.003301708
0.0034226636
0.0035252002
0.0036041924
0.0036556873
0.003677352
0.0036682392
0.0036292295
0.0035623298
0.0034701252
0.0033555599
0.0032219941
0.0030731114
0.0029130828
0.0027467572
0.0025795424
0.0024176049
0.0022677965
0.0021371389
0.002032841
0.0019615378
0.0019281392
0.0019353224
0.0019826108
0.0020666886
0.0021831836
0.0023254335
0.0024847629
0.0026512968
0.0028149409
0.0029663374
0.0030973757
0.0032016037
0.0032743461
0.0033126043
0.0033152077
0.0032824812
0.0032163005
0.0031198872
0.0029970456
0.0028525357
0.0026920761
0.0025220564
0.0023493561
0.0021811515
0.002024524
0.0018862634
0.0017724673
0.0016879936
0.0016362031
0.0016181993
0.0016327742
0.0016774507
0.0017482837
0.0018397243
0.0019450944
0.0020571701
0.0021687469
0.0022731105
0.0023644172
0.0024379087
0.0024900367
0.0025184867
0.0025221093
0.0025009448
0.0024561048
0.002389636
0.0023043719
0.0022038301
0.0020921923
0.0019741031
0.0018544103
0.0017379618
0.0016294082
0.0015329336
0.0014520919
0.0013895765
0.00134692
0.0013244968
0.0013216072
0.0013367019
0.0013672891
0.001410103
0.0014613557
0.0015169989
0.0015729961
0.0016255526
0.0016712962
0.0017074355
0.0017318168
0.0017429876
0.0017401976
0.0017233563
0.0016930452
0.0016503843
0.0015970025
0.0015349001
0.0014664361
0.0013942212
0.001320981
0.001249416
0.0011820573
0.0011211449
0.0010685062
0.0010254372
0.00099267303
0.00097041992
0.00095834454
0.00095559151
0.0009608503
0.00097245288
0.00098848743
0.0010069205
0.0010257172
0.0010429485
0.0010568853
0.0010660687
0.0010693628
0.0010659855
0.0010555197
0.0010379085
0.0010134359
0.00098269533
0.00094654554
0.00090606013
0.00086246714
0.00081708802
0.00077127237
0.00072633262
0.00068347948
0.00064376292
0.00060802414
0.00057686005
0.00055060199
0.00052930946
0.00051277951
0.00050057076
0.00049203985
0.00048638748
0.00048271044
0.00048005582
0.00047747407
0.00047406783
0.00046903412
0.00046169846
0.00045153988
0.00043820649
0.00042152197
0.00040148327
0.00037825066
0.00035213083
0.00032355433
0.00029304875
0.00026120846
0.00022866397
0.00019604704
0.00016397286
0.0001329657
0.00010361788
7.5869505e-05
5.1724493e-05
2.4925254e-05
2.4173339e-05
-0.0082374188
-0.0082930635
-0.0081389685
-0.0078292304
-0.0073817761
-0.0068152933
-0.0061458409
-0.0053738074
-0.004509772
-0.0035869841
-0.0026511152
-0.0017475359
-0.00091387704
-0.00017641006
0.00045072293
0.00096402345
0.0013680433
0.0016727544
0.0018913345
0.0020384377
0.0021289279
0.0021770227
0.0021957654
0.0021967332
0.0021899
0.0021835991
0.0021845494
0.0021979009
0.0022272892
0.0022749127
0.0023415751
0.0024267308
0.0025284803
0.0026437911
0.0027688881
0.0028995929
0.0030313188
0.0031586076
0.0032757775
0.0033776013
0.0034594602
0.0035176792
0.0035498007
0.0035546127
0.0035322567
0.0034840735
0.0034119085
0.0033181317
0.0032056503
0.0030778135
0.0029384689
0.0027921139
0.002643715
0.0024988693
0.0023637562
0.0022445402
0.0021475912
0.0020787417
0.002042357
0.0020412472
0.0020754503
0.0021426767
0.002239295
0.0023597981
0.0024969487
0.0026423768
0.0027873084
0.002923364
0.0030430615
0.0031402045
0.0032100854
0.00324944
0.0032566865
0.0032316597
0.0031756737
0.0030913302
0.0029818988
0.0028515746
0.0027054308
0.0025492513
0.0023893384
0.0022322425
0.0020845098
0.0019524787
0.0018418465
0.0017572877
0.0017021885
0.0016779804
0.0016840367
0.0017182131
0.0017771848
0.0018561499
0.0019491948
0.0020497942
0.0021513229
0.0022474866
0.0023327052
0.0024023365
0.0024528102
0.0024817101
0.0024876924
0.0024705516
0.0024311197
0.0023711321
0.0022931026
0.0022001931
0.0020962157
0.0019854232
0.0018723018
0.0017613948
0.0016570729
0.001563325
0.001483607
0.0014205896
0.0013759454
0.0013502687
0.0013430454
0.0013529757
0.0013779065
0.0014149226
0.0014605707
0.0015110988
0.0015627058
0.0016117738
0.0016550386
0.0016897501
0.0017137448
0.001725501
0.0017241731
0.00170954
0.0016820282
0.0016425907
0.0015926654
0.0015340936
0.001469059
0.0014000049
0.0013295051
0.0012601235
0.0011942953
0.0011342095
0.0010816825
0.0010380601
0.0010041502
0.00098022394
0.00096606691
0.0009609672
0.00096376516
0.00097293848
0.00098670875
0.0010031545
0.0010203278
0.0010363589
0.0010495494
0.0010584459
0.0010618927
0.0010590686
0.0010494996
0.0010330609
0.0010099591
0.00098070512
0.00094607513
0.00090706181
0.00086481837
0.00082059999
0.00077570445
0.00073140949
0.00068890814
0.0006492483
0.00061328418
0.00058164097
0.00055469158
0.00053254732
0.00051506337
0.00050185867
0.00049234845
0.00048578679
0.00048131571
0.00047801749
0.00047496647
0.00047127757
0.00046614885
0.00045889657
0.0004489816
0.00043602668
0.00041982471
0.00040033851
0.00037769273
0.00035215885
0.00032413444
0.00029411794
0.00026267987
0.00023043317
0.00019799993
0.00016599183
0.0001349445
0.00010544611
7.7527252e-05
5.2965106e-05
2.6425141e-05
2.2776067e-05
-0.0072051455
-0.0071465702
-0.0069239968
-0.0066202304
-0.0062569444
-0.0058022367
-0.0052487183
-0.0046074777
-0.0038951595
-0.0031368607
-0.0023651675
-0.00161359
-0.00091099153
-0.00027878906
0.00026985974
0.00072952956
0.0011011916
0.0013906081
0.0016067929
0.0017606728
0.0018639955
0.0019284992
0.0019653255
0.0019846347
0.0019953746
0.0020051597
0.0020202247
0.0020454213
0.0020842374
0.0021388365
0.0022100963
0.0022976614
0.0024000045
0.0025145199
0.0026379143
0.0027667687
0.0028970548
0.0030238102
0.0031418641
0.0032463832
0.0033331387
0.0033986251
0.0034403876
0.0034570814
0.0034484495
0.0034153897
0.003359352
0.0032823475
0.0031869422
0.0030762456
0.002953841
0.0028238954
0.0026910685
0.0025604518
0.0024376501
0.0023282527
0.0022378882
0.0021717839
0.0021338688
0.0021268493
0.0021511249
0.0022051883
0.0022860849
0.002389145
0.0025081923
0.0026360186
0.0027649414
0.0028874638
0.0029967281
0.003086885
0.0031533294
0.0031926993
0.003203122
0.0031840843
0.0031364384
0.0030622655
0.0029643834
0.0028464927
0.0027131364
0.0025695602
0.0024215125
0.002275011
0.0021361061
0.0020106477
0.0019039739
0.0018205565
0.0017636359
0.0017348592
0.0017340551
0.0017594286
0.0018081218
0.0018759443
0.0019576457
0.0020473459
0.00213899
0.0022267381
0.002305331
0.0023703168
0.0024181872
0.0024464902
0.0024537656
0.002439614
0.0024046361
0.002350297
0.0022788125
0.0021930191
0.0020963735
0.0019927641
0.0018863291
0.0017812833
0.0016817172
0.0015914101
0.0015136516
0.0014510484
0.0014053504
0.0013772783
0.0013665153
0.0013719571
0.0013917362
0.0014232518
0.0014633686
0.0015086346
0.001555507
0.0016005772
0.0016407312
0.001673306
0.0016961738
0.0017077895
0.0017072464
0.0016942275
0.001669021
0.0016324381
0.001585746
0.0015306241
0.0014690834
0.0014033928
0.0013359561
0.0012691891
0.0012054075
0.0011467103
0.0010948721
0.0010512509
0.0010167008
0.00099155291
0.00097567535
0.00096847758
0.00096893777
0.00097567593
0.00098705167
0.0010012691
0.0010164858
0.0010309161
0.0010429178
0.0010510696
0.0010542221
0.0010515374
0.0010425056
0.0010269478
0.0010050057
0.00097711359
0.00094396756
0.00090647575
0.00086571086
0.00082285289
0.00077913642
0.00073578991
0.00069397089
0.00065470676
0.0006188464
0.00058702477
0.00055964072
0.0005368448
0.0005185415
0.00050440538
0.00049390983
0.00048636589
0.0004809682
0.00047684454
0.00047310568
0.00046889266
0.00046341882
0.00045600497
0.00044610646
0.00043333151
0.00041745096
0.00039839963
0.00037626998
0.00035129903
0.00032384944
0.00029438597
0.00026344854
0.00023162379
0.00019951373
0.000167715
0.00013676225
0.00010722674
7.9218679e-05
5.4272545e-05
2.7992945e-05
2.1358671e-05
-0.0062000764
-0.0061292916
-0.0059518056
-0.0056880374
-0.0053569031
-0.004952076
-0.0044731044
-0.0039300226
-0.0033360124
-0.0027081501
-0.0020687255
-0.0014420631
-0.00085032554
-0.00031099882
0.00016407345
0.00056874327
0.00090200113
0.0011670429
0.0013701923
0.0015198393
0.0016254868
0.0016969653
0.0017438363
0.0017749769
0.0017983145
0.0018206724
0.0018476926
0.0018838051
0.0019322234
0.0019949594
0.002072849
0.0021655953
0.0022718358
0.0023892262
0.0025148425
0.0026456051
0.0027776543
0.0029063611
0.0030269592
0.0031349501
0.0032264133
0.0032981096
0.0033476552
0.0033736862
0.0033757728
0.003354521
0.0033111842
0.0032475537
0.0031659617
0.003069288
0.0029609086
0.002844683
0.002724977
0.0026064829
0.0024942851
0.002393534
0.0023092446
0.0022461395
0.0022078214
0.0021968
0.0022137572
0.0022576888
0.0023261937
0.00241526
0.0025195291
0.0026326894
0.0027479473
0.0028585662
0.0029582591
0.0030415645
0.003104066
0.0031424353
0.003154646
0.0031399447
0.0030988422
0.0030330094
0.0029448871
0.0028377484
0.0027156808
0.0025834416
0.0024462706
0.0023096985
0.0021793121
0.0020605082
0.0019582657
0.0018768159
0.0018192616
0.001787334
0.0017811515
0.0017992887
0.0018392546
0.0018973564
0.0019689056
0.0020485932
0.0021308936
0.0022104183
0.0022822517
0.0023421758
0.0023868089
0.0024137209
0.0024214008
0.0024093148
0.0023778798
0.0023283332
0.0022626257
0.0021833028
0.0020934883
0.001996731
0.0018968387
0.0017977017
0.0017031278
0.0016166705
0.0015414408
0.0014799419
0.001433923
0.0014042016
0.0013906315
0.0013922686
0.0014074813
0.0014339446
0.0014688141
0.0015089249
0.0015509969
0.0015918433
0.0016285256
0.0016584986
0.0016797041
0.0016906142
0.00169029
0.0016783498
0.0016549688
0.0016208374
0.0015770795
0.0015252158
0.00146709
0.001404795
0.0013405622
0.001276651
0.0012152407
0.0011583238
0.0011076088
0.0010644287
0.0010296601
0.0010036888
0.0009864414
0.00097742598
0.00097574198
0.00098014266
0.00098912223
0.0010010147
0.0010140934
0.0010266703
0.0010371789
0.0010442483
0.0010467572
0.0010438691
0.0010350572
0.0010201038
0.00099909703
0.00097240508
0.00094064795
0.00090465391
0.00086541115
0.0008240203
0.0007816457
0.00073945548
0.00069855941
0.00065995184
0.00062446144
0.00059271756
0.00056513025
0.00054187748
0.00052290372
0.0005079328
0.00049649309
0.00048795281
0.00048156252
0.00047650161
0.00047192576
0.00046701213
0.00046100038
0.00045322709
0.00044315295
0.00043038157
0.00041467016
0.00039593217
0.0003742325
0.00034977609
0.00032289077
0.00029400554
0.00026362542
0.00023230452
0.00020061681
0.00016913452
0.00013838052
0.00010889913
8.0866189e-05
5.5574624e-05
2.9533442e-05
1.9996232e-05
-0.0052984636
-0.0052270203
-0.005045855
-0.0047820169
-0.0044758314
-0.0041292268
-0.0037324662
-0.0032868198
-0.0028008561
-0.0022865156
-0.0017599092
-0.0012398304
-0.00074432772
-0.00028829661
0.00011756212
0.00046706827
0.00075838671
0.0009934241
0.0011769746
0.0013157997
0.0014177688
0.0014911388
0.0015440097
0.0015839511
0.0016177661
0.0016513542
0.0016896327
0.0017364934
0.0017947769
0.0018662617
0.0019516676
0.0020506806
0.0021620044
0.0022834858
0.0024125295
0.0025461457
0.0026805002
0.0028112347
0.0029339468
0.003044495
0.0031392446
0.0032152276
0.0032702337
0.0033029447
0.0033129046
0.0033005337
0.0032669744
0.0032138869
0.0031434381
0.0030583031
0.0029616587
0.0028571076
0.0027486985
0.002640797
0.0025380258
0.0024451312
0.0023666602
0.0023068699
0.0022691047
0.0022556614
0.0022673924
0.0023036252
0.002362357
0.0024401091
0.0025321763
0.0026329602
0.002736397
0.0028363989
0.0029272063
0.0030037472
0.0030618395
0.0030982857
0.0031110289
0.0030991598
0.0030629643
0.0030038011
0.0029238028
0.002825877
0.0027137063
0.0025916045
0.0024643481
0.0023370079
0.0022147352
0.0021025157
0.002004974
0.0019260779
0.0018688002
0.0018348854
0.0018246315
0.001836927
0.0018695888
0.0019193344
0.0019819495
0.0020526206
0.0021262984
0.0021980215
0.0022632179
0.0023179242
0.0023589263
0.0023838652
0.0023912328
0.0023804158
0.0023516925
0.0023061159
0.002245408
0.0021718553
0.0020882831
0.0019979229
0.0019042655
0.0018108977
0.001721349
0.001638933
0.0015665793
0.0015066743
0.0014609129
0.0014301698
0.0014144385
0.0014129144
0.0014241576
0.0014460822
0.0014761051
0.0015113276
0.001548723
0.0015853262
0.0016183852
0.0016454922
0.0016646799
0.0016744675
0.0016739105
0.0016625894
0.0016405971
0.0016085216
0.0015673645
0.0015185003
0.0014636141
0.0014046277
0.0013436028
0.0012826402
0.0012237754
0.001168885
0.0011195935
0.0010771862
0.0010425408
0.0010160803
0.00099778074
0.00098722752
0.00098362487
0.00098584713
0.00099251601
0.0010020927
0.0010129695
0.0010235625
0.0010323922
0.0010381516
0.0010397615
0.0010364043
0.0010275493
0.0010129561
0.00099266966
0.00096700412
0.00093650879
0.00090193715
0.00086419654
0.0008243095
0.00078336491
0.00074246192
0.00070265214
0.00066488566
0.00062996316
0.00059849933
0.00057090258
0.00054736709
0.00052786826
0.00051217219
0.00049985757
0.00049034767
0.00048294931
0.00047689638
0.00047139426
0.00046566295
0.00045897614
0.00045069482
0.00044029359
0.00042737988
0.0004117048
0.00039316693
0.00037180861
0.00034780607
0.00032145385
0.00029314495
0.00026334726
0.00023257847
0.00020137864
0.00017028863
0.00013981019
0.00011045302
8.2442701e-05
5.6842218e-05
3.1000196e-05
1.8724307e-05
-0.0045037988
-0.004415742
-0.0042044654
-0.0039359861
-0.0036650041
-0.0033787084
-0.0030556908
-0.0026943186
-0.0023004499
-0.0018816906
-0.0014500349
-0.001020894
-0.0006095222
-0.00022867229
0.00011237843
0.000408209
0.00065715837
0.0008607786
0.0010230423
0.0011495137
0.0012466112
0.0013210265
0.0013793119
0.001427615
0.0014715141
0.0015159153
0.0015649762
0.0016220427
0.0016895913
0.0017691827
0.0018614336
0.0019660101
0.002081687
0.0022065323
0.0023381801
0.0024736049
0.0026090457
0.0027404186
0.0028636549
0.0029749569
0.0030709889
0.0031490328
0.0032070907
0.0032439442
0.0032591689
0.0032531084
0.0032267992
0.0031818332
0.0031202494
0.0030445551
0.002957728
0.0028631481
0.0027645665
0.0026660409
0.0025718125
0.0024862253
0.0024134418
0.0023573071
0.002320923
0.0023063954
0.0023146132
0.0023451157
0.002396186
0.0024647724
0.0025466957
0.0026369467
0.002730065
0.0028205155
0.0029030285
0.0029729102
0.0030262354
0.0030599934
0.003072185
0.0030618371
0.00302909
0.0029750738
0.0029016803
0.0028115133
0.0027079015
0.0025947635
0.0024764556
0.0023576205
0.0022429977
0.0021371953
0.0020444967
0.0019685991
0.0019123294
0.0018774057
0.0018642364
0.0018719467
0.0018986071
0.0019412766
0.0019961427
0.0020588211
0.0021246849
0.0021891643
0.0022480182
0.0022975431
0.0023347099
0.0023572681
0.0023637536
0.002353521
0.0023267497
0.0022843497
0.0022278548
0.0021593265
0.0020813283
0.0019968049
0.0019089502
0.0018210665
0.001736419
0.0016580824
0.0015887975
0.001530822
0.0014857785
0.0014545553
0.0014372424
0.0014331639
0.0014410336
0.0014589715
0.0014846255
0.0015153382
0.001548319
0.0015808166
0.0016102648
0.0016344023
0.0016513664
0.0016597414
0.0016586009
0.0016475094
0.0016265074
0.001596098
0.0015571803
0.0015109999
0.0014590949
0.0014032287
0.0013453011
0.0012872552
0.0012309852
0.0011782463
0.0011305674
0.0010891743
0.0010549248
0.0010282591
0.0010091975
0.00099738396
0.0009921119
0.00099236264
0.00099687551
0.0010042316
0.0010129399
0.0010215219
0.0010285895
0.0010329078
0.0010334495
0.0010294278
0.0010203195
0.0010058744
0.00098610665
0.00096128487
0.0009318995
0.00089863442
0.00086232319
0.00082391247
0.00078441535
0.00074485784
0.00070622662
0.00066942045
0.000635204
0.00060417095
0.00057672169
0.00055305574
0.00053317077
0.00051686768
0.00050376972
0.00049335118
0.00048497325
0.00047792425
0.00047146116
0.00046485027
0.00045740424
0.00044851418
0.00043767522
0.00042450513
0.00040875553
0.00039031607
0.00036921174
0.00034559414
0.00031972743
0.00029196993
0.00026275235
0.00023255416
0.00020187819
0.00017122897
0.00014107983
0.00011189974
8.3946891e-05
5.8070472e-05
3.2376192e-05
1.755173e-05
-0.0038380129
-0.0036988308
-0.0033988504
-0.0031066072
-0.002881822
-0.0026637114
-0.0024144156
-0.0021339242
-0.0018258799
-0.0014939132
-0.0011476386
-0.00080059761
-0.00046592935
-0.00015430719
0.00012673111
0.00037298147
0.00058332902
0.00075914128
0.00090354399
0.0010207578
0.001115573
0.0011929755
0.0012579041
0.0013150949
0.0013689733
0.0014235587
0.0014823682
0.0015483151
0.001623609
0.0017096685
0.0018070558
0.0019154575
0.002033774
0.002160328
0.0022928271
0.0024282049
0.0025628717
0.0026930283
0.0028149211
0.0029250554
0.0030203801
0.0030984229
0.0031573775
0.0031961545
0.0032143874
0.0032123998
0.0031911586
0.0031521771
0.0030974145
0.0030292429
0.0029504644
0.0028642587
0.0027741251
0.0026838302
0.0025972926
0.0025184876
0.0024512336
0.0023990157
0.002364682
0.0023501626
0.0023563001
0.0023827382
0.0024279647
0.0024892547
0.0025628482
0.0026442215
0.0027284147
0.002810368
0.0028852491
0.0029487203
0.0029971299
0.0030276694
0.0030384447
0.0030285107
0.0029979172
0.0029476296
0.0028793717
0.0027955088
0.0026990754
0.0025936525
0.0024832279
0.0023720611
0.0022645108
0.0021648351
0.002076996
0.002004419
0.0019497606
0.0019146786
0.0018996382
0.0019039313
0.0019258269
0.0019626633
0.002010966
0.0020667205
0.0021256693
0.0021835925
0.0022365575
0.0022811119
0.0023144169
0.002334349
0.0023395155
0.002329279
0.0023037555
0.0022637475
0.0022106457
0.0021463267
0.0020731317
0.0019937566
0.0019111314
0.0018282972
0.0017482721
0.0016739065
0.0016077516
0.0015519202
0.0015079543
0.0014767275
0.0014583803
0.0014523448
0.0014574582
0.001472013
0.0014938568
0.0015205459
0.0015495032
0.0015781766
0.0016041763
0.0016253866
0.0016400553
0.0016468426
0.0016448574
0.0016336668
0.0016132819
0.0015841426
0.0015470643
0.0015031846
0.0014539135
0.0014008724
0.0013458123
0.0012905299
0.0012367829
0.0011862054
0.0011402284
0.0011000087
0.0010663672
0.0010397461
0.0010201973
0.0010074097
0.0010007489
0.00099928763
0.0010018697
0.0010071857
0.0010138536
0.0010204969
0.0010258176
0.0010286563
0.001028042
0.0010232264
0.0010137042
0.0009992244
0.00097978304
0.00095561273
0.00092715682
0.00089503861
0.00086002692
0.00082299773
0.00078489071
0.00074666028
0.00070922817
0.00067343682
0.00064000857
0.00060951112
0.00058233198
0.00055866901
0.00053853312
0.00052175214
0.00050798692
0.00049675692
0.0004874734
0.00047947625
0.00047207306
0.00046457681
0.00045634115
0.00044679044
0.00043544459
0.0004219366
0.000406024
0.00038759286
0.00036665623
0.00034334583
0.00031789964
0.00029064441
0.00026197585
0.00023233595
0.00020218964
0.00017200293
0.00014221569
0.00011325195
8.5384136e-05
5.9265301e-05
3.3660061e-05
1.6482945e-05
-0.0033567513
-0.0031192156
-0.0026137018
-0.002250308
-0.0020775554
-0.0019460791
-0.0017906344
-0.0016063284
-0.0013913833
-0.0011473415
-0.00088389487
-0.00061389412
-0.0003489739
-9.8229722e-05
0.0001320678
0.00033840882
0.00051962553
0.00067630581
0.000810247
0.00092403441
0.001020746
0.0011037577
0.0011766113
0.0012429077
0.0013062004
0.0013698737
0.0014370069
0.0015102318
0.0015915917
0.0016824249
0.0017832706
0.0018939112
0.0020134339
0.0021402423
0.0022720125
0.0024057878
0.0025382071
0.0026657408
0.0027849114
0.0028924953
0.0029856886
0.0030622327
0.0031204922
0.0031594979
0.0031789482
0.0031791772
0.0031611132
0.0031261994
0.0030763376
0.0030138058
0.0029412716
0.0028617504
0.0027785402
0.0026951649
0.0026152714
0.0025425257
0.002480437
0.0024321763
0.0024003319
0.0023866615
0.0023919238
0.0024157824
0.0024568487
0.0025126309
0.0025796904
0.0026538848
0.0027306597
0.0028053583
0.0028735179
0.002931118
0.0029747751
0.0030018757
0.003010654
0.0030002395
0.0029706495
0.0029227508
0.0028581517
0.0027790558
0.0026882749
0.0025891217
0.0024852871
0.0023807093
0.0022794155
0.0021853498
0.002102178
0.0020330655
0.0019804793
0.001945973
0.0019300282
0.0019320403
0.0019504186
0.0019827162
0.0020257323
0.0020757606
0.0021288585
0.002181108
0.0022288496
0.0022688604
0.0022984863
0.002315732
0.0023192892
0.0023085571
0.002283622
0.002245214
0.0021946221
0.0021335866
0.0020642739
0.0019891772
0.0019110089
0.0018325858
0.0017567046
0.0016860143
0.0016228867
0.001569286
0.0015266603
0.0014958429
0.0014769941
0.0014696207
0.0014726522
0.0014845174
0.0015032288
0.0015265231
0.0015520078
0.0015773076
0.0016001918
0.0016186806
0.0016311292
0.0016362763
0.0016332783
0.0016217188
0.0016015974
0.001573314
0.001537621
0.0014955725
0.0014484757
0.001397833
0.0013452682
0.0012924498
0.0012410119
0.0011924754
0.0011481766
0.0011091984
0.0010763152
0.0010499565
0.001030189
0.0010167348
0.0010090122
0.0010061677
0.0010071319
0.0010106901
0.0010155564
0.0010204469
0.0010241471
0.0010255701
0.0010238019
0.0010181358
0.0010080913
0.00099342476
0.00097412437
0.00095039866
0.00092265511
0.00089147051
0.000857559
0.0008217353
0.00078487387
0.0007478643
0.00071156631
0.00067676801
0.00064414778
0.00061424171
0.00058741992
0.00056387505
0.00054362253
0.00052650859
0.0005122229
0.00050032232
0.00049026083
0.00048142426
0.00047316611
0.00046484338
0.00045584918
0.00044564161
0.00043376677
0.0004198761
0.00040373685
0.00038523666
0.00036438165
0.00034128959
0.00031617757
0.00028934631
0.00026116084
0.00023202973
0.00020238237
0.00017264791
0.00014323084
0.00011450951
8.6751754e-05
6.0433942e-05
3.4861438e-05
1.5544227e-05
-0.0030983805
-0.0025858769
-0.0018822302
-0.0015364395
-0.0014189616
-0.0013484683
-0.0012793473
-0.0011914004
-0.001066864
-0.0009046411
-0.00071480748
-0.00050938025
-0.0002990706
-9.2559299e-05
0.0001038386
0.00028608421
0.000451996
0.000600796
0.00073275665
0.00084895568
0.00095110824
0.001041443
0.0011225899
0.0011974591
0.0012691003
0.0013405422
0.001414621
0.0014938067
0.0015800415
0.0016746256
0.0017781447
0.0018904393
0.0020106183
0.002137097
0.002267625
0.0023994019
0.0025292674
0.0026539116
0.0027700822
0.0028747723
0.0029653748
0.0030397999
0.0030965484
0.0031347492
0.0031541596
0.0031551387
0.0031386022
0.0031059636
0.0030590778
0.0030001767
0.0029318492
0.0028570033
0.0027788037
0.0027006048
0.0026258559
0.0025579922
0.0025002743
0.0024556185
0.0024263759
0.0024141343
0.0024195449
0.0024422411
0.0024808715
0.0025330786
0.0025956371
0.0026646714
0.0027359252
0.0028050483
0.0028678653
0.0029206147
0.002960135
0.0029839861
0.002990535
0.0029789897
0.0029493864
0.0029025605
0.0028400459
0.0027639655
0.0026769947
0.0025822705
0.0024832806
0.0023837314
0.0022874015
0.0021979831
0.0021188897
0.0020530623
0.0020027759
0.0019694493
0.0019535333
0.0019544596
0.0019707191
0.002
0.0020392959
0.0020851302
0.0021338032
0.0021816371
0.0022251909
0.0022614329
0.0022878696
0.0023026223
0.002304469
0.0022928579
0.0022678777
0.0022302254
0.0021811262
0.0021222414
0.0020556224
0.0019836228
0.001908799
0.0018337998
0.00176125
0.0016936332
0.0016331654
0.0015816789
0.0015405194
0.0015104572
0.0014916469
0.0014836285
0.0014853877
0.001495443
0.0015119254
0.0015327069
0.0015555382
0.0015781846
0.0015985454
0.001614756
0.0016252648
0.001628884
0.001624821
0.0016126856
0.0015924832
0.0015645956
0.0015297373
0.0014889096
0.0014433496
0.0013944747
0.0013438147
0.0012929392
0.001243383
0.0011965741
0.0011537646
0.0011159676
0.0010839089
0.0010579908
0.0010382781
0.0010245111
0.0010161383
0.0010123556
0.0010121565
0.0010143976
0.0010178681
0.0010213586
0.0010237242
0.0010239398
0.001021143
0.001014667
0.0010040587
0.00098908832
0.00096974574
0.00094622855
0.00091892271
0.00088837435
0.00085525872
0.00082034514
0.00078445795
0.00074843469
0.00071308439
0.00067914833
0.00064726413
0.00061793643
0.00059151482
0.00056818147
0.00054795032
0.00053067562
0.000516065
0.00050370101
0.00049306923
0.00048359069
0.00047465567
0.00046565733
0.00045602258
0.00044523937
0.0004328785
0.0004186101
0.00040221361
0.00038358213
0.00036272058
0.00033973922
0.00031484187
0.00028831107
0.00026048941
0.00023175967
0.00020252304
0.00017317809
0.00014409806
0.00011562027
8.7993494e-05
6.1543792e-05
3.5974371e-05
1.4787406e-05
-0.0039486296
-0.0012220546
-0.00013875056
-0.00027923769
-0.00055503309
-0.00074126465
-0.00086771021
-0.00092320994
-0.00089914768
-0.0008097716
-0.00067479734
-0.00051074897
-0.00033083474
-0.0001454448
3.7687177e-05
0.00021312084
0.00037726068
0.00052799659
0.00066444323
0.00078674156
0.0008958937
0.00099361119
0.0010821616
0.0011642047
0.001242616
0.0013202987
0.001399996
0.001484111
0.001574547
0.0016725804
0.0017787749
0.0018929571
0.0020142413
0.0021410603
0.0022712168
0.0024020048
0.002530387
0.0026531926
0.0027673146
0.0028698878
0.0029584362
0.003030985
0.003086131
0.0031230777
0.0031416365
0.0031422014
0.0031257071
0.0030935736
0.0030476539
0.0029901793
0.0029237247
0.002851165
0.0027756156
0.0027003546
0.002628733
0.002564055
0.0025094286
0.0024675957
0.0024407315
0.0024302696
0.0024367431
0.0024597198
0.0024978053
0.0025486678
0.002609165
0.0026755515
0.0027437326
0.0028095343
0.0028689597
0.0029184169
0.0029548936
0.0029760818
0.0029804588
0.002967311
0.00293673
0.0028895717
0.0028273646
0.0027522282
0.0026668041
0.0025741681
0.0024777201
0.0023810526
0.0022878092
0.0022015246
0.0021254408
0.0020623286
0.0020142958
0.0019826259
0.0019676841
0.0019688676
0.001984678
0.0020128403
0.002050435
0.0020941065
0.0021402964
0.002185475
0.0022263439
0.0022600038
0.0022840768
0.0022967806
0.0022969729
0.0022841569
0.0022584566
0.0022205791
0.0021717378
0.002113578
0.0020481119
0.0019776339
0.0019046242
0.0018316402
0.0017612061
0.0016956958
0.0016372144
0.0015874903
0.0015477744
0.001518765
0.001500576
0.0014927348
0.0014942381
0.0015036333
0.0015191055
0.0015385982
0.0015599449
0.0015809972
0.0015997399
0.001614388
0.00162346
0.001625828
0.0016207475
0.0016078634
0.0015872043
0.0015591591
0.0015244376
0.0014840259
0.0014391344
0.0013911415
0.0013415284
0.0012918086
0.0012434561
0.0011978366
0.0011561407
0.0011193257
0.0010880703
0.0010627415
0.0010433857
0.0010297373
0.0010212492
0.0010171343
0.0010164147
0.0010179841
0.0010206748
0.0010233228
0.0010248292
0.0010242118
0.0010206475
0.0010135024
0.0010023504
0.00098698107
0.00096739605
0.00094379728
0.0009165674
0.00088624264
0.00085348204
0.00081903282
0.00078369207
0.00074826672
0.00071353352
0.00068020121
0.00064887708
0.00062003904
0.00059401508
0.00057097252
0.00055091644
0.00053369752
0.00051902685
0.00050649648
0.0004956067
0.00048579714
0.00047647937
0.00046706902
0.00045701557
0.0004458283
0.00043309733
0.00041850911
0.000401856
0.00038304008
0.00036207129
0.00033906066
0.00031420891
0.00028779158
0.00026014101
0.00023162657
0.00020263358
0.00017354211
0.00014470522
0.00011643227
8.8950015e-05
6.2478038e-05
3.6925906e-05
1.4354292e-05
-0.0092118041
-0.0024250243
-8.7500538e-05
-7.8532664e-05
-0.00040005281
-0.00067848205
-0.00088278407
-0.00098752144
-0.00099093318
-0.00091393689
-0.00078100845
-0.00061280919
-0.00042561623
-0.00023167869
-3.9752759e-05
0.00014418563
0.0003162854
0.00047433746
0.00061744182
0.00074577145
0.00086038801
0.00096307809
0.0010561898
0.0011424601
0.0012248299
0.0013062524
0.0013894999
0.0014769809
0.0015705837
0.0016715515
0.0017804058
0.0018969249
0.0020201793
0.0021485623
0.0022798454
0.0024113086
0.0025399201
0.0026625332
0.0027760807
0.0028777502
0.0029651279
0.0030363061
0.0030899504
0.0031253317
0.0031423251
0.0031413839
0.0031234977
0.0030901362
0.003043201
0.0029849672
0.0029180502
0.0028453586
0.002770032
0.0026953606
0.0026246918
0.0025613038
0.0025082582
0.0024682233
0.0024432828
0.0024347625
0.0024430867
0.0024677201
0.0025071648
0.0025590047
0.0026200389
0.0026864919
0.0027542676
0.0028192161
0.0028773884
0.0029252581
0.0029598914
0.0029790702
0.0029813653
0.002966157
0.0029336316
0.0028847265
0.0028210436
0.0027447694
0.0026585992
0.002565647
0.002469331
0.002373242
0.0022809995
0.0021960883
0.0021216792
0.0020604494
0.0020143965
0.0019846909
0.0019715837
0.0019743749
0.0019914884
0.0020205822
0.0020586978
0.0021024674
0.0021483464
0.0021928399
0.0022327012
0.002265096
0.0022877182
0.0022988625
0.0022974652
0.0022831038
0.0022559734
0.0022168417
0.0021669723
0.0021080533
0.0020421268
0.0019715038
0.0018986656
0.0018261567
0.0017564729
0.0016919456
0.0016346249
0.0015861744
0.0015477731
0.0015200489
0.0015030481
0.001496241
0.0014985797
0.0015085751
0.0015243916
0.0015439678
0.0015651466
0.0015858015
0.0016039489
0.0016178432
0.0016260471
0.0016274798
0.0016214441
0.001607631
0.0015861123
0.0015573142
0.0015219784
0.0014811153
0.0014359514
0.0013878732
0.0013383601
0.0012889149
0.0012409929
0.0011959332
0.0011548935
0.0011187945
0.0010882752
0.0010636643
0.0010449728
0.0010319045
0.0010238879
0.0010201164
0.0010196011
0.0010212331
0.0010238491
0.0010262965
0.0010274932
0.0010264784
0.0010224529
0.001014809
0.0010031466
0.00098728068
0.00096723642
0.00094323658
0.00091568099
0.00088511893
0.00085221765
0.00081772747
0.00078244362
0.00074716628
0.00071266106
0.00067962193
0.00064863854
0.0006201694
0.00059452271
0.0005718467
0.00055212893
0.00053520481
0.0005207727
0.00050841566
0.00049762894
0.00048785105
0.00047849618
0.00046898586
0.00045877833
0.00044739378
0.00043443476
0.00041960096
0.00040269809
0.00038364108
0.00036245163
0.00033925088
0.00031424774
0.00028772358
0.00026001418
0.0002314898
0.00020253418
0.0001735235
0.00014480514
0.0001166809
8.9369575e-05
6.3053023e-05
3.7554841e-05
1.4702727e-05
-0.0077889811
-0.0022300429
-8.3669903e-05
-3.0210096e-05
-0.0003811368
-0.00070547369
-0.0009354899
-0.001050614
-0.0010579393
-0.00098119004
-0.00084594692
-0.00067387023
-0.00048194311
-0.00028286255
-8.5706177e-05
0.00010331077
0.0002801726
0.00044257149
0.00058956404
0.00072132456
0.00083895057
0.00094428849
0.0010397601
0.0011281802
0.0012125631
0.0012959236
0.0013810796
0.0014704668
0.0015659796
0.0016688494
0.0017795705
0.0018978826
0.0020228108
0.0021526985
0.0022852694
0.0024177638
0.0025471209
0.0026701782
0.0027838667
0.0028853853
0.0029723429
0.0030428637
0.0030956512
0.0031300185
0.0031458842
0.0031437454
0.0031246348
0.0030900641
0.0030419772
0.0029826885
0.0029148544
0.0028414238
0.0027655741
0.00269063
0.0026199659
0.0025568771
0.0025044277
0.0024652698
0.0024414518
0.0024342435
0.0024439996
0.0024701063
0.0025109787
0.0025641139
0.0026262337
0.0026934994
0.0027617701
0.0028268715
0.0028848504
0.0029321943
0.0029660007
0.0029840956
0.0029851044
0.0029684709
0.0029344493
0.0028840437
0.0028189215
0.0027413316
0.0026540287
0.0025601791
0.0024632442
0.0023668477
0.0022746279
0.0021900731
0.0021163397
0.0020560702
0.0020112091
0.0019828578
0.0019711859
0.00197541
0.0019938756
0.0020241654
0.0020632582
0.002107741
0.0021540423
0.0021986586
0.0022383523
0.0022703117
0.0022922653
0.0023025516
0.0023001562
0.0022847097
0.0022564623
0.0022162331
0.002165334
0.0021054978
0.0020388059
0.0019676017
0.0018943903
0.0018217312
0.0017521243
0.0016878945
0.0016310741
0.0015832971
0.0015457036
0.001518875
0.0015028064
0.0014969175
0.001500114
0.0015108634
0.0015272951
0.0015473225
0.0015687741
0.001589519
0.0016075795
0.0016212237
0.0016290355
0.0016299606
0.0016233314
0.0016088715
0.0015866858
0.0015572326
0.001521284
0.0014798773
0.0014342626
0.0013858447
0.001336116
0.0012865862
0.0012387111
0.0011938235
0.001153069
0.00111735
0.0010872827
0.0010631698
0.0010449948
0.0010324346
0.0010248924
0.0010215389
0.0010213668
0.0010232535
0.0010260277
0.0010285343
0.0010296938
0.0010285526
0.0010243229
0.0010164109
0.0010044333
0.0009882227
0.00096782254
0.0009434735
0.00091559212
0.00088474263
0.00085160479
0.00081693857
0.00078154554
0.00074622869
0.00071175292
0.00067880799
0.00064797616
0.00061970578
0.000594293
0.00057187262
0.00055241843
0.00053575234
0.00052155996
0.00050941322
0.00049879841
0.00048914758
0.00047987111
0.00047038949
0.00046016246
0.00044871407
0.00043565272
0.00042068552
0.00040362672
0.00038440042
0.00036303767
0.00033966868
0.00031451077
0.00028785266
0.00026003621
0.00023143628
0.00020243959
0.0001734238
0.00014473641
0.00011667878
8.9471784e-05
6.3292979e-05
3.7902399e-05
1.4943613e-05
)
;

boundaryField
{
    inlet_drug
    {
        type            zeroGradient;
    }
    inlet_medium
    {
        type            zeroGradient;
    }
    outlet
    {
        type            fixedValue;
        value           uniform 0;
    }
    walls
    {
        type            zeroGradient;
    }
    floor
    {
        type            zeroGradient;
    }
    frontAndBack
    {
        type            empty;
    }
}


// ************************************************************************* //
