/*--------------------------------*- C++ -*----------------------------------*\
| =========                 |                                                 |
| \\      /  F ield         | OpenFOAM: The Open Source CFD Toolbox           |
|  \\    /   O peration     | Version:  2406                                  |
|   \\  /    A nd           | Website:  www.openfoam.com                      |
|    \\/     M anipulation  |                                                 |
\*---------------------------------------------------------------------------*/
FoamFile
{
    version     2.0;
    format      ascii;
    arch        "LSB;label=32;scalar=64";
    class       volScalarField;
    location    "960";
    object      Cx;
}
// * * * * * * * * * * * * * * * * * * * * * * * * * * * * * * * * * * * * * //

dimensions      [0 1 0 0 0 0 0];

internalField   nonuniform List<scalar> 
10200
(
2.5e-05
7.5e-05
0.000125
0.000175
0.000225
0.000275
0.000325
0.000375
0.000425
0.000475
0.000525
0.000575
0.000625
0.000675
0.000725
0.000775
0.000825
0.000875
0.000925
0.000975
0.001025
0.001075
0.001125
0.001175
0.001225
0.001275
0.001325
0.001375
0.001425
0.001475
0.001525
0.001575
0.001625
0.001675
0.001725
0.001775
0.001825
0.001875
0.001925
0.001975
0.002025
0.002075
0.002125
0.002175
0.002225
0.002275
0.002325
0.002375
0.002425
0.002475
0.002525
0.002575
0.002625
0.002675
0.002725
0.002775
0.002825
0.002875
0.002925
0.002975
0.003025
0.003075
0.003125
0.003175
0.003225
0.003275
0.003325
0.003375
0.003425
0.003475
0.003525
0.003575
0.003625
0.003675
0.003725
0.003775
0.003825
0.003875
0.003925
0.003975
0.004025
0.004075
0.004125
0.004175
0.004225
0.004275
0.004325
0.004375
0.004425
0.004475
0.004525
0.004575
0.004625
0.004675
0.004725
0.004775
0.004825
0.004875
0.004925
0.004975
0.005025
0.005075
0.005125
0.005175
0.005225
0.005275
0.005325
0.005375
0.005425
0.005475
0.005525
0.005575
0.005625
0.005675
0.005725
0.005775
0.005825
0.005875
0.005925
0.005975
0.006025
0.006075
0.006125
0.006175
0.006225
0.006275
0.006325
0.006375
0.006425
0.006475
0.006525
0.006575
0.006625
0.006675
0.006725
0.006775
0.006825
0.006875
0.006925
0.006975
0.007025
0.007075
0.007125
0.007175
0.007225
0.007275
0.007325
0.007375
0.007425
0.007475
0.007525
0.007575
0.007625
0.007675
0.007725
0.007775
0.007825
0.007875
0.007925
0.007975
0.008025
0.008075
0.008125
0.008175
0.008225
0.008275
0.008325
0.008375
0.008425
0.008475
0.008525
0.008575
0.008625
0.008675
0.008725
0.008775
0.008825
0.008875
0.008925
0.008975
0.009025
0.009075
0.009125
0.009175
0.009225
0.009275
0.009325
0.009375
0.009425
0.009475
0.009525
0.009575
0.009625
0.009675
0.009725
0.009775
0.009825
0.009875
0.009925
0.009975
2.5e-05
7.5e-05
0.000125
0.000175
0.000225
0.000275
0.000325
0.000375
0.000425
0.000475
0.000525
0.000575
0.000625
0.000675
0.000725
0.000775
0.000825
0.000875
0.000925
0.000975
0.001025
0.001075
0.001125
0.001175
0.001225
0.001275
0.001325
0.001375
0.001425
0.001475
0.001525
0.001575
0.001625
0.001675
0.001725
0.001775
0.001825
0.001875
0.001925
0.001975
0.002025
0.002075
0.002125
0.002175
0.002225
0.002275
0.002325
0.002375
0.002425
0.002475
0.002525
0.002575
0.002625
0.002675
0.002725
0.002775
0.002825
0.002875
0.002925
0.002975
0.003025
0.003075
0.003125
0.003175
0.003225
0.003275
0.003325
0.003375
0.003425
0.003475
0.003525
0.003575
0.003625
0.003675
0.003725
0.003775
0.003825
0.003875
0.003925
0.003975
0.004025
0.004075
0.004125
0.004175
0.004225
0.004275
0.004325
0.004375
0.004425
0.004475
0.004525
0.004575
0.004625
0.004675
0.004725
0.004775
0.004825
0.004875
0.004925
0.004975
0.005025
0.005075
0.005125
0.005175
0.005225
0.005275
0.005325
0.005375
0.005425
0.005475
0.005525
0.005575
0.005625
0.005675
0.005725
0.005775
0.005825
0.005875
0.005925
0.005975
0.006025
0.006075
0.006125
0.006175
0.006225
0.006275
0.006325
0.006375
0.006425
0.006475
0.006525
0.006575
0.006625
0.006675
0.006725
0.006775
0.006825
0.006875
0.006925
0.006975
0.007025
0.007075
0.007125
0.007175
0.007225
0.007275
0.007325
0.007375
0.007425
0.007475
0.007525
0.007575
0.007625
0.007675
0.007725
0.007775
0.007825
0.007875
0.007925
0.007975
0.008025
0.008075
0.008125
0.008175
0.008225
0.008275
0.008325
0.008375
0.008425
0.008475
0.008525
0.008575
0.008625
0.008675
0.008725
0.008775
0.008825
0.008875
0.008925
0.008975
0.009025
0.009075
0.009125
0.009175
0.009225
0.009275
0.009325
0.009375
0.009425
0.009475
0.009525
0.009575
0.009625
0.009675
0.009725
0.009775
0.009825
0.009875
0.009925
0.009975
2.5e-05
7.5e-05
0.000125
0.000175
0.000225
0.000275
0.000325
0.000375
0.000425
0.000475
0.000525
0.000575
0.000625
0.000675
0.000725
0.000775
0.000825
0.000875
0.000925
0.000975
0.001025
0.001075
0.001125
0.001175
0.001225
0.001275
0.001325
0.001375
0.001425
0.001475
0.001525
0.001575
0.001625
0.001675
0.001725
0.001775
0.001825
0.001875
0.001925
0.001975
0.002025
0.002075
0.002125
0.002175
0.002225
0.002275
0.002325
0.002375
0.002425
0.002475
0.002525
0.002575
0.002625
0.002675
0.002725
0.002775
0.002825
0.002875
0.002925
0.002975
0.003025
0.003075
0.003125
0.003175
0.003225
0.003275
0.003325
0.003375
0.003425
0.003475
0.003525
0.003575
0.003625
0.003675
0.003725
0.003775
0.003825
0.003875
0.003925
0.003975
0.004025
0.004075
0.004125
0.004175
0.004225
0.004275
0.004325
0.004375
0.004425
0.004475
0.004525
0.004575
0.004625
0.004675
0.004725
0.004775
0.004825
0.004875
0.004925
0.004975
0.005025
0.005075
0.005125
0.005175
0.005225
0.005275
0.005325
0.005375
0.005425
0.005475
0.005525
0.005575
0.005625
0.005675
0.005725
0.005775
0.005825
0.005875
0.005925
0.005975
0.006025
0.006075
0.006125
0.006175
0.006225
0.006275
0.006325
0.006375
0.006425
0.006475
0.006525
0.006575
0.006625
0.006675
0.006725
0.006775
0.006825
0.006875
0.006925
0.006975
0.007025
0.007075
0.007125
0.007175
0.007225
0.007275
0.007325
0.007375
0.007425
0.007475
0.007525
0.007575
0.007625
0.007675
0.007725
0.007775
0.007825
0.007875
0.007925
0.007975
0.008025
0.008075
0.008125
0.008175
0.008225
0.008275
0.008325
0.008375
0.008425
0.008475
0.008525
0.008575
0.008625
0.008675
0.008725
0.008775
0.008825
0.008875
0.008925
0.008975
0.009025
0.009075
0.009125
0.009175
0.009225
0.009275
0.009325
0.009375
0.009425
0.009475
0.009525
0.009575
0.009625
0.009675
0.009725
0.009775
0.009825
0.009875
0.009925
0.009975
2.5e-05
7.5e-05
0.000125
0.000175
0.000225
0.000275
0.000325
0.000375
0.000425
0.000475
0.000525
0.000575
0.000625
0.000675
0.000725
0.000775
0.000825
0.000875
0.000925
0.000975
0.001025
0.001075
0.001125
0.001175
0.001225
0.001275
0.001325
0.001375
0.001425
0.001475
0.001525
0.001575
0.001625
0.001675
0.001725
0.001775
0.001825
0.001875
0.001925
0.001975
0.002025
0.002075
0.002125
0.002175
0.002225
0.002275
0.002325
0.002375
0.002425
0.002475
0.002525
0.002575
0.002625
0.002675
0.002725
0.002775
0.002825
0.002875
0.002925
0.002975
0.003025
0.003075
0.003125
0.003175
0.003225
0.003275
0.003325
0.003375
0.003425
0.003475
0.003525
0.003575
0.003625
0.003675
0.003725
0.003775
0.003825
0.003875
0.003925
0.003975
0.004025
0.004075
0.004125
0.004175
0.004225
0.004275
0.004325
0.004375
0.004425
0.004475
0.004525
0.004575
0.004625
0.004675
0.004725
0.004775
0.004825
0.004875
0.004925
0.004975
0.005025
0.005075
0.005125
0.005175
0.005225
0.005275
0.005325
0.005375
0.005425
0.005475
0.005525
0.005575
0.005625
0.005675
0.005725
0.005775
0.005825
0.005875
0.005925
0.005975
0.006025
0.006075
0.006125
0.006175
0.006225
0.006275
0.006325
0.006375
0.006425
0.006475
0.006525
0.006575
0.006625
0.006675
0.006725
0.006775
0.006825
0.006875
0.006925
0.006975
0.007025
0.007075
0.007125
0.007175
0.007225
0.007275
0.007325
0.007375
0.007425
0.007475
0.007525
0.007575
0.007625
0.007675
0.007725
0.007775
0.007825
0.007875
0.007925
0.007975
0.008025
0.008075
0.008125
0.008175
0.008225
0.008275
0.008325
0.008375
0.008425
0.008475
0.008525
0.008575
0.008625
0.008675
0.008725
0.008775
0.008825
0.008875
0.008925
0.008975
0.009025
0.009075
0.009125
0.009175
0.009225
0.009275
0.009325
0.009375
0.009425
0.009475
0.009525
0.009575
0.009625
0.009675
0.009725
0.009775
0.009825
0.009875
0.009925
0.009975
2.5e-05
7.5e-05
0.000125
0.000175
0.000225
0.000275
0.000325
0.000375
0.000425
0.000475
0.000525
0.000575
0.000625
0.000675
0.000725
0.000775
0.000825
0.000875
0.000925
0.000975
0.001025
0.001075
0.001125
0.001175
0.001225
0.001275
0.001325
0.001375
0.001425
0.001475
0.001525
0.001575
0.001625
0.001675
0.001725
0.001775
0.001825
0.001875
0.001925
0.001975
0.002025
0.002075
0.002125
0.002175
0.002225
0.002275
0.002325
0.002375
0.002425
0.002475
0.002525
0.002575
0.002625
0.002675
0.002725
0.002775
0.002825
0.002875
0.002925
0.002975
0.003025
0.003075
0.003125
0.003175
0.003225
0.003275
0.003325
0.003375
0.003425
0.003475
0.003525
0.003575
0.003625
0.003675
0.003725
0.003775
0.003825
0.003875
0.003925
0.003975
0.004025
0.004075
0.004125
0.004175
0.004225
0.004275
0.004325
0.004375
0.004425
0.004475
0.004525
0.004575
0.004625
0.004675
0.004725
0.004775
0.004825
0.004875
0.004925
0.004975
0.005025
0.005075
0.005125
0.005175
0.005225
0.005275
0.005325
0.005375
0.005425
0.005475
0.005525
0.005575
0.005625
0.005675
0.005725
0.005775
0.005825
0.005875
0.005925
0.005975
0.006025
0.006075
0.006125
0.006175
0.006225
0.006275
0.006325
0.006375
0.006425
0.006475
0.006525
0.006575
0.006625
0.006675
0.006725
0.006775
0.006825
0.006875
0.006925
0.006975
0.007025
0.007075
0.007125
0.007175
0.007225
0.007275
0.007325
0.007375
0.007425
0.007475
0.007525
0.007575
0.007625
0.007675
0.007725
0.007775
0.007825
0.007875
0.007925
0.007975
0.008025
0.008075
0.008125
0.008175
0.008225
0.008275
0.008325
0.008375
0.008425
0.008475
0.008525
0.008575
0.008625
0.008675
0.008725
0.008775
0.008825
0.008875
0.008925
0.008975
0.009025
0.009075
0.009125
0.009175
0.009225
0.009275
0.009325
0.009375
0.009425
0.009475
0.009525
0.009575
0.009625
0.009675
0.009725
0.009775
0.009825
0.009875
0.009925
0.009975
2.5e-05
7.5e-05
0.000125
0.000175
0.000225
0.000275
0.000325
0.000375
0.000425
0.000475
0.000525
0.000575
0.000625
0.000675
0.000725
0.000775
0.000825
0.000875
0.000925
0.000975
0.001025
0.001075
0.001125
0.001175
0.001225
0.001275
0.001325
0.001375
0.001425
0.001475
0.001525
0.001575
0.001625
0.001675
0.001725
0.001775
0.001825
0.001875
0.001925
0.001975
0.002025
0.002075
0.002125
0.002175
0.002225
0.002275
0.002325
0.002375
0.002425
0.002475
0.002525
0.002575
0.002625
0.002675
0.002725
0.002775
0.002825
0.002875
0.002925
0.002975
0.003025
0.003075
0.003125
0.003175
0.003225
0.003275
0.003325
0.003375
0.003425
0.003475
0.003525
0.003575
0.003625
0.003675
0.003725
0.003775
0.003825
0.003875
0.003925
0.003975
0.004025
0.004075
0.004125
0.004175
0.004225
0.004275
0.004325
0.004375
0.004425
0.004475
0.004525
0.004575
0.004625
0.004675
0.004725
0.004775
0.004825
0.004875
0.004925
0.004975
0.005025
0.005075
0.005125
0.005175
0.005225
0.005275
0.005325
0.005375
0.005425
0.005475
0.005525
0.005575
0.005625
0.005675
0.005725
0.005775
0.005825
0.005875
0.005925
0.005975
0.006025
0.006075
0.006125
0.006175
0.006225
0.006275
0.006325
0.006375
0.006425
0.006475
0.006525
0.006575
0.006625
0.006675
0.006725
0.006775
0.006825
0.006875
0.006925
0.006975
0.007025
0.007075
0.007125
0.007175
0.007225
0.007275
0.007325
0.007375
0.007425
0.007475
0.007525
0.007575
0.007625
0.007675
0.007725
0.007775
0.007825
0.007875
0.007925
0.007975
0.008025
0.008075
0.008125
0.008175
0.008225
0.008275
0.008325
0.008375
0.008425
0.008475
0.008525
0.008575
0.008625
0.008675
0.008725
0.008775
0.008825
0.008875
0.008925
0.008975
0.009025
0.009075
0.009125
0.009175
0.009225
0.009275
0.009325
0.009375
0.009425
0.009475
0.009525
0.009575
0.009625
0.009675
0.009725
0.009775
0.009825
0.009875
0.009925
0.009975
2.5e-05
7.5e-05
0.000125
0.000175
0.000225
0.000275
0.000325
0.000375
0.000425
0.000475
0.000525
0.000575
0.000625
0.000675
0.000725
0.000775
0.000825
0.000875
0.000925
0.000975
0.001025
0.001075
0.001125
0.001175
0.001225
0.001275
0.001325
0.001375
0.001425
0.001475
0.001525
0.001575
0.001625
0.001675
0.001725
0.001775
0.001825
0.001875
0.001925
0.001975
0.002025
0.002075
0.002125
0.002175
0.002225
0.002275
0.002325
0.002375
0.002425
0.002475
0.002525
0.002575
0.002625
0.002675
0.002725
0.002775
0.002825
0.002875
0.002925
0.002975
0.003025
0.003075
0.003125
0.003175
0.003225
0.003275
0.003325
0.003375
0.003425
0.003475
0.003525
0.003575
0.003625
0.003675
0.003725
0.003775
0.003825
0.003875
0.003925
0.003975
0.004025
0.004075
0.004125
0.004175
0.004225
0.004275
0.004325
0.004375
0.004425
0.004475
0.004525
0.004575
0.004625
0.004675
0.004725
0.004775
0.004825
0.004875
0.004925
0.004975
0.005025
0.005075
0.005125
0.005175
0.005225
0.005275
0.005325
0.005375
0.005425
0.005475
0.005525
0.005575
0.005625
0.005675
0.005725
0.005775
0.005825
0.005875
0.005925
0.005975
0.006025
0.006075
0.006125
0.006175
0.006225
0.006275
0.006325
0.006375
0.006425
0.006475
0.006525
0.006575
0.006625
0.006675
0.006725
0.006775
0.006825
0.006875
0.006925
0.006975
0.007025
0.007075
0.007125
0.007175
0.007225
0.007275
0.007325
0.007375
0.007425
0.007475
0.007525
0.007575
0.007625
0.007675
0.007725
0.007775
0.007825
0.007875
0.007925
0.007975
0.008025
0.008075
0.008125
0.008175
0.008225
0.008275
0.008325
0.008375
0.008425
0.008475
0.008525
0.008575
0.008625
0.008675
0.008725
0.008775
0.008825
0.008875
0.008925
0.008975
0.009025
0.009075
0.009125
0.009175
0.009225
0.009275
0.009325
0.009375
0.009425
0.009475
0.009525
0.009575
0.009625
0.009675
0.009725
0.009775
0.009825
0.009875
0.009925
0.009975
2.5e-05
7.5e-05
0.000125
0.000175
0.000225
0.000275
0.000325
0.000375
0.000425
0.000475
0.000525
0.000575
0.000625
0.000675
0.000725
0.000775
0.000825
0.000875
0.000925
0.000975
0.001025
0.001075
0.001125
0.001175
0.001225
0.001275
0.001325
0.001375
0.001425
0.001475
0.001525
0.001575
0.001625
0.001675
0.001725
0.001775
0.001825
0.001875
0.001925
0.001975
0.002025
0.002075
0.002125
0.002175
0.002225
0.002275
0.002325
0.002375
0.002425
0.002475
0.002525
0.002575
0.002625
0.002675
0.002725
0.002775
0.002825
0.002875
0.002925
0.002975
0.003025
0.003075
0.003125
0.003175
0.003225
0.003275
0.003325
0.003375
0.003425
0.003475
0.003525
0.003575
0.003625
0.003675
0.003725
0.003775
0.003825
0.003875
0.003925
0.003975
0.004025
0.004075
0.004125
0.004175
0.004225
0.004275
0.004325
0.004375
0.004425
0.004475
0.004525
0.004575
0.004625
0.004675
0.004725
0.004775
0.004825
0.004875
0.004925
0.004975
0.005025
0.005075
0.005125
0.005175
0.005225
0.005275
0.005325
0.005375
0.005425
0.005475
0.005525
0.005575
0.005625
0.005675
0.005725
0.005775
0.005825
0.005875
0.005925
0.005975
0.006025
0.006075
0.006125
0.006175
0.006225
0.006275
0.006325
0.006375
0.006425
0.006475
0.006525
0.006575
0.006625
0.006675
0.006725
0.006775
0.006825
0.006875
0.006925
0.006975
0.007025
0.007075
0.007125
0.007175
0.007225
0.007275
0.007325
0.007375
0.007425
0.007475
0.007525
0.007575
0.007625
0.007675
0.007725
0.007775
0.007825
0.007875
0.007925
0.007975
0.008025
0.008075
0.008125
0.008175
0.008225
0.008275
0.008325
0.008375
0.008425
0.008475
0.008525
0.008575
0.008625
0.008675
0.008725
0.008775
0.008825
0.008875
0.008925
0.008975
0.009025
0.009075
0.009125
0.009175
0.009225
0.009275
0.009325
0.009375
0.009425
0.009475
0.009525
0.009575
0.009625
0.009675
0.009725
0.009775
0.009825
0.009875
0.009925
0.009975
2.5e-05
7.5e-05
0.000125
0.000175
0.000225
0.000275
0.000325
0.000375
0.000425
0.000475
0.000525
0.000575
0.000625
0.000675
0.000725
0.000775
0.000825
0.000875
0.000925
0.000975
0.001025
0.001075
0.001125
0.001175
0.001225
0.001275
0.001325
0.001375
0.001425
0.001475
0.001525
0.001575
0.001625
0.001675
0.001725
0.001775
0.001825
0.001875
0.001925
0.001975
0.002025
0.002075
0.002125
0.002175
0.002225
0.002275
0.002325
0.002375
0.002425
0.002475
0.002525
0.002575
0.002625
0.002675
0.002725
0.002775
0.002825
0.002875
0.002925
0.002975
0.003025
0.003075
0.003125
0.003175
0.003225
0.003275
0.003325
0.003375
0.003425
0.003475
0.003525
0.003575
0.003625
0.003675
0.003725
0.003775
0.003825
0.003875
0.003925
0.003975
0.004025
0.004075
0.004125
0.004175
0.004225
0.004275
0.004325
0.004375
0.004425
0.004475
0.004525
0.004575
0.004625
0.004675
0.004725
0.004775
0.004825
0.004875
0.004925
0.004975
0.005025
0.005075
0.005125
0.005175
0.005225
0.005275
0.005325
0.005375
0.005425
0.005475
0.005525
0.005575
0.005625
0.005675
0.005725
0.005775
0.005825
0.005875
0.005925
0.005975
0.006025
0.006075
0.006125
0.006175
0.006225
0.006275
0.006325
0.006375
0.006425
0.006475
0.006525
0.006575
0.006625
0.006675
0.006725
0.006775
0.006825
0.006875
0.006925
0.006975
0.007025
0.007075
0.007125
0.007175
0.007225
0.007275
0.007325
0.007375
0.007425
0.007475
0.007525
0.007575
0.007625
0.007675
0.007725
0.007775
0.007825
0.007875
0.007925
0.007975
0.008025
0.008075
0.008125
0.008175
0.008225
0.008275
0.008325
0.008375
0.008425
0.008475
0.008525
0.008575
0.008625
0.008675
0.008725
0.008775
0.008825
0.008875
0.008925
0.008975
0.009025
0.009075
0.009125
0.009175
0.009225
0.009275
0.009325
0.009375
0.009425
0.009475
0.009525
0.009575
0.009625
0.009675
0.009725
0.009775
0.009825
0.009875
0.009925
0.009975
2.5e-05
7.5e-05
0.000125
0.000175
0.000225
0.000275
0.000325
0.000375
0.000425
0.000475
0.000525
0.000575
0.000625
0.000675
0.000725
0.000775
0.000825
0.000875
0.000925
0.000975
0.001025
0.001075
0.001125
0.001175
0.001225
0.001275
0.001325
0.001375
0.001425
0.001475
0.001525
0.001575
0.001625
0.001675
0.001725
0.001775
0.001825
0.001875
0.001925
0.001975
0.002025
0.002075
0.002125
0.002175
0.002225
0.002275
0.002325
0.002375
0.002425
0.002475
0.002525
0.002575
0.002625
0.002675
0.002725
0.002775
0.002825
0.002875
0.002925
0.002975
0.003025
0.003075
0.003125
0.003175
0.003225
0.003275
0.003325
0.003375
0.003425
0.003475
0.003525
0.003575
0.003625
0.003675
0.003725
0.003775
0.003825
0.003875
0.003925
0.003975
0.004025
0.004075
0.004125
0.004175
0.004225
0.004275
0.004325
0.004375
0.004425
0.004475
0.004525
0.004575
0.004625
0.004675
0.004725
0.004775
0.004825
0.004875
0.004925
0.004975
0.005025
0.005075
0.005125
0.005175
0.005225
0.005275
0.005325
0.005375
0.005425
0.005475
0.005525
0.005575
0.005625
0.005675
0.005725
0.005775
0.005825
0.005875
0.005925
0.005975
0.006025
0.006075
0.006125
0.006175
0.006225
0.006275
0.006325
0.006375
0.006425
0.006475
0.006525
0.006575
0.006625
0.006675
0.006725
0.006775
0.006825
0.006875
0.006925
0.006975
0.007025
0.007075
0.007125
0.007175
0.007225
0.007275
0.007325
0.007375
0.007425
0.007475
0.007525
0.007575
0.007625
0.007675
0.007725
0.007775
0.007825
0.007875
0.007925
0.007975
0.008025
0.008075
0.008125
0.008175
0.008225
0.008275
0.008325
0.008375
0.008425
0.008475
0.008525
0.008575
0.008625
0.008675
0.008725
0.008775
0.008825
0.008875
0.008925
0.008975
0.009025
0.009075
0.009125
0.009175
0.009225
0.009275
0.009325
0.009375
0.009425
0.009475
0.009525
0.009575
0.009625
0.009675
0.009725
0.009775
0.009825
0.009875
0.009925
0.009975
2.5e-05
7.5e-05
0.000125
0.000175
0.000225
0.000275
0.000325
0.000375
0.000425
0.000475
0.000525
0.000575
0.000625
0.000675
0.000725
0.000775
0.000825
0.000875
0.000925
0.000975
0.001025
0.001075
0.001125
0.001175
0.001225
0.001275
0.001325
0.001375
0.001425
0.001475
0.001525
0.001575
0.001625
0.001675
0.001725
0.001775
0.001825
0.001875
0.001925
0.001975
0.002025
0.002075
0.002125
0.002175
0.002225
0.002275
0.002325
0.002375
0.002425
0.002475
0.002525
0.002575
0.002625
0.002675
0.002725
0.002775
0.002825
0.002875
0.002925
0.002975
0.003025
0.003075
0.003125
0.003175
0.003225
0.003275
0.003325
0.003375
0.003425
0.003475
0.003525
0.003575
0.003625
0.003675
0.003725
0.003775
0.003825
0.003875
0.003925
0.003975
0.004025
0.004075
0.004125
0.004175
0.004225
0.004275
0.004325
0.004375
0.004425
0.004475
0.004525
0.004575
0.004625
0.004675
0.004725
0.004775
0.004825
0.004875
0.004925
0.004975
0.005025
0.005075
0.005125
0.005175
0.005225
0.005275
0.005325
0.005375
0.005425
0.005475
0.005525
0.005575
0.005625
0.005675
0.005725
0.005775
0.005825
0.005875
0.005925
0.005975
0.006025
0.006075
0.006125
0.006175
0.006225
0.006275
0.006325
0.006375
0.006425
0.006475
0.006525
0.006575
0.006625
0.006675
0.006725
0.006775
0.006825
0.006875
0.006925
0.006975
0.007025
0.007075
0.007125
0.007175
0.007225
0.007275
0.007325
0.007375
0.007425
0.007475
0.007525
0.007575
0.007625
0.007675
0.007725
0.007775
0.007825
0.007875
0.007925
0.007975
0.008025
0.008075
0.008125
0.008175
0.008225
0.008275
0.008325
0.008375
0.008425
0.008475
0.008525
0.008575
0.008625
0.008675
0.008725
0.008775
0.008825
0.008875
0.008925
0.008975
0.009025
0.009075
0.009125
0.009175
0.009225
0.009275
0.009325
0.009375
0.009425
0.009475
0.009525
0.009575
0.009625
0.009675
0.009725
0.009775
0.009825
0.009875
0.009925
0.009975
2.5e-05
7.5e-05
0.000125
0.000175
0.000225
0.000275
0.000325
0.000375
0.000425
0.000475
0.000525
0.000575
0.000625
0.000675
0.000725
0.000775
0.000825
0.000875
0.000925
0.000975
0.001025
0.001075
0.001125
0.001175
0.001225
0.001275
0.001325
0.001375
0.001425
0.001475
0.001525
0.001575
0.001625
0.001675
0.001725
0.001775
0.001825
0.001875
0.001925
0.001975
0.002025
0.002075
0.002125
0.002175
0.002225
0.002275
0.002325
0.002375
0.002425
0.002475
0.002525
0.002575
0.002625
0.002675
0.002725
0.002775
0.002825
0.002875
0.002925
0.002975
0.003025
0.003075
0.003125
0.003175
0.003225
0.003275
0.003325
0.003375
0.003425
0.003475
0.003525
0.003575
0.003625
0.003675
0.003725
0.003775
0.003825
0.003875
0.003925
0.003975
0.004025
0.004075
0.004125
0.004175
0.004225
0.004275
0.004325
0.004375
0.004425
0.004475
0.004525
0.004575
0.004625
0.004675
0.004725
0.004775
0.004825
0.004875
0.004925
0.004975
0.005025
0.005075
0.005125
0.005175
0.005225
0.005275
0.005325
0.005375
0.005425
0.005475
0.005525
0.005575
0.005625
0.005675
0.005725
0.005775
0.005825
0.005875
0.005925
0.005975
0.006025
0.006075
0.006125
0.006175
0.006225
0.006275
0.006325
0.006375
0.006425
0.006475
0.006525
0.006575
0.006625
0.006675
0.006725
0.006775
0.006825
0.006875
0.006925
0.006975
0.007025
0.007075
0.007125
0.007175
0.007225
0.007275
0.007325
0.007375
0.007425
0.007475
0.007525
0.007575
0.007625
0.007675
0.007725
0.007775
0.007825
0.007875
0.007925
0.007975
0.008025
0.008075
0.008125
0.008175
0.008225
0.008275
0.008325
0.008375
0.008425
0.008475
0.008525
0.008575
0.008625
0.008675
0.008725
0.008775
0.008825
0.008875
0.008925
0.008975
0.009025
0.009075
0.009125
0.009175
0.009225
0.009275
0.009325
0.009375
0.009425
0.009475
0.009525
0.009575
0.009625
0.009675
0.009725
0.009775
0.009825
0.009875
0.009925
0.009975
2.5e-05
7.5e-05
0.000125
0.000175
0.000225
0.000275
0.000325
0.000375
0.000425
0.000475
0.000525
0.000575
0.000625
0.000675
0.000725
0.000775
0.000825
0.000875
0.000925
0.000975
0.001025
0.001075
0.001125
0.001175
0.001225
0.001275
0.001325
0.001375
0.001425
0.001475
0.001525
0.001575
0.001625
0.001675
0.001725
0.001775
0.001825
0.001875
0.001925
0.001975
0.002025
0.002075
0.002125
0.002175
0.002225
0.002275
0.002325
0.002375
0.002425
0.002475
0.002525
0.002575
0.002625
0.002675
0.002725
0.002775
0.002825
0.002875
0.002925
0.002975
0.003025
0.003075
0.003125
0.003175
0.003225
0.003275
0.003325
0.003375
0.003425
0.003475
0.003525
0.003575
0.003625
0.003675
0.003725
0.003775
0.003825
0.003875
0.003925
0.003975
0.004025
0.004075
0.004125
0.004175
0.004225
0.004275
0.004325
0.004375
0.004425
0.004475
0.004525
0.004575
0.004625
0.004675
0.004725
0.004775
0.004825
0.004875
0.004925
0.004975
0.005025
0.005075
0.005125
0.005175
0.005225
0.005275
0.005325
0.005375
0.005425
0.005475
0.005525
0.005575
0.005625
0.005675
0.005725
0.005775
0.005825
0.005875
0.005925
0.005975
0.006025
0.006075
0.006125
0.006175
0.006225
0.006275
0.006325
0.006375
0.006425
0.006475
0.006525
0.006575
0.006625
0.006675
0.006725
0.006775
0.006825
0.006875
0.006925
0.006975
0.007025
0.007075
0.007125
0.007175
0.007225
0.007275
0.007325
0.007375
0.007425
0.007475
0.007525
0.007575
0.007625
0.007675
0.007725
0.007775
0.007825
0.007875
0.007925
0.007975
0.008025
0.008075
0.008125
0.008175
0.008225
0.008275
0.008325
0.008375
0.008425
0.008475
0.008525
0.008575
0.008625
0.008675
0.008725
0.008775
0.008825
0.008875
0.008925
0.008975
0.009025
0.009075
0.009125
0.009175
0.009225
0.009275
0.009325
0.009375
0.009425
0.009475
0.009525
0.009575
0.009625
0.009675
0.009725
0.009775
0.009825
0.009875
0.009925
0.009975
2.5e-05
7.5e-05
0.000125
0.000175
0.000225
0.000275
0.000325
0.000375
0.000425
0.000475
0.000525
0.000575
0.000625
0.000675
0.000725
0.000775
0.000825
0.000875
0.000925
0.000975
0.001025
0.001075
0.001125
0.001175
0.001225
0.001275
0.001325
0.001375
0.001425
0.001475
0.001525
0.001575
0.001625
0.001675
0.001725
0.001775
0.001825
0.001875
0.001925
0.001975
0.002025
0.002075
0.002125
0.002175
0.002225
0.002275
0.002325
0.002375
0.002425
0.002475
0.002525
0.002575
0.002625
0.002675
0.002725
0.002775
0.002825
0.002875
0.002925
0.002975
0.003025
0.003075
0.003125
0.003175
0.003225
0.003275
0.003325
0.003375
0.003425
0.003475
0.003525
0.003575
0.003625
0.003675
0.003725
0.003775
0.003825
0.003875
0.003925
0.003975
0.004025
0.004075
0.004125
0.004175
0.004225
0.004275
0.004325
0.004375
0.004425
0.004475
0.004525
0.004575
0.004625
0.004675
0.004725
0.004775
0.004825
0.004875
0.004925
0.004975
0.005025
0.005075
0.005125
0.005175
0.005225
0.005275
0.005325
0.005375
0.005425
0.005475
0.005525
0.005575
0.005625
0.005675
0.005725
0.005775
0.005825
0.005875
0.005925
0.005975
0.006025
0.006075
0.006125
0.006175
0.006225
0.006275
0.006325
0.006375
0.006425
0.006475
0.006525
0.006575
0.006625
0.006675
0.006725
0.006775
0.006825
0.006875
0.006925
0.006975
0.007025
0.007075
0.007125
0.007175
0.007225
0.007275
0.007325
0.007375
0.007425
0.007475
0.007525
0.007575
0.007625
0.007675
0.007725
0.007775
0.007825
0.007875
0.007925
0.007975
0.008025
0.008075
0.008125
0.008175
0.008225
0.008275
0.008325
0.008375
0.008425
0.008475
0.008525
0.008575
0.008625
0.008675
0.008725
0.008775
0.008825
0.008875
0.008925
0.008975
0.009025
0.009075
0.009125
0.009175
0.009225
0.009275
0.009325
0.009375
0.009425
0.009475
0.009525
0.009575
0.009625
0.009675
0.009725
0.009775
0.009825
0.009875
0.009925
0.009975
2.5e-05
7.5e-05
0.000125
0.000175
0.000225
0.000275
0.000325
0.000375
0.000425
0.000475
0.000525
0.000575
0.000625
0.000675
0.000725
0.000775
0.000825
0.000875
0.000925
0.000975
0.001025
0.001075
0.001125
0.001175
0.001225
0.001275
0.001325
0.001375
0.001425
0.001475
0.001525
0.001575
0.001625
0.001675
0.001725
0.001775
0.001825
0.001875
0.001925
0.001975
0.002025
0.002075
0.002125
0.002175
0.002225
0.002275
0.002325
0.002375
0.002425
0.002475
0.002525
0.002575
0.002625
0.002675
0.002725
0.002775
0.002825
0.002875
0.002925
0.002975
0.003025
0.003075
0.003125
0.003175
0.003225
0.003275
0.003325
0.003375
0.003425
0.003475
0.003525
0.003575
0.003625
0.003675
0.003725
0.003775
0.003825
0.003875
0.003925
0.003975
0.004025
0.004075
0.004125
0.004175
0.004225
0.004275
0.004325
0.004375
0.004425
0.004475
0.004525
0.004575
0.004625
0.004675
0.004725
0.004775
0.004825
0.004875
0.004925
0.004975
0.005025
0.005075
0.005125
0.005175
0.005225
0.005275
0.005325
0.005375
0.005425
0.005475
0.005525
0.005575
0.005625
0.005675
0.005725
0.005775
0.005825
0.005875
0.005925
0.005975
0.006025
0.006075
0.006125
0.006175
0.006225
0.006275
0.006325
0.006375
0.006425
0.006475
0.006525
0.006575
0.006625
0.006675
0.006725
0.006775
0.006825
0.006875
0.006925
0.006975
0.007025
0.007075
0.007125
0.007175
0.007225
0.007275
0.007325
0.007375
0.007425
0.007475
0.007525
0.007575
0.007625
0.007675
0.007725
0.007775
0.007825
0.007875
0.007925
0.007975
0.008025
0.008075
0.008125
0.008175
0.008225
0.008275
0.008325
0.008375
0.008425
0.008475
0.008525
0.008575
0.008625
0.008675
0.008725
0.008775
0.008825
0.008875
0.008925
0.008975
0.009025
0.009075
0.009125
0.009175
0.009225
0.009275
0.009325
0.009375
0.009425
0.009475
0.009525
0.009575
0.009625
0.009675
0.009725
0.009775
0.009825
0.009875
0.009925
0.009975
2.5e-05
7.5e-05
0.000125
0.000175
0.000225
0.000275
0.000325
0.000375
0.000425
0.000475
0.000525
0.000575
0.000625
0.000675
0.000725
0.000775
0.000825
0.000875
0.000925
0.000975
0.001025
0.001075
0.001125
0.001175
0.001225
0.001275
0.001325
0.001375
0.001425
0.001475
0.001525
0.001575
0.001625
0.001675
0.001725
0.001775
0.001825
0.001875
0.001925
0.001975
0.002025
0.002075
0.002125
0.002175
0.002225
0.002275
0.002325
0.002375
0.002425
0.002475
0.002525
0.002575
0.002625
0.002675
0.002725
0.002775
0.002825
0.002875
0.002925
0.002975
0.003025
0.003075
0.003125
0.003175
0.003225
0.003275
0.003325
0.003375
0.003425
0.003475
0.003525
0.003575
0.003625
0.003675
0.003725
0.003775
0.003825
0.003875
0.003925
0.003975
0.004025
0.004075
0.004125
0.004175
0.004225
0.004275
0.004325
0.004375
0.004425
0.004475
0.004525
0.004575
0.004625
0.004675
0.004725
0.004775
0.004825
0.004875
0.004925
0.004975
0.005025
0.005075
0.005125
0.005175
0.005225
0.005275
0.005325
0.005375
0.005425
0.005475
0.005525
0.005575
0.005625
0.005675
0.005725
0.005775
0.005825
0.005875
0.005925
0.005975
0.006025
0.006075
0.006125
0.006175
0.006225
0.006275
0.006325
0.006375
0.006425
0.006475
0.006525
0.006575
0.006625
0.006675
0.006725
0.006775
0.006825
0.006875
0.006925
0.006975
0.007025
0.007075
0.007125
0.007175
0.007225
0.007275
0.007325
0.007375
0.007425
0.007475
0.007525
0.007575
0.007625
0.007675
0.007725
0.007775
0.007825
0.007875
0.007925
0.007975
0.008025
0.008075
0.008125
0.008175
0.008225
0.008275
0.008325
0.008375
0.008425
0.008475
0.008525
0.008575
0.008625
0.008675
0.008725
0.008775
0.008825
0.008875
0.008925
0.008975
0.009025
0.009075
0.009125
0.009175
0.009225
0.009275
0.009325
0.009375
0.009425
0.009475
0.009525
0.009575
0.009625
0.009675
0.009725
0.009775
0.009825
0.009875
0.009925
0.009975
2.5e-05
7.5e-05
0.000125
0.000175
0.000225
0.000275
0.000325
0.000375
0.000425
0.000475
0.000525
0.000575
0.000625
0.000675
0.000725
0.000775
0.000825
0.000875
0.000925
0.000975
0.001025
0.001075
0.001125
0.001175
0.001225
0.001275
0.001325
0.001375
0.001425
0.001475
0.001525
0.001575
0.001625
0.001675
0.001725
0.001775
0.001825
0.001875
0.001925
0.001975
0.002025
0.002075
0.002125
0.002175
0.002225
0.002275
0.002325
0.002375
0.002425
0.002475
0.002525
0.002575
0.002625
0.002675
0.002725
0.002775
0.002825
0.002875
0.002925
0.002975
0.003025
0.003075
0.003125
0.003175
0.003225
0.003275
0.003325
0.003375
0.003425
0.003475
0.003525
0.003575
0.003625
0.003675
0.003725
0.003775
0.003825
0.003875
0.003925
0.003975
0.004025
0.004075
0.004125
0.004175
0.004225
0.004275
0.004325
0.004375
0.004425
0.004475
0.004525
0.004575
0.004625
0.004675
0.004725
0.004775
0.004825
0.004875
0.004925
0.004975
0.005025
0.005075
0.005125
0.005175
0.005225
0.005275
0.005325
0.005375
0.005425
0.005475
0.005525
0.005575
0.005625
0.005675
0.005725
0.005775
0.005825
0.005875
0.005925
0.005975
0.006025
0.006075
0.006125
0.006175
0.006225
0.006275
0.006325
0.006375
0.006425
0.006475
0.006525
0.006575
0.006625
0.006675
0.006725
0.006775
0.006825
0.006875
0.006925
0.006975
0.007025
0.007075
0.007125
0.007175
0.007225
0.007275
0.007325
0.007375
0.007425
0.007475
0.007525
0.007575
0.007625
0.007675
0.007725
0.007775
0.007825
0.007875
0.007925
0.007975
0.008025
0.008075
0.008125
0.008175
0.008225
0.008275
0.008325
0.008375
0.008425
0.008475
0.008525
0.008575
0.008625
0.008675
0.008725
0.008775
0.008825
0.008875
0.008925
0.008975
0.009025
0.009075
0.009125
0.009175
0.009225
0.009275
0.009325
0.009375
0.009425
0.009475
0.009525
0.009575
0.009625
0.009675
0.009725
0.009775
0.009825
0.009875
0.009925
0.009975
2.5e-05
7.5e-05
0.000125
0.000175
0.000225
0.000275
0.000325
0.000375
0.000425
0.000475
0.000525
0.000575
0.000625
0.000675
0.000725
0.000775
0.000825
0.000875
0.000925
0.000975
0.001025
0.001075
0.001125
0.001175
0.001225
0.001275
0.001325
0.001375
0.001425
0.001475
0.001525
0.001575
0.001625
0.001675
0.001725
0.001775
0.001825
0.001875
0.001925
0.001975
0.002025
0.002075
0.002125
0.002175
0.002225
0.002275
0.002325
0.002375
0.002425
0.002475
0.002525
0.002575
0.002625
0.002675
0.002725
0.002775
0.002825
0.002875
0.002925
0.002975
0.003025
0.003075
0.003125
0.003175
0.003225
0.003275
0.003325
0.003375
0.003425
0.003475
0.003525
0.003575
0.003625
0.003675
0.003725
0.003775
0.003825
0.003875
0.003925
0.003975
0.004025
0.004075
0.004125
0.004175
0.004225
0.004275
0.004325
0.004375
0.004425
0.004475
0.004525
0.004575
0.004625
0.004675
0.004725
0.004775
0.004825
0.004875
0.004925
0.004975
0.005025
0.005075
0.005125
0.005175
0.005225
0.005275
0.005325
0.005375
0.005425
0.005475
0.005525
0.005575
0.005625
0.005675
0.005725
0.005775
0.005825
0.005875
0.005925
0.005975
0.006025
0.006075
0.006125
0.006175
0.006225
0.006275
0.006325
0.006375
0.006425
0.006475
0.006525
0.006575
0.006625
0.006675
0.006725
0.006775
0.006825
0.006875
0.006925
0.006975
0.007025
0.007075
0.007125
0.007175
0.007225
0.007275
0.007325
0.007375
0.007425
0.007475
0.007525
0.007575
0.007625
0.007675
0.007725
0.007775
0.007825
0.007875
0.007925
0.007975
0.008025
0.008075
0.008125
0.008175
0.008225
0.008275
0.008325
0.008375
0.008425
0.008475
0.008525
0.008575
0.008625
0.008675
0.008725
0.008775
0.008825
0.008875
0.008925
0.008975
0.009025
0.009075
0.009125
0.009175
0.009225
0.009275
0.009325
0.009375
0.009425
0.009475
0.009525
0.009575
0.009625
0.009675
0.009725
0.009775
0.009825
0.009875
0.009925
0.009975
2.5e-05
7.5e-05
0.000125
0.000175
0.000225
0.000275
0.000325
0.000375
0.000425
0.000475
0.000525
0.000575
0.000625
0.000675
0.000725
0.000775
0.000825
0.000875
0.000925
0.000975
0.001025
0.001075
0.001125
0.001175
0.001225
0.001275
0.001325
0.001375
0.001425
0.001475
0.001525
0.001575
0.001625
0.001675
0.001725
0.001775
0.001825
0.001875
0.001925
0.001975
0.002025
0.002075
0.002125
0.002175
0.002225
0.002275
0.002325
0.002375
0.002425
0.002475
0.002525
0.002575
0.002625
0.002675
0.002725
0.002775
0.002825
0.002875
0.002925
0.002975
0.003025
0.003075
0.003125
0.003175
0.003225
0.003275
0.003325
0.003375
0.003425
0.003475
0.003525
0.003575
0.003625
0.003675
0.003725
0.003775
0.003825
0.003875
0.003925
0.003975
0.004025
0.004075
0.004125
0.004175
0.004225
0.004275
0.004325
0.004375
0.004425
0.004475
0.004525
0.004575
0.004625
0.004675
0.004725
0.004775
0.004825
0.004875
0.004925
0.004975
0.005025
0.005075
0.005125
0.005175
0.005225
0.005275
0.005325
0.005375
0.005425
0.005475
0.005525
0.005575
0.005625
0.005675
0.005725
0.005775
0.005825
0.005875
0.005925
0.005975
0.006025
0.006075
0.006125
0.006175
0.006225
0.006275
0.006325
0.006375
0.006425
0.006475
0.006525
0.006575
0.006625
0.006675
0.006725
0.006775
0.006825
0.006875
0.006925
0.006975
0.007025
0.007075
0.007125
0.007175
0.007225
0.007275
0.007325
0.007375
0.007425
0.007475
0.007525
0.007575
0.007625
0.007675
0.007725
0.007775
0.007825
0.007875
0.007925
0.007975
0.008025
0.008075
0.008125
0.008175
0.008225
0.008275
0.008325
0.008375
0.008425
0.008475
0.008525
0.008575
0.008625
0.008675
0.008725
0.008775
0.008825
0.008875
0.008925
0.008975
0.009025
0.009075
0.009125
0.009175
0.009225
0.009275
0.009325
0.009375
0.009425
0.009475
0.009525
0.009575
0.009625
0.009675
0.009725
0.009775
0.009825
0.009875
0.009925
0.009975
2.5e-05
7.5e-05
0.000125
0.000175
0.000225
0.000275
0.000325
0.000375
0.000425
0.000475
0.000525
0.000575
0.000625
0.000675
0.000725
0.000775
0.000825
0.000875
0.000925
0.000975
0.001025
0.001075
0.001125
0.001175
0.001225
0.001275
0.001325
0.001375
0.001425
0.001475
0.001525
0.001575
0.001625
0.001675
0.001725
0.001775
0.001825
0.001875
0.001925
0.001975
0.002025
0.002075
0.002125
0.002175
0.002225
0.002275
0.002325
0.002375
0.002425
0.002475
0.002525
0.002575
0.002625
0.002675
0.002725
0.002775
0.002825
0.002875
0.002925
0.002975
0.003025
0.003075
0.003125
0.003175
0.003225
0.003275
0.003325
0.003375
0.003425
0.003475
0.003525
0.003575
0.003625
0.003675
0.003725
0.003775
0.003825
0.003875
0.003925
0.003975
0.004025
0.004075
0.004125
0.004175
0.004225
0.004275
0.004325
0.004375
0.004425
0.004475
0.004525
0.004575
0.004625
0.004675
0.004725
0.004775
0.004825
0.004875
0.004925
0.004975
0.005025
0.005075
0.005125
0.005175
0.005225
0.005275
0.005325
0.005375
0.005425
0.005475
0.005525
0.005575
0.005625
0.005675
0.005725
0.005775
0.005825
0.005875
0.005925
0.005975
0.006025
0.006075
0.006125
0.006175
0.006225
0.006275
0.006325
0.006375
0.006425
0.006475
0.006525
0.006575
0.006625
0.006675
0.006725
0.006775
0.006825
0.006875
0.006925
0.006975
0.007025
0.007075
0.007125
0.007175
0.007225
0.007275
0.007325
0.007375
0.007425
0.007475
0.007525
0.007575
0.007625
0.007675
0.007725
0.007775
0.007825
0.007875
0.007925
0.007975
0.008025
0.008075
0.008125
0.008175
0.008225
0.008275
0.008325
0.008375
0.008425
0.008475
0.008525
0.008575
0.008625
0.008675
0.008725
0.008775
0.008825
0.008875
0.008925
0.008975
0.009025
0.009075
0.009125
0.009175
0.009225
0.009275
0.009325
0.009375
0.009425
0.009475
0.009525
0.009575
0.009625
0.009675
0.009725
0.009775
0.009825
0.009875
0.009925
0.009975
2.5e-05
7.5e-05
0.000125
0.000175
0.000225
0.000275
0.000325
0.000375
0.000425
0.000475
0.000525
0.000575
0.000625
0.000675
0.000725
0.000775
0.000825
0.000875
0.000925
0.000975
0.001025
0.001075
0.001125
0.001175
0.001225
0.001275
0.001325
0.001375
0.001425
0.001475
0.001525
0.001575
0.001625
0.001675
0.001725
0.001775
0.001825
0.001875
0.001925
0.001975
0.002025
0.002075
0.002125
0.002175
0.002225
0.002275
0.002325
0.002375
0.002425
0.002475
0.002525
0.002575
0.002625
0.002675
0.002725
0.002775
0.002825
0.002875
0.002925
0.002975
0.003025
0.003075
0.003125
0.003175
0.003225
0.003275
0.003325
0.003375
0.003425
0.003475
0.003525
0.003575
0.003625
0.003675
0.003725
0.003775
0.003825
0.003875
0.003925
0.003975
0.004025
0.004075
0.004125
0.004175
0.004225
0.004275
0.004325
0.004375
0.004425
0.004475
0.004525
0.004575
0.004625
0.004675
0.004725
0.004775
0.004825
0.004875
0.004925
0.004975
0.005025
0.005075
0.005125
0.005175
0.005225
0.005275
0.005325
0.005375
0.005425
0.005475
0.005525
0.005575
0.005625
0.005675
0.005725
0.005775
0.005825
0.005875
0.005925
0.005975
0.006025
0.006075
0.006125
0.006175
0.006225
0.006275
0.006325
0.006375
0.006425
0.006475
0.006525
0.006575
0.006625
0.006675
0.006725
0.006775
0.006825
0.006875
0.006925
0.006975
0.007025
0.007075
0.007125
0.007175
0.007225
0.007275
0.007325
0.007375
0.007425
0.007475
0.007525
0.007575
0.007625
0.007675
0.007725
0.007775
0.007825
0.007875
0.007925
0.007975
0.008025
0.008075
0.008125
0.008175
0.008225
0.008275
0.008325
0.008375
0.008425
0.008475
0.008525
0.008575
0.008625
0.008675
0.008725
0.008775
0.008825
0.008875
0.008925
0.008975
0.009025
0.009075
0.009125
0.009175
0.009225
0.009275
0.009325
0.009375
0.009425
0.009475
0.009525
0.009575
0.009625
0.009675
0.009725
0.009775
0.009825
0.009875
0.009925
0.009975
2.5e-05
7.5e-05
0.000125
0.000175
0.000225
0.000275
0.000325
0.000375
0.000425
0.000475
0.000525
0.000575
0.000625
0.000675
0.000725
0.000775
0.000825
0.000875
0.000925
0.000975
0.001025
0.001075
0.001125
0.001175
0.001225
0.001275
0.001325
0.001375
0.001425
0.001475
0.001525
0.001575
0.001625
0.001675
0.001725
0.001775
0.001825
0.001875
0.001925
0.001975
0.002025
0.002075
0.002125
0.002175
0.002225
0.002275
0.002325
0.002375
0.002425
0.002475
0.002525
0.002575
0.002625
0.002675
0.002725
0.002775
0.002825
0.002875
0.002925
0.002975
0.003025
0.003075
0.003125
0.003175
0.003225
0.003275
0.003325
0.003375
0.003425
0.003475
0.003525
0.003575
0.003625
0.003675
0.003725
0.003775
0.003825
0.003875
0.003925
0.003975
0.004025
0.004075
0.004125
0.004175
0.004225
0.004275
0.004325
0.004375
0.004425
0.004475
0.004525
0.004575
0.004625
0.004675
0.004725
0.004775
0.004825
0.004875
0.004925
0.004975
0.005025
0.005075
0.005125
0.005175
0.005225
0.005275
0.005325
0.005375
0.005425
0.005475
0.005525
0.005575
0.005625
0.005675
0.005725
0.005775
0.005825
0.005875
0.005925
0.005975
0.006025
0.006075
0.006125
0.006175
0.006225
0.006275
0.006325
0.006375
0.006425
0.006475
0.006525
0.006575
0.006625
0.006675
0.006725
0.006775
0.006825
0.006875
0.006925
0.006975
0.007025
0.007075
0.007125
0.007175
0.007225
0.007275
0.007325
0.007375
0.007425
0.007475
0.007525
0.007575
0.007625
0.007675
0.007725
0.007775
0.007825
0.007875
0.007925
0.007975
0.008025
0.008075
0.008125
0.008175
0.008225
0.008275
0.008325
0.008375
0.008425
0.008475
0.008525
0.008575
0.008625
0.008675
0.008725
0.008775
0.008825
0.008875
0.008925
0.008975
0.009025
0.009075
0.009125
0.009175
0.009225
0.009275
0.009325
0.009375
0.009425
0.009475
0.009525
0.009575
0.009625
0.009675
0.009725
0.009775
0.009825
0.009875
0.009925
0.009975
2.5e-05
7.5e-05
0.000125
0.000175
0.000225
0.000275
0.000325
0.000375
0.000425
0.000475
0.000525
0.000575
0.000625
0.000675
0.000725
0.000775
0.000825
0.000875
0.000925
0.000975
0.001025
0.001075
0.001125
0.001175
0.001225
0.001275
0.001325
0.001375
0.001425
0.001475
0.001525
0.001575
0.001625
0.001675
0.001725
0.001775
0.001825
0.001875
0.001925
0.001975
0.002025
0.002075
0.002125
0.002175
0.002225
0.002275
0.002325
0.002375
0.002425
0.002475
0.002525
0.002575
0.002625
0.002675
0.002725
0.002775
0.002825
0.002875
0.002925
0.002975
0.003025
0.003075
0.003125
0.003175
0.003225
0.003275
0.003325
0.003375
0.003425
0.003475
0.003525
0.003575
0.003625
0.003675
0.003725
0.003775
0.003825
0.003875
0.003925
0.003975
0.004025
0.004075
0.004125
0.004175
0.004225
0.004275
0.004325
0.004375
0.004425
0.004475
0.004525
0.004575
0.004625
0.004675
0.004725
0.004775
0.004825
0.004875
0.004925
0.004975
0.005025
0.005075
0.005125
0.005175
0.005225
0.005275
0.005325
0.005375
0.005425
0.005475
0.005525
0.005575
0.005625
0.005675
0.005725
0.005775
0.005825
0.005875
0.005925
0.005975
0.006025
0.006075
0.006125
0.006175
0.006225
0.006275
0.006325
0.006375
0.006425
0.006475
0.006525
0.006575
0.006625
0.006675
0.006725
0.006775
0.006825
0.006875
0.006925
0.006975
0.007025
0.007075
0.007125
0.007175
0.007225
0.007275
0.007325
0.007375
0.007425
0.007475
0.007525
0.007575
0.007625
0.007675
0.007725
0.007775
0.007825
0.007875
0.007925
0.007975
0.008025
0.008075
0.008125
0.008175
0.008225
0.008275
0.008325
0.008375
0.008425
0.008475
0.008525
0.008575
0.008625
0.008675
0.008725
0.008775
0.008825
0.008875
0.008925
0.008975
0.009025
0.009075
0.009125
0.009175
0.009225
0.009275
0.009325
0.009375
0.009425
0.009475
0.009525
0.009575
0.009625
0.009675
0.009725
0.009775
0.009825
0.009875
0.009925
0.009975
2.5e-05
7.5e-05
0.000125
0.000175
0.000225
0.000275
0.000325
0.000375
0.000425
0.000475
0.000525
0.000575
0.000625
0.000675
0.000725
0.000775
0.000825
0.000875
0.000925
0.000975
0.001025
0.001075
0.001125
0.001175
0.001225
0.001275
0.001325
0.001375
0.001425
0.001475
0.001525
0.001575
0.001625
0.001675
0.001725
0.001775
0.001825
0.001875
0.001925
0.001975
0.002025
0.002075
0.002125
0.002175
0.002225
0.002275
0.002325
0.002375
0.002425
0.002475
0.002525
0.002575
0.002625
0.002675
0.002725
0.002775
0.002825
0.002875
0.002925
0.002975
0.003025
0.003075
0.003125
0.003175
0.003225
0.003275
0.003325
0.003375
0.003425
0.003475
0.003525
0.003575
0.003625
0.003675
0.003725
0.003775
0.003825
0.003875
0.003925
0.003975
0.004025
0.004075
0.004125
0.004175
0.004225
0.004275
0.004325
0.004375
0.004425
0.004475
0.004525
0.004575
0.004625
0.004675
0.004725
0.004775
0.004825
0.004875
0.004925
0.004975
0.005025
0.005075
0.005125
0.005175
0.005225
0.005275
0.005325
0.005375
0.005425
0.005475
0.005525
0.005575
0.005625
0.005675
0.005725
0.005775
0.005825
0.005875
0.005925
0.005975
0.006025
0.006075
0.006125
0.006175
0.006225
0.006275
0.006325
0.006375
0.006425
0.006475
0.006525
0.006575
0.006625
0.006675
0.006725
0.006775
0.006825
0.006875
0.006925
0.006975
0.007025
0.007075
0.007125
0.007175
0.007225
0.007275
0.007325
0.007375
0.007425
0.007475
0.007525
0.007575
0.007625
0.007675
0.007725
0.007775
0.007825
0.007875
0.007925
0.007975
0.008025
0.008075
0.008125
0.008175
0.008225
0.008275
0.008325
0.008375
0.008425
0.008475
0.008525
0.008575
0.008625
0.008675
0.008725
0.008775
0.008825
0.008875
0.008925
0.008975
0.009025
0.009075
0.009125
0.009175
0.009225
0.009275
0.009325
0.009375
0.009425
0.009475
0.009525
0.009575
0.009625
0.009675
0.009725
0.009775
0.009825
0.009875
0.009925
0.009975
2.5e-05
7.5e-05
0.000125
0.000175
0.000225
0.000275
0.000325
0.000375
0.000425
0.000475
0.000525
0.000575
0.000625
0.000675
0.000725
0.000775
0.000825
0.000875
0.000925
0.000975
0.001025
0.001075
0.001125
0.001175
0.001225
0.001275
0.001325
0.001375
0.001425
0.001475
0.001525
0.001575
0.001625
0.001675
0.001725
0.001775
0.001825
0.001875
0.001925
0.001975
0.002025
0.002075
0.002125
0.002175
0.002225
0.002275
0.002325
0.002375
0.002425
0.002475
0.002525
0.002575
0.002625
0.002675
0.002725
0.002775
0.002825
0.002875
0.002925
0.002975
0.003025
0.003075
0.003125
0.003175
0.003225
0.003275
0.003325
0.003375
0.003425
0.003475
0.003525
0.003575
0.003625
0.003675
0.003725
0.003775
0.003825
0.003875
0.003925
0.003975
0.004025
0.004075
0.004125
0.004175
0.004225
0.004275
0.004325
0.004375
0.004425
0.004475
0.004525
0.004575
0.004625
0.004675
0.004725
0.004775
0.004825
0.004875
0.004925
0.004975
0.005025
0.005075
0.005125
0.005175
0.005225
0.005275
0.005325
0.005375
0.005425
0.005475
0.005525
0.005575
0.005625
0.005675
0.005725
0.005775
0.005825
0.005875
0.005925
0.005975
0.006025
0.006075
0.006125
0.006175
0.006225
0.006275
0.006325
0.006375
0.006425
0.006475
0.006525
0.006575
0.006625
0.006675
0.006725
0.006775
0.006825
0.006875
0.006925
0.006975
0.007025
0.007075
0.007125
0.007175
0.007225
0.007275
0.007325
0.007375
0.007425
0.007475
0.007525
0.007575
0.007625
0.007675
0.007725
0.007775
0.007825
0.007875
0.007925
0.007975
0.008025
0.008075
0.008125
0.008175
0.008225
0.008275
0.008325
0.008375
0.008425
0.008475
0.008525
0.008575
0.008625
0.008675
0.008725
0.008775
0.008825
0.008875
0.008925
0.008975
0.009025
0.009075
0.009125
0.009175
0.009225
0.009275
0.009325
0.009375
0.009425
0.009475
0.009525
0.009575
0.009625
0.009675
0.009725
0.009775
0.009825
0.009875
0.009925
0.009975
2.5e-05
7.5e-05
0.000125
0.000175
0.000225
0.000275
0.000325
0.000375
0.000425
0.000475
0.000525
0.000575
0.000625
0.000675
0.000725
0.000775
0.000825
0.000875
0.000925
0.000975
0.001025
0.001075
0.001125
0.001175
0.001225
0.001275
0.001325
0.001375
0.001425
0.001475
0.001525
0.001575
0.001625
0.001675
0.001725
0.001775
0.001825
0.001875
0.001925
0.001975
0.002025
0.002075
0.002125
0.002175
0.002225
0.002275
0.002325
0.002375
0.002425
0.002475
0.002525
0.002575
0.002625
0.002675
0.002725
0.002775
0.002825
0.002875
0.002925
0.002975
0.003025
0.003075
0.003125
0.003175
0.003225
0.003275
0.003325
0.003375
0.003425
0.003475
0.003525
0.003575
0.003625
0.003675
0.003725
0.003775
0.003825
0.003875
0.003925
0.003975
0.004025
0.004075
0.004125
0.004175
0.004225
0.004275
0.004325
0.004375
0.004425
0.004475
0.004525
0.004575
0.004625
0.004675
0.004725
0.004775
0.004825
0.004875
0.004925
0.004975
0.005025
0.005075
0.005125
0.005175
0.005225
0.005275
0.005325
0.005375
0.005425
0.005475
0.005525
0.005575
0.005625
0.005675
0.005725
0.005775
0.005825
0.005875
0.005925
0.005975
0.006025
0.006075
0.006125
0.006175
0.006225
0.006275
0.006325
0.006375
0.006425
0.006475
0.006525
0.006575
0.006625
0.006675
0.006725
0.006775
0.006825
0.006875
0.006925
0.006975
0.007025
0.007075
0.007125
0.007175
0.007225
0.007275
0.007325
0.007375
0.007425
0.007475
0.007525
0.007575
0.007625
0.007675
0.007725
0.007775
0.007825
0.007875
0.007925
0.007975
0.008025
0.008075
0.008125
0.008175
0.008225
0.008275
0.008325
0.008375
0.008425
0.008475
0.008525
0.008575
0.008625
0.008675
0.008725
0.008775
0.008825
0.008875
0.008925
0.008975
0.009025
0.009075
0.009125
0.009175
0.009225
0.009275
0.009325
0.009375
0.009425
0.009475
0.009525
0.009575
0.009625
0.009675
0.009725
0.009775
0.009825
0.009875
0.009925
0.009975
2.5e-05
7.5e-05
0.000125
0.000175
0.000225
0.000275
0.000325
0.000375
0.000425
0.000475
0.000525
0.000575
0.000625
0.000675
0.000725
0.000775
0.000825
0.000875
0.000925
0.000975
0.001025
0.001075
0.001125
0.001175
0.001225
0.001275
0.001325
0.001375
0.001425
0.001475
0.001525
0.001575
0.001625
0.001675
0.001725
0.001775
0.001825
0.001875
0.001925
0.001975
0.002025
0.002075
0.002125
0.002175
0.002225
0.002275
0.002325
0.002375
0.002425
0.002475
0.002525
0.002575
0.002625
0.002675
0.002725
0.002775
0.002825
0.002875
0.002925
0.002975
0.003025
0.003075
0.003125
0.003175
0.003225
0.003275
0.003325
0.003375
0.003425
0.003475
0.003525
0.003575
0.003625
0.003675
0.003725
0.003775
0.003825
0.003875
0.003925
0.003975
0.004025
0.004075
0.004125
0.004175
0.004225
0.004275
0.004325
0.004375
0.004425
0.004475
0.004525
0.004575
0.004625
0.004675
0.004725
0.004775
0.004825
0.004875
0.004925
0.004975
0.005025
0.005075
0.005125
0.005175
0.005225
0.005275
0.005325
0.005375
0.005425
0.005475
0.005525
0.005575
0.005625
0.005675
0.005725
0.005775
0.005825
0.005875
0.005925
0.005975
0.006025
0.006075
0.006125
0.006175
0.006225
0.006275
0.006325
0.006375
0.006425
0.006475
0.006525
0.006575
0.006625
0.006675
0.006725
0.006775
0.006825
0.006875
0.006925
0.006975
0.007025
0.007075
0.007125
0.007175
0.007225
0.007275
0.007325
0.007375
0.007425
0.007475
0.007525
0.007575
0.007625
0.007675
0.007725
0.007775
0.007825
0.007875
0.007925
0.007975
0.008025
0.008075
0.008125
0.008175
0.008225
0.008275
0.008325
0.008375
0.008425
0.008475
0.008525
0.008575
0.008625
0.008675
0.008725
0.008775
0.008825
0.008875
0.008925
0.008975
0.009025
0.009075
0.009125
0.009175
0.009225
0.009275
0.009325
0.009375
0.009425
0.009475
0.009525
0.009575
0.009625
0.009675
0.009725
0.009775
0.009825
0.009875
0.009925
0.009975
2.5e-05
7.5e-05
0.000125
0.000175
0.000225
0.000275
0.000325
0.000375
0.000425
0.000475
0.000525
0.000575
0.000625
0.000675
0.000725
0.000775
0.000825
0.000875
0.000925
0.000975
0.001025
0.001075
0.001125
0.001175
0.001225
0.001275
0.001325
0.001375
0.001425
0.001475
0.001525
0.001575
0.001625
0.001675
0.001725
0.001775
0.001825
0.001875
0.001925
0.001975
0.002025
0.002075
0.002125
0.002175
0.002225
0.002275
0.002325
0.002375
0.002425
0.002475
0.002525
0.002575
0.002625
0.002675
0.002725
0.002775
0.002825
0.002875
0.002925
0.002975
0.003025
0.003075
0.003125
0.003175
0.003225
0.003275
0.003325
0.003375
0.003425
0.003475
0.003525
0.003575
0.003625
0.003675
0.003725
0.003775
0.003825
0.003875
0.003925
0.003975
0.004025
0.004075
0.004125
0.004175
0.004225
0.004275
0.004325
0.004375
0.004425
0.004475
0.004525
0.004575
0.004625
0.004675
0.004725
0.004775
0.004825
0.004875
0.004925
0.004975
0.005025
0.005075
0.005125
0.005175
0.005225
0.005275
0.005325
0.005375
0.005425
0.005475
0.005525
0.005575
0.005625
0.005675
0.005725
0.005775
0.005825
0.005875
0.005925
0.005975
0.006025
0.006075
0.006125
0.006175
0.006225
0.006275
0.006325
0.006375
0.006425
0.006475
0.006525
0.006575
0.006625
0.006675
0.006725
0.006775
0.006825
0.006875
0.006925
0.006975
0.007025
0.007075
0.007125
0.007175
0.007225
0.007275
0.007325
0.007375
0.007425
0.007475
0.007525
0.007575
0.007625
0.007675
0.007725
0.007775
0.007825
0.007875
0.007925
0.007975
0.008025
0.008075
0.008125
0.008175
0.008225
0.008275
0.008325
0.008375
0.008425
0.008475
0.008525
0.008575
0.008625
0.008675
0.008725
0.008775
0.008825
0.008875
0.008925
0.008975
0.009025
0.009075
0.009125
0.009175
0.009225
0.009275
0.009325
0.009375
0.009425
0.009475
0.009525
0.009575
0.009625
0.009675
0.009725
0.009775
0.009825
0.009875
0.009925
0.009975
2.5e-05
7.5e-05
0.000125
0.000175
0.000225
0.000275
0.000325
0.000375
0.000425
0.000475
0.000525
0.000575
0.000625
0.000675
0.000725
0.000775
0.000825
0.000875
0.000925
0.000975
0.001025
0.001075
0.001125
0.001175
0.001225
0.001275
0.001325
0.001375
0.001425
0.001475
0.001525
0.001575
0.001625
0.001675
0.001725
0.001775
0.001825
0.001875
0.001925
0.001975
0.002025
0.002075
0.002125
0.002175
0.002225
0.002275
0.002325
0.002375
0.002425
0.002475
0.002525
0.002575
0.002625
0.002675
0.002725
0.002775
0.002825
0.002875
0.002925
0.002975
0.003025
0.003075
0.003125
0.003175
0.003225
0.003275
0.003325
0.003375
0.003425
0.003475
0.003525
0.003575
0.003625
0.003675
0.003725
0.003775
0.003825
0.003875
0.003925
0.003975
0.004025
0.004075
0.004125
0.004175
0.004225
0.004275
0.004325
0.004375
0.004425
0.004475
0.004525
0.004575
0.004625
0.004675
0.004725
0.004775
0.004825
0.004875
0.004925
0.004975
0.005025
0.005075
0.005125
0.005175
0.005225
0.005275
0.005325
0.005375
0.005425
0.005475
0.005525
0.005575
0.005625
0.005675
0.005725
0.005775
0.005825
0.005875
0.005925
0.005975
0.006025
0.006075
0.006125
0.006175
0.006225
0.006275
0.006325
0.006375
0.006425
0.006475
0.006525
0.006575
0.006625
0.006675
0.006725
0.006775
0.006825
0.006875
0.006925
0.006975
0.007025
0.007075
0.007125
0.007175
0.007225
0.007275
0.007325
0.007375
0.007425
0.007475
0.007525
0.007575
0.007625
0.007675
0.007725
0.007775
0.007825
0.007875
0.007925
0.007975
0.008025
0.008075
0.008125
0.008175
0.008225
0.008275
0.008325
0.008375
0.008425
0.008475
0.008525
0.008575
0.008625
0.008675
0.008725
0.008775
0.008825
0.008875
0.008925
0.008975
0.009025
0.009075
0.009125
0.009175
0.009225
0.009275
0.009325
0.009375
0.009425
0.009475
0.009525
0.009575
0.009625
0.009675
0.009725
0.009775
0.009825
0.009875
0.009925
0.009975
2.5e-05
7.5e-05
0.000125
0.000175
0.000225
0.000275
0.000325
0.000375
0.000425
0.000475
0.000525
0.000575
0.000625
0.000675
0.000725
0.000775
0.000825
0.000875
0.000925
0.000975
0.001025
0.001075
0.001125
0.001175
0.001225
0.001275
0.001325
0.001375
0.001425
0.001475
0.001525
0.001575
0.001625
0.001675
0.001725
0.001775
0.001825
0.001875
0.001925
0.001975
0.002025
0.002075
0.002125
0.002175
0.002225
0.002275
0.002325
0.002375
0.002425
0.002475
0.002525
0.002575
0.002625
0.002675
0.002725
0.002775
0.002825
0.002875
0.002925
0.002975
0.003025
0.003075
0.003125
0.003175
0.003225
0.003275
0.003325
0.003375
0.003425
0.003475
0.003525
0.003575
0.003625
0.003675
0.003725
0.003775
0.003825
0.003875
0.003925
0.003975
0.004025
0.004075
0.004125
0.004175
0.004225
0.004275
0.004325
0.004375
0.004425
0.004475
0.004525
0.004575
0.004625
0.004675
0.004725
0.004775
0.004825
0.004875
0.004925
0.004975
0.005025
0.005075
0.005125
0.005175
0.005225
0.005275
0.005325
0.005375
0.005425
0.005475
0.005525
0.005575
0.005625
0.005675
0.005725
0.005775
0.005825
0.005875
0.005925
0.005975
0.006025
0.006075
0.006125
0.006175
0.006225
0.006275
0.006325
0.006375
0.006425
0.006475
0.006525
0.006575
0.006625
0.006675
0.006725
0.006775
0.006825
0.006875
0.006925
0.006975
0.007025
0.007075
0.007125
0.007175
0.007225
0.007275
0.007325
0.007375
0.007425
0.007475
0.007525
0.007575
0.007625
0.007675
0.007725
0.007775
0.007825
0.007875
0.007925
0.007975
0.008025
0.008075
0.008125
0.008175
0.008225
0.008275
0.008325
0.008375
0.008425
0.008475
0.008525
0.008575
0.008625
0.008675
0.008725
0.008775
0.008825
0.008875
0.008925
0.008975
0.009025
0.009075
0.009125
0.009175
0.009225
0.009275
0.009325
0.009375
0.009425
0.009475
0.009525
0.009575
0.009625
0.009675
0.009725
0.009775
0.009825
0.009875
0.009925
0.009975
2.5e-05
7.5e-05
0.000125
0.000175
0.000225
0.000275
0.000325
0.000375
0.000425
0.000475
0.000525
0.000575
0.000625
0.000675
0.000725
0.000775
0.000825
0.000875
0.000925
0.000975
0.001025
0.001075
0.001125
0.001175
0.001225
0.001275
0.001325
0.001375
0.001425
0.001475
0.001525
0.001575
0.001625
0.001675
0.001725
0.001775
0.001825
0.001875
0.001925
0.001975
0.002025
0.002075
0.002125
0.002175
0.002225
0.002275
0.002325
0.002375
0.002425
0.002475
0.002525
0.002575
0.002625
0.002675
0.002725
0.002775
0.002825
0.002875
0.002925
0.002975
0.003025
0.003075
0.003125
0.003175
0.003225
0.003275
0.003325
0.003375
0.003425
0.003475
0.003525
0.003575
0.003625
0.003675
0.003725
0.003775
0.003825
0.003875
0.003925
0.003975
0.004025
0.004075
0.004125
0.004175
0.004225
0.004275
0.004325
0.004375
0.004425
0.004475
0.004525
0.004575
0.004625
0.004675
0.004725
0.004775
0.004825
0.004875
0.004925
0.004975
0.005025
0.005075
0.005125
0.005175
0.005225
0.005275
0.005325
0.005375
0.005425
0.005475
0.005525
0.005575
0.005625
0.005675
0.005725
0.005775
0.005825
0.005875
0.005925
0.005975
0.006025
0.006075
0.006125
0.006175
0.006225
0.006275
0.006325
0.006375
0.006425
0.006475
0.006525
0.006575
0.006625
0.006675
0.006725
0.006775
0.006825
0.006875
0.006925
0.006975
0.007025
0.007075
0.007125
0.007175
0.007225
0.007275
0.007325
0.007375
0.007425
0.007475
0.007525
0.007575
0.007625
0.007675
0.007725
0.007775
0.007825
0.007875
0.007925
0.007975
0.008025
0.008075
0.008125
0.008175
0.008225
0.008275
0.008325
0.008375
0.008425
0.008475
0.008525
0.008575
0.008625
0.008675
0.008725
0.008775
0.008825
0.008875
0.008925
0.008975
0.009025
0.009075
0.009125
0.009175
0.009225
0.009275
0.009325
0.009375
0.009425
0.009475
0.009525
0.009575
0.009625
0.009675
0.009725
0.009775
0.009825
0.009875
0.009925
0.009975
2.5e-05
7.5e-05
0.000125
0.000175
0.000225
0.000275
0.000325
0.000375
0.000425
0.000475
0.000525
0.000575
0.000625
0.000675
0.000725
0.000775
0.000825
0.000875
0.000925
0.000975
0.001025
0.001075
0.001125
0.001175
0.001225
0.001275
0.001325
0.001375
0.001425
0.001475
0.001525
0.001575
0.001625
0.001675
0.001725
0.001775
0.001825
0.001875
0.001925
0.001975
0.002025
0.002075
0.002125
0.002175
0.002225
0.002275
0.002325
0.002375
0.002425
0.002475
0.002525
0.002575
0.002625
0.002675
0.002725
0.002775
0.002825
0.002875
0.002925
0.002975
0.003025
0.003075
0.003125
0.003175
0.003225
0.003275
0.003325
0.003375
0.003425
0.003475
0.003525
0.003575
0.003625
0.003675
0.003725
0.003775
0.003825
0.003875
0.003925
0.003975
0.004025
0.004075
0.004125
0.004175
0.004225
0.004275
0.004325
0.004375
0.004425
0.004475
0.004525
0.004575
0.004625
0.004675
0.004725
0.004775
0.004825
0.004875
0.004925
0.004975
0.005025
0.005075
0.005125
0.005175
0.005225
0.005275
0.005325
0.005375
0.005425
0.005475
0.005525
0.005575
0.005625
0.005675
0.005725
0.005775
0.005825
0.005875
0.005925
0.005975
0.006025
0.006075
0.006125
0.006175
0.006225
0.006275
0.006325
0.006375
0.006425
0.006475
0.006525
0.006575
0.006625
0.006675
0.006725
0.006775
0.006825
0.006875
0.006925
0.006975
0.007025
0.007075
0.007125
0.007175
0.007225
0.007275
0.007325
0.007375
0.007425
0.007475
0.007525
0.007575
0.007625
0.007675
0.007725
0.007775
0.007825
0.007875
0.007925
0.007975
0.008025
0.008075
0.008125
0.008175
0.008225
0.008275
0.008325
0.008375
0.008425
0.008475
0.008525
0.008575
0.008625
0.008675
0.008725
0.008775
0.008825
0.008875
0.008925
0.008975
0.009025
0.009075
0.009125
0.009175
0.009225
0.009275
0.009325
0.009375
0.009425
0.009475
0.009525
0.009575
0.009625
0.009675
0.009725
0.009775
0.009825
0.009875
0.009925
0.009975
2.5e-05
7.5e-05
0.000125
0.000175
0.000225
0.000275
0.000325
0.000375
0.000425
0.000475
0.000525
0.000575
0.000625
0.000675
0.000725
0.000775
0.000825
0.000875
0.000925
0.000975
0.001025
0.001075
0.001125
0.001175
0.001225
0.001275
0.001325
0.001375
0.001425
0.001475
0.001525
0.001575
0.001625
0.001675
0.001725
0.001775
0.001825
0.001875
0.001925
0.001975
0.002025
0.002075
0.002125
0.002175
0.002225
0.002275
0.002325
0.002375
0.002425
0.002475
0.002525
0.002575
0.002625
0.002675
0.002725
0.002775
0.002825
0.002875
0.002925
0.002975
0.003025
0.003075
0.003125
0.003175
0.003225
0.003275
0.003325
0.003375
0.003425
0.003475
0.003525
0.003575
0.003625
0.003675
0.003725
0.003775
0.003825
0.003875
0.003925
0.003975
0.004025
0.004075
0.004125
0.004175
0.004225
0.004275
0.004325
0.004375
0.004425
0.004475
0.004525
0.004575
0.004625
0.004675
0.004725
0.004775
0.004825
0.004875
0.004925
0.004975
0.005025
0.005075
0.005125
0.005175
0.005225
0.005275
0.005325
0.005375
0.005425
0.005475
0.005525
0.005575
0.005625
0.005675
0.005725
0.005775
0.005825
0.005875
0.005925
0.005975
0.006025
0.006075
0.006125
0.006175
0.006225
0.006275
0.006325
0.006375
0.006425
0.006475
0.006525
0.006575
0.006625
0.006675
0.006725
0.006775
0.006825
0.006875
0.006925
0.006975
0.007025
0.007075
0.007125
0.007175
0.007225
0.007275
0.007325
0.007375
0.007425
0.007475
0.007525
0.007575
0.007625
0.007675
0.007725
0.007775
0.007825
0.007875
0.007925
0.007975
0.008025
0.008075
0.008125
0.008175
0.008225
0.008275
0.008325
0.008375
0.008425
0.008475
0.008525
0.008575
0.008625
0.008675
0.008725
0.008775
0.008825
0.008875
0.008925
0.008975
0.009025
0.009075
0.009125
0.009175
0.009225
0.009275
0.009325
0.009375
0.009425
0.009475
0.009525
0.009575
0.009625
0.009675
0.009725
0.009775
0.009825
0.009875
0.009925
0.009975
2.5e-05
7.5e-05
0.000125
0.000175
0.000225
0.000275
0.000325
0.000375
0.000425
0.000475
0.000525
0.000575
0.000625
0.000675
0.000725
0.000775
0.000825
0.000875
0.000925
0.000975
0.001025
0.001075
0.001125
0.001175
0.001225
0.001275
0.001325
0.001375
0.001425
0.001475
0.001525
0.001575
0.001625
0.001675
0.001725
0.001775
0.001825
0.001875
0.001925
0.001975
0.002025
0.002075
0.002125
0.002175
0.002225
0.002275
0.002325
0.002375
0.002425
0.002475
0.002525
0.002575
0.002625
0.002675
0.002725
0.002775
0.002825
0.002875
0.002925
0.002975
0.003025
0.003075
0.003125
0.003175
0.003225
0.003275
0.003325
0.003375
0.003425
0.003475
0.003525
0.003575
0.003625
0.003675
0.003725
0.003775
0.003825
0.003875
0.003925
0.003975
0.004025
0.004075
0.004125
0.004175
0.004225
0.004275
0.004325
0.004375
0.004425
0.004475
0.004525
0.004575
0.004625
0.004675
0.004725
0.004775
0.004825
0.004875
0.004925
0.004975
0.005025
0.005075
0.005125
0.005175
0.005225
0.005275
0.005325
0.005375
0.005425
0.005475
0.005525
0.005575
0.005625
0.005675
0.005725
0.005775
0.005825
0.005875
0.005925
0.005975
0.006025
0.006075
0.006125
0.006175
0.006225
0.006275
0.006325
0.006375
0.006425
0.006475
0.006525
0.006575
0.006625
0.006675
0.006725
0.006775
0.006825
0.006875
0.006925
0.006975
0.007025
0.007075
0.007125
0.007175
0.007225
0.007275
0.007325
0.007375
0.007425
0.007475
0.007525
0.007575
0.007625
0.007675
0.007725
0.007775
0.007825
0.007875
0.007925
0.007975
0.008025
0.008075
0.008125
0.008175
0.008225
0.008275
0.008325
0.008375
0.008425
0.008475
0.008525
0.008575
0.008625
0.008675
0.008725
0.008775
0.008825
0.008875
0.008925
0.008975
0.009025
0.009075
0.009125
0.009175
0.009225
0.009275
0.009325
0.009375
0.009425
0.009475
0.009525
0.009575
0.009625
0.009675
0.009725
0.009775
0.009825
0.009875
0.009925
0.009975
2.5e-05
7.5e-05
0.000125
0.000175
0.000225
0.000275
0.000325
0.000375
0.000425
0.000475
0.000525
0.000575
0.000625
0.000675
0.000725
0.000775
0.000825
0.000875
0.000925
0.000975
0.001025
0.001075
0.001125
0.001175
0.001225
0.001275
0.001325
0.001375
0.001425
0.001475
0.001525
0.001575
0.001625
0.001675
0.001725
0.001775
0.001825
0.001875
0.001925
0.001975
0.002025
0.002075
0.002125
0.002175
0.002225
0.002275
0.002325
0.002375
0.002425
0.002475
0.002525
0.002575
0.002625
0.002675
0.002725
0.002775
0.002825
0.002875
0.002925
0.002975
0.003025
0.003075
0.003125
0.003175
0.003225
0.003275
0.003325
0.003375
0.003425
0.003475
0.003525
0.003575
0.003625
0.003675
0.003725
0.003775
0.003825
0.003875
0.003925
0.003975
0.004025
0.004075
0.004125
0.004175
0.004225
0.004275
0.004325
0.004375
0.004425
0.004475
0.004525
0.004575
0.004625
0.004675
0.004725
0.004775
0.004825
0.004875
0.004925
0.004975
0.005025
0.005075
0.005125
0.005175
0.005225
0.005275
0.005325
0.005375
0.005425
0.005475
0.005525
0.005575
0.005625
0.005675
0.005725
0.005775
0.005825
0.005875
0.005925
0.005975
0.006025
0.006075
0.006125
0.006175
0.006225
0.006275
0.006325
0.006375
0.006425
0.006475
0.006525
0.006575
0.006625
0.006675
0.006725
0.006775
0.006825
0.006875
0.006925
0.006975
0.007025
0.007075
0.007125
0.007175
0.007225
0.007275
0.007325
0.007375
0.007425
0.007475
0.007525
0.007575
0.007625
0.007675
0.007725
0.007775
0.007825
0.007875
0.007925
0.007975
0.008025
0.008075
0.008125
0.008175
0.008225
0.008275
0.008325
0.008375
0.008425
0.008475
0.008525
0.008575
0.008625
0.008675
0.008725
0.008775
0.008825
0.008875
0.008925
0.008975
0.009025
0.009075
0.009125
0.009175
0.009225
0.009275
0.009325
0.009375
0.009425
0.009475
0.009525
0.009575
0.009625
0.009675
0.009725
0.009775
0.009825
0.009875
0.009925
0.009975
2.5e-05
7.5e-05
0.000125
0.000175
0.000225
0.000275
0.000325
0.000375
0.000425
0.000475
0.000525
0.000575
0.000625
0.000675
0.000725
0.000775
0.000825
0.000875
0.000925
0.000975
0.001025
0.001075
0.001125
0.001175
0.001225
0.001275
0.001325
0.001375
0.001425
0.001475
0.001525
0.001575
0.001625
0.001675
0.001725
0.001775
0.001825
0.001875
0.001925
0.001975
0.002025
0.002075
0.002125
0.002175
0.002225
0.002275
0.002325
0.002375
0.002425
0.002475
0.002525
0.002575
0.002625
0.002675
0.002725
0.002775
0.002825
0.002875
0.002925
0.002975
0.003025
0.003075
0.003125
0.003175
0.003225
0.003275
0.003325
0.003375
0.003425
0.003475
0.003525
0.003575
0.003625
0.003675
0.003725
0.003775
0.003825
0.003875
0.003925
0.003975
0.004025
0.004075
0.004125
0.004175
0.004225
0.004275
0.004325
0.004375
0.004425
0.004475
0.004525
0.004575
0.004625
0.004675
0.004725
0.004775
0.004825
0.004875
0.004925
0.004975
0.005025
0.005075
0.005125
0.005175
0.005225
0.005275
0.005325
0.005375
0.005425
0.005475
0.005525
0.005575
0.005625
0.005675
0.005725
0.005775
0.005825
0.005875
0.005925
0.005975
0.006025
0.006075
0.006125
0.006175
0.006225
0.006275
0.006325
0.006375
0.006425
0.006475
0.006525
0.006575
0.006625
0.006675
0.006725
0.006775
0.006825
0.006875
0.006925
0.006975
0.007025
0.007075
0.007125
0.007175
0.007225
0.007275
0.007325
0.007375
0.007425
0.007475
0.007525
0.007575
0.007625
0.007675
0.007725
0.007775
0.007825
0.007875
0.007925
0.007975
0.008025
0.008075
0.008125
0.008175
0.008225
0.008275
0.008325
0.008375
0.008425
0.008475
0.008525
0.008575
0.008625
0.008675
0.008725
0.008775
0.008825
0.008875
0.008925
0.008975
0.009025
0.009075
0.009125
0.009175
0.009225
0.009275
0.009325
0.009375
0.009425
0.009475
0.009525
0.009575
0.009625
0.009675
0.009725
0.009775
0.009825
0.009875
0.009925
0.009975
2.5e-05
7.5e-05
0.000125
0.000175
0.000225
0.000275
0.000325
0.000375
0.000425
0.000475
0.000525
0.000575
0.000625
0.000675
0.000725
0.000775
0.000825
0.000875
0.000925
0.000975
0.001025
0.001075
0.001125
0.001175
0.001225
0.001275
0.001325
0.001375
0.001425
0.001475
0.001525
0.001575
0.001625
0.001675
0.001725
0.001775
0.001825
0.001875
0.001925
0.001975
0.002025
0.002075
0.002125
0.002175
0.002225
0.002275
0.002325
0.002375
0.002425
0.002475
0.002525
0.002575
0.002625
0.002675
0.002725
0.002775
0.002825
0.002875
0.002925
0.002975
0.003025
0.003075
0.003125
0.003175
0.003225
0.003275
0.003325
0.003375
0.003425
0.003475
0.003525
0.003575
0.003625
0.003675
0.003725
0.003775
0.003825
0.003875
0.003925
0.003975
0.004025
0.004075
0.004125
0.004175
0.004225
0.004275
0.004325
0.004375
0.004425
0.004475
0.004525
0.004575
0.004625
0.004675
0.004725
0.004775
0.004825
0.004875
0.004925
0.004975
0.005025
0.005075
0.005125
0.005175
0.005225
0.005275
0.005325
0.005375
0.005425
0.005475
0.005525
0.005575
0.005625
0.005675
0.005725
0.005775
0.005825
0.005875
0.005925
0.005975
0.006025
0.006075
0.006125
0.006175
0.006225
0.006275
0.006325
0.006375
0.006425
0.006475
0.006525
0.006575
0.006625
0.006675
0.006725
0.006775
0.006825
0.006875
0.006925
0.006975
0.007025
0.007075
0.007125
0.007175
0.007225
0.007275
0.007325
0.007375
0.007425
0.007475
0.007525
0.007575
0.007625
0.007675
0.007725
0.007775
0.007825
0.007875
0.007925
0.007975
0.008025
0.008075
0.008125
0.008175
0.008225
0.008275
0.008325
0.008375
0.008425
0.008475
0.008525
0.008575
0.008625
0.008675
0.008725
0.008775
0.008825
0.008875
0.008925
0.008975
0.009025
0.009075
0.009125
0.009175
0.009225
0.009275
0.009325
0.009375
0.009425
0.009475
0.009525
0.009575
0.009625
0.009675
0.009725
0.009775
0.009825
0.009875
0.009925
0.009975
2.5e-05
7.5e-05
0.000125
0.000175
0.000225
0.000275
0.000325
0.000375
0.000425
0.000475
0.000525
0.000575
0.000625
0.000675
0.000725
0.000775
0.000825
0.000875
0.000925
0.000975
0.001025
0.001075
0.001125
0.001175
0.001225
0.001275
0.001325
0.001375
0.001425
0.001475
0.001525
0.001575
0.001625
0.001675
0.001725
0.001775
0.001825
0.001875
0.001925
0.001975
0.002025
0.002075
0.002125
0.002175
0.002225
0.002275
0.002325
0.002375
0.002425
0.002475
0.002525
0.002575
0.002625
0.002675
0.002725
0.002775
0.002825
0.002875
0.002925
0.002975
0.003025
0.003075
0.003125
0.003175
0.003225
0.003275
0.003325
0.003375
0.003425
0.003475
0.003525
0.003575
0.003625
0.003675
0.003725
0.003775
0.003825
0.003875
0.003925
0.003975
0.004025
0.004075
0.004125
0.004175
0.004225
0.004275
0.004325
0.004375
0.004425
0.004475
0.004525
0.004575
0.004625
0.004675
0.004725
0.004775
0.004825
0.004875
0.004925
0.004975
0.005025
0.005075
0.005125
0.005175
0.005225
0.005275
0.005325
0.005375
0.005425
0.005475
0.005525
0.005575
0.005625
0.005675
0.005725
0.005775
0.005825
0.005875
0.005925
0.005975
0.006025
0.006075
0.006125
0.006175
0.006225
0.006275
0.006325
0.006375
0.006425
0.006475
0.006525
0.006575
0.006625
0.006675
0.006725
0.006775
0.006825
0.006875
0.006925
0.006975
0.007025
0.007075
0.007125
0.007175
0.007225
0.007275
0.007325
0.007375
0.007425
0.007475
0.007525
0.007575
0.007625
0.007675
0.007725
0.007775
0.007825
0.007875
0.007925
0.007975
0.008025
0.008075
0.008125
0.008175
0.008225
0.008275
0.008325
0.008375
0.008425
0.008475
0.008525
0.008575
0.008625
0.008675
0.008725
0.008775
0.008825
0.008875
0.008925
0.008975
0.009025
0.009075
0.009125
0.009175
0.009225
0.009275
0.009325
0.009375
0.009425
0.009475
0.009525
0.009575
0.009625
0.009675
0.009725
0.009775
0.009825
0.009875
0.009925
0.009975
2.5e-05
7.5e-05
0.000125
0.000175
0.000225
0.000275
0.000325
0.000375
0.000425
0.000475
0.000525
0.000575
0.000625
0.000675
0.000725
0.000775
0.000825
0.000875
0.000925
0.000975
0.001025
0.001075
0.001125
0.001175
0.001225
0.001275
0.001325
0.001375
0.001425
0.001475
0.001525
0.001575
0.001625
0.001675
0.001725
0.001775
0.001825
0.001875
0.001925
0.001975
0.002025
0.002075
0.002125
0.002175
0.002225
0.002275
0.002325
0.002375
0.002425
0.002475
0.002525
0.002575
0.002625
0.002675
0.002725
0.002775
0.002825
0.002875
0.002925
0.002975
0.003025
0.003075
0.003125
0.003175
0.003225
0.003275
0.003325
0.003375
0.003425
0.003475
0.003525
0.003575
0.003625
0.003675
0.003725
0.003775
0.003825
0.003875
0.003925
0.003975
0.004025
0.004075
0.004125
0.004175
0.004225
0.004275
0.004325
0.004375
0.004425
0.004475
0.004525
0.004575
0.004625
0.004675
0.004725
0.004775
0.004825
0.004875
0.004925
0.004975
0.005025
0.005075
0.005125
0.005175
0.005225
0.005275
0.005325
0.005375
0.005425
0.005475
0.005525
0.005575
0.005625
0.005675
0.005725
0.005775
0.005825
0.005875
0.005925
0.005975
0.006025
0.006075
0.006125
0.006175
0.006225
0.006275
0.006325
0.006375
0.006425
0.006475
0.006525
0.006575
0.006625
0.006675
0.006725
0.006775
0.006825
0.006875
0.006925
0.006975
0.007025
0.007075
0.007125
0.007175
0.007225
0.007275
0.007325
0.007375
0.007425
0.007475
0.007525
0.007575
0.007625
0.007675
0.007725
0.007775
0.007825
0.007875
0.007925
0.007975
0.008025
0.008075
0.008125
0.008175
0.008225
0.008275
0.008325
0.008375
0.008425
0.008475
0.008525
0.008575
0.008625
0.008675
0.008725
0.008775
0.008825
0.008875
0.008925
0.008975
0.009025
0.009075
0.009125
0.009175
0.009225
0.009275
0.009325
0.009375
0.009425
0.009475
0.009525
0.009575
0.009625
0.009675
0.009725
0.009775
0.009825
0.009875
0.009925
0.009975
2.5e-05
7.5e-05
0.000125
0.000175
0.000225
0.000275
0.000325
0.000375
0.000425
0.000475
0.000525
0.000575
0.000625
0.000675
0.000725
0.000775
0.000825
0.000875
0.000925
0.000975
0.001025
0.001075
0.001125
0.001175
0.001225
0.001275
0.001325
0.001375
0.001425
0.001475
0.001525
0.001575
0.001625
0.001675
0.001725
0.001775
0.001825
0.001875
0.001925
0.001975
0.002025
0.002075
0.002125
0.002175
0.002225
0.002275
0.002325
0.002375
0.002425
0.002475
0.002525
0.002575
0.002625
0.002675
0.002725
0.002775
0.002825
0.002875
0.002925
0.002975
0.003025
0.003075
0.003125
0.003175
0.003225
0.003275
0.003325
0.003375
0.003425
0.003475
0.003525
0.003575
0.003625
0.003675
0.003725
0.003775
0.003825
0.003875
0.003925
0.003975
0.004025
0.004075
0.004125
0.004175
0.004225
0.004275
0.004325
0.004375
0.004425
0.004475
0.004525
0.004575
0.004625
0.004675
0.004725
0.004775
0.004825
0.004875
0.004925
0.004975
0.005025
0.005075
0.005125
0.005175
0.005225
0.005275
0.005325
0.005375
0.005425
0.005475
0.005525
0.005575
0.005625
0.005675
0.005725
0.005775
0.005825
0.005875
0.005925
0.005975
0.006025
0.006075
0.006125
0.006175
0.006225
0.006275
0.006325
0.006375
0.006425
0.006475
0.006525
0.006575
0.006625
0.006675
0.006725
0.006775
0.006825
0.006875
0.006925
0.006975
0.007025
0.007075
0.007125
0.007175
0.007225
0.007275
0.007325
0.007375
0.007425
0.007475
0.007525
0.007575
0.007625
0.007675
0.007725
0.007775
0.007825
0.007875
0.007925
0.007975
0.008025
0.008075
0.008125
0.008175
0.008225
0.008275
0.008325
0.008375
0.008425
0.008475
0.008525
0.008575
0.008625
0.008675
0.008725
0.008775
0.008825
0.008875
0.008925
0.008975
0.009025
0.009075
0.009125
0.009175
0.009225
0.009275
0.009325
0.009375
0.009425
0.009475
0.009525
0.009575
0.009625
0.009675
0.009725
0.009775
0.009825
0.009875
0.009925
0.009975
2.5e-05
7.5e-05
0.000125
0.000175
0.000225
0.000275
0.000325
0.000375
0.000425
0.000475
0.000525
0.000575
0.000625
0.000675
0.000725
0.000775
0.000825
0.000875
0.000925
0.000975
0.001025
0.001075
0.001125
0.001175
0.001225
0.001275
0.001325
0.001375
0.001425
0.001475
0.001525
0.001575
0.001625
0.001675
0.001725
0.001775
0.001825
0.001875
0.001925
0.001975
0.002025
0.002075
0.002125
0.002175
0.002225
0.002275
0.002325
0.002375
0.002425
0.002475
0.002525
0.002575
0.002625
0.002675
0.002725
0.002775
0.002825
0.002875
0.002925
0.002975
0.003025
0.003075
0.003125
0.003175
0.003225
0.003275
0.003325
0.003375
0.003425
0.003475
0.003525
0.003575
0.003625
0.003675
0.003725
0.003775
0.003825
0.003875
0.003925
0.003975
0.004025
0.004075
0.004125
0.004175
0.004225
0.004275
0.004325
0.004375
0.004425
0.004475
0.004525
0.004575
0.004625
0.004675
0.004725
0.004775
0.004825
0.004875
0.004925
0.004975
0.005025
0.005075
0.005125
0.005175
0.005225
0.005275
0.005325
0.005375
0.005425
0.005475
0.005525
0.005575
0.005625
0.005675
0.005725
0.005775
0.005825
0.005875
0.005925
0.005975
0.006025
0.006075
0.006125
0.006175
0.006225
0.006275
0.006325
0.006375
0.006425
0.006475
0.006525
0.006575
0.006625
0.006675
0.006725
0.006775
0.006825
0.006875
0.006925
0.006975
0.007025
0.007075
0.007125
0.007175
0.007225
0.007275
0.007325
0.007375
0.007425
0.007475
0.007525
0.007575
0.007625
0.007675
0.007725
0.007775
0.007825
0.007875
0.007925
0.007975
0.008025
0.008075
0.008125
0.008175
0.008225
0.008275
0.008325
0.008375
0.008425
0.008475
0.008525
0.008575
0.008625
0.008675
0.008725
0.008775
0.008825
0.008875
0.008925
0.008975
0.009025
0.009075
0.009125
0.009175
0.009225
0.009275
0.009325
0.009375
0.009425
0.009475
0.009525
0.009575
0.009625
0.009675
0.009725
0.009775
0.009825
0.009875
0.009925
0.009975
2.5e-05
7.5e-05
0.000125
0.000175
0.000225
0.000275
0.000325
0.000375
0.000425
0.000475
0.000525
0.000575
0.000625
0.000675
0.000725
0.000775
0.000825
0.000875
0.000925
0.000975
0.001025
0.001075
0.001125
0.001175
0.001225
0.001275
0.001325
0.001375
0.001425
0.001475
0.001525
0.001575
0.001625
0.001675
0.001725
0.001775
0.001825
0.001875
0.001925
0.001975
0.002025
0.002075
0.002125
0.002175
0.002225
0.002275
0.002325
0.002375
0.002425
0.002475
0.002525
0.002575
0.002625
0.002675
0.002725
0.002775
0.002825
0.002875
0.002925
0.002975
0.003025
0.003075
0.003125
0.003175
0.003225
0.003275
0.003325
0.003375
0.003425
0.003475
0.003525
0.003575
0.003625
0.003675
0.003725
0.003775
0.003825
0.003875
0.003925
0.003975
0.004025
0.004075
0.004125
0.004175
0.004225
0.004275
0.004325
0.004375
0.004425
0.004475
0.004525
0.004575
0.004625
0.004675
0.004725
0.004775
0.004825
0.004875
0.004925
0.004975
0.005025
0.005075
0.005125
0.005175
0.005225
0.005275
0.005325
0.005375
0.005425
0.005475
0.005525
0.005575
0.005625
0.005675
0.005725
0.005775
0.005825
0.005875
0.005925
0.005975
0.006025
0.006075
0.006125
0.006175
0.006225
0.006275
0.006325
0.006375
0.006425
0.006475
0.006525
0.006575
0.006625
0.006675
0.006725
0.006775
0.006825
0.006875
0.006925
0.006975
0.007025
0.007075
0.007125
0.007175
0.007225
0.007275
0.007325
0.007375
0.007425
0.007475
0.007525
0.007575
0.007625
0.007675
0.007725
0.007775
0.007825
0.007875
0.007925
0.007975
0.008025
0.008075
0.008125
0.008175
0.008225
0.008275
0.008325
0.008375
0.008425
0.008475
0.008525
0.008575
0.008625
0.008675
0.008725
0.008775
0.008825
0.008875
0.008925
0.008975
0.009025
0.009075
0.009125
0.009175
0.009225
0.009275
0.009325
0.009375
0.009425
0.009475
0.009525
0.009575
0.009625
0.009675
0.009725
0.009775
0.009825
0.009875
0.009925
0.009975
2.5e-05
7.5e-05
0.000125
0.000175
0.000225
0.000275
0.000325
0.000375
0.000425
0.000475
0.000525
0.000575
0.000625
0.000675
0.000725
0.000775
0.000825
0.000875
0.000925
0.000975
0.001025
0.001075
0.001125
0.001175
0.001225
0.001275
0.001325
0.001375
0.001425
0.001475
0.001525
0.001575
0.001625
0.001675
0.001725
0.001775
0.001825
0.001875
0.001925
0.001975
0.002025
0.002075
0.002125
0.002175
0.002225
0.002275
0.002325
0.002375
0.002425
0.002475
0.002525
0.002575
0.002625
0.002675
0.002725
0.002775
0.002825
0.002875
0.002925
0.002975
0.003025
0.003075
0.003125
0.003175
0.003225
0.003275
0.003325
0.003375
0.003425
0.003475
0.003525
0.003575
0.003625
0.003675
0.003725
0.003775
0.003825
0.003875
0.003925
0.003975
0.004025
0.004075
0.004125
0.004175
0.004225
0.004275
0.004325
0.004375
0.004425
0.004475
0.004525
0.004575
0.004625
0.004675
0.004725
0.004775
0.004825
0.004875
0.004925
0.004975
0.005025
0.005075
0.005125
0.005175
0.005225
0.005275
0.005325
0.005375
0.005425
0.005475
0.005525
0.005575
0.005625
0.005675
0.005725
0.005775
0.005825
0.005875
0.005925
0.005975
0.006025
0.006075
0.006125
0.006175
0.006225
0.006275
0.006325
0.006375
0.006425
0.006475
0.006525
0.006575
0.006625
0.006675
0.006725
0.006775
0.006825
0.006875
0.006925
0.006975
0.007025
0.007075
0.007125
0.007175
0.007225
0.007275
0.007325
0.007375
0.007425
0.007475
0.007525
0.007575
0.007625
0.007675
0.007725
0.007775
0.007825
0.007875
0.007925
0.007975
0.008025
0.008075
0.008125
0.008175
0.008225
0.008275
0.008325
0.008375
0.008425
0.008475
0.008525
0.008575
0.008625
0.008675
0.008725
0.008775
0.008825
0.008875
0.008925
0.008975
0.009025
0.009075
0.009125
0.009175
0.009225
0.009275
0.009325
0.009375
0.009425
0.009475
0.009525
0.009575
0.009625
0.009675
0.009725
0.009775
0.009825
0.009875
0.009925
0.009975
2.5e-05
7.5e-05
0.000125
0.000175
0.000225
0.000275
0.000325
0.000375
0.000425
0.000475
0.000525
0.000575
0.000625
0.000675
0.000725
0.000775
0.000825
0.000875
0.000925
0.000975
0.001025
0.001075
0.001125
0.001175
0.001225
0.001275
0.001325
0.001375
0.001425
0.001475
0.001525
0.001575
0.001625
0.001675
0.001725
0.001775
0.001825
0.001875
0.001925
0.001975
0.002025
0.002075
0.002125
0.002175
0.002225
0.002275
0.002325
0.002375
0.002425
0.002475
0.002525
0.002575
0.002625
0.002675
0.002725
0.002775
0.002825
0.002875
0.002925
0.002975
0.003025
0.003075
0.003125
0.003175
0.003225
0.003275
0.003325
0.003375
0.003425
0.003475
0.003525
0.003575
0.003625
0.003675
0.003725
0.003775
0.003825
0.003875
0.003925
0.003975
0.004025
0.004075
0.004125
0.004175
0.004225
0.004275
0.004325
0.004375
0.004425
0.004475
0.004525
0.004575
0.004625
0.004675
0.004725
0.004775
0.004825
0.004875
0.004925
0.004975
0.005025
0.005075
0.005125
0.005175
0.005225
0.005275
0.005325
0.005375
0.005425
0.005475
0.005525
0.005575
0.005625
0.005675
0.005725
0.005775
0.005825
0.005875
0.005925
0.005975
0.006025
0.006075
0.006125
0.006175
0.006225
0.006275
0.006325
0.006375
0.006425
0.006475
0.006525
0.006575
0.006625
0.006675
0.006725
0.006775
0.006825
0.006875
0.006925
0.006975
0.007025
0.007075
0.007125
0.007175
0.007225
0.007275
0.007325
0.007375
0.007425
0.007475
0.007525
0.007575
0.007625
0.007675
0.007725
0.007775
0.007825
0.007875
0.007925
0.007975
0.008025
0.008075
0.008125
0.008175
0.008225
0.008275
0.008325
0.008375
0.008425
0.008475
0.008525
0.008575
0.008625
0.008675
0.008725
0.008775
0.008825
0.008875
0.008925
0.008975
0.009025
0.009075
0.009125
0.009175
0.009225
0.009275
0.009325
0.009375
0.009425
0.009475
0.009525
0.009575
0.009625
0.009675
0.009725
0.009775
0.009825
0.009875
0.009925
0.009975
2.5e-05
7.5e-05
0.000125
0.000175
0.000225
0.000275
0.000325
0.000375
0.000425
0.000475
0.000525
0.000575
0.000625
0.000675
0.000725
0.000775
0.000825
0.000875
0.000925
0.000975
0.001025
0.001075
0.001125
0.001175
0.001225
0.001275
0.001325
0.001375
0.001425
0.001475
0.001525
0.001575
0.001625
0.001675
0.001725
0.001775
0.001825
0.001875
0.001925
0.001975
0.002025
0.002075
0.002125
0.002175
0.002225
0.002275
0.002325
0.002375
0.002425
0.002475
0.002525
0.002575
0.002625
0.002675
0.002725
0.002775
0.002825
0.002875
0.002925
0.002975
0.003025
0.003075
0.003125
0.003175
0.003225
0.003275
0.003325
0.003375
0.003425
0.003475
0.003525
0.003575
0.003625
0.003675
0.003725
0.003775
0.003825
0.003875
0.003925
0.003975
0.004025
0.004075
0.004125
0.004175
0.004225
0.004275
0.004325
0.004375
0.004425
0.004475
0.004525
0.004575
0.004625
0.004675
0.004725
0.004775
0.004825
0.004875
0.004925
0.004975
0.005025
0.005075
0.005125
0.005175
0.005225
0.005275
0.005325
0.005375
0.005425
0.005475
0.005525
0.005575
0.005625
0.005675
0.005725
0.005775
0.005825
0.005875
0.005925
0.005975
0.006025
0.006075
0.006125
0.006175
0.006225
0.006275
0.006325
0.006375
0.006425
0.006475
0.006525
0.006575
0.006625
0.006675
0.006725
0.006775
0.006825
0.006875
0.006925
0.006975
0.007025
0.007075
0.007125
0.007175
0.007225
0.007275
0.007325
0.007375
0.007425
0.007475
0.007525
0.007575
0.007625
0.007675
0.007725
0.007775
0.007825
0.007875
0.007925
0.007975
0.008025
0.008075
0.008125
0.008175
0.008225
0.008275
0.008325
0.008375
0.008425
0.008475
0.008525
0.008575
0.008625
0.008675
0.008725
0.008775
0.008825
0.008875
0.008925
0.008975
0.009025
0.009075
0.009125
0.009175
0.009225
0.009275
0.009325
0.009375
0.009425
0.009475
0.009525
0.009575
0.009625
0.009675
0.009725
0.009775
0.009825
0.009875
0.009925
0.009975
2.5e-05
7.5e-05
0.000125
0.000175
0.000225
0.000275
0.000325
0.000375
0.000425
0.000475
0.000525
0.000575
0.000625
0.000675
0.000725
0.000775
0.000825
0.000875
0.000925
0.000975
0.001025
0.001075
0.001125
0.001175
0.001225
0.001275
0.001325
0.001375
0.001425
0.001475
0.001525
0.001575
0.001625
0.001675
0.001725
0.001775
0.001825
0.001875
0.001925
0.001975
0.002025
0.002075
0.002125
0.002175
0.002225
0.002275
0.002325
0.002375
0.002425
0.002475
0.002525
0.002575
0.002625
0.002675
0.002725
0.002775
0.002825
0.002875
0.002925
0.002975
0.003025
0.003075
0.003125
0.003175
0.003225
0.003275
0.003325
0.003375
0.003425
0.003475
0.003525
0.003575
0.003625
0.003675
0.003725
0.003775
0.003825
0.003875
0.003925
0.003975
0.004025
0.004075
0.004125
0.004175
0.004225
0.004275
0.004325
0.004375
0.004425
0.004475
0.004525
0.004575
0.004625
0.004675
0.004725
0.004775
0.004825
0.004875
0.004925
0.004975
0.005025
0.005075
0.005125
0.005175
0.005225
0.005275
0.005325
0.005375
0.005425
0.005475
0.005525
0.005575
0.005625
0.005675
0.005725
0.005775
0.005825
0.005875
0.005925
0.005975
0.006025
0.006075
0.006125
0.006175
0.006225
0.006275
0.006325
0.006375
0.006425
0.006475
0.006525
0.006575
0.006625
0.006675
0.006725
0.006775
0.006825
0.006875
0.006925
0.006975
0.007025
0.007075
0.007125
0.007175
0.007225
0.007275
0.007325
0.007375
0.007425
0.007475
0.007525
0.007575
0.007625
0.007675
0.007725
0.007775
0.007825
0.007875
0.007925
0.007975
0.008025
0.008075
0.008125
0.008175
0.008225
0.008275
0.008325
0.008375
0.008425
0.008475
0.008525
0.008575
0.008625
0.008675
0.008725
0.008775
0.008825
0.008875
0.008925
0.008975
0.009025
0.009075
0.009125
0.009175
0.009225
0.009275
0.009325
0.009375
0.009425
0.009475
0.009525
0.009575
0.009625
0.009675
0.009725
0.009775
0.009825
0.009875
0.009925
0.009975
2.5e-05
7.5e-05
0.000125
0.000175
0.000225
0.000275
0.000325
0.000375
0.000425
0.000475
0.000525
0.000575
0.000625
0.000675
0.000725
0.000775
0.000825
0.000875
0.000925
0.000975
0.001025
0.001075
0.001125
0.001175
0.001225
0.001275
0.001325
0.001375
0.001425
0.001475
0.001525
0.001575
0.001625
0.001675
0.001725
0.001775
0.001825
0.001875
0.001925
0.001975
0.002025
0.002075
0.002125
0.002175
0.002225
0.002275
0.002325
0.002375
0.002425
0.002475
0.002525
0.002575
0.002625
0.002675
0.002725
0.002775
0.002825
0.002875
0.002925
0.002975
0.003025
0.003075
0.003125
0.003175
0.003225
0.003275
0.003325
0.003375
0.003425
0.003475
0.003525
0.003575
0.003625
0.003675
0.003725
0.003775
0.003825
0.003875
0.003925
0.003975
0.004025
0.004075
0.004125
0.004175
0.004225
0.004275
0.004325
0.004375
0.004425
0.004475
0.004525
0.004575
0.004625
0.004675
0.004725
0.004775
0.004825
0.004875
0.004925
0.004975
0.005025
0.005075
0.005125
0.005175
0.005225
0.005275
0.005325
0.005375
0.005425
0.005475
0.005525
0.005575
0.005625
0.005675
0.005725
0.005775
0.005825
0.005875
0.005925
0.005975
0.006025
0.006075
0.006125
0.006175
0.006225
0.006275
0.006325
0.006375
0.006425
0.006475
0.006525
0.006575
0.006625
0.006675
0.006725
0.006775
0.006825
0.006875
0.006925
0.006975
0.007025
0.007075
0.007125
0.007175
0.007225
0.007275
0.007325
0.007375
0.007425
0.007475
0.007525
0.007575
0.007625
0.007675
0.007725
0.007775
0.007825
0.007875
0.007925
0.007975
0.008025
0.008075
0.008125
0.008175
0.008225
0.008275
0.008325
0.008375
0.008425
0.008475
0.008525
0.008575
0.008625
0.008675
0.008725
0.008775
0.008825
0.008875
0.008925
0.008975
0.009025
0.009075
0.009125
0.009175
0.009225
0.009275
0.009325
0.009375
0.009425
0.009475
0.009525
0.009575
0.009625
0.009675
0.009725
0.009775
0.009825
0.009875
0.009925
0.009975
2.5e-05
7.5e-05
0.000125
0.000175
0.000225
0.000275
0.000325
0.000375
0.000425
0.000475
0.000525
0.000575
0.000625
0.000675
0.000725
0.000775
0.000825
0.000875
0.000925
0.000975
0.001025
0.001075
0.001125
0.001175
0.001225
0.001275
0.001325
0.001375
0.001425
0.001475
0.001525
0.001575
0.001625
0.001675
0.001725
0.001775
0.001825
0.001875
0.001925
0.001975
0.002025
0.002075
0.002125
0.002175
0.002225
0.002275
0.002325
0.002375
0.002425
0.002475
0.002525
0.002575
0.002625
0.002675
0.002725
0.002775
0.002825
0.002875
0.002925
0.002975
0.003025
0.003075
0.003125
0.003175
0.003225
0.003275
0.003325
0.003375
0.003425
0.003475
0.003525
0.003575
0.003625
0.003675
0.003725
0.003775
0.003825
0.003875
0.003925
0.003975
0.004025
0.004075
0.004125
0.004175
0.004225
0.004275
0.004325
0.004375
0.004425
0.004475
0.004525
0.004575
0.004625
0.004675
0.004725
0.004775
0.004825
0.004875
0.004925
0.004975
0.005025
0.005075
0.005125
0.005175
0.005225
0.005275
0.005325
0.005375
0.005425
0.005475
0.005525
0.005575
0.005625
0.005675
0.005725
0.005775
0.005825
0.005875
0.005925
0.005975
0.006025
0.006075
0.006125
0.006175
0.006225
0.006275
0.006325
0.006375
0.006425
0.006475
0.006525
0.006575
0.006625
0.006675
0.006725
0.006775
0.006825
0.006875
0.006925
0.006975
0.007025
0.007075
0.007125
0.007175
0.007225
0.007275
0.007325
0.007375
0.007425
0.007475
0.007525
0.007575
0.007625
0.007675
0.007725
0.007775
0.007825
0.007875
0.007925
0.007975
0.008025
0.008075
0.008125
0.008175
0.008225
0.008275
0.008325
0.008375
0.008425
0.008475
0.008525
0.008575
0.008625
0.008675
0.008725
0.008775
0.008825
0.008875
0.008925
0.008975
0.009025
0.009075
0.009125
0.009175
0.009225
0.009275
0.009325
0.009375
0.009425
0.009475
0.009525
0.009575
0.009625
0.009675
0.009725
0.009775
0.009825
0.009875
0.009925
0.009975
2.5e-05
7.5e-05
0.000125
0.000175
0.000225
0.000275
0.000325
0.000375
0.000425
0.000475
0.000525
0.000575
0.000625
0.000675
0.000725
0.000775
0.000825
0.000875
0.000925
0.000975
0.001025
0.001075
0.001125
0.001175
0.001225
0.001275
0.001325
0.001375
0.001425
0.001475
0.001525
0.001575
0.001625
0.001675
0.001725
0.001775
0.001825
0.001875
0.001925
0.001975
0.002025
0.002075
0.002125
0.002175
0.002225
0.002275
0.002325
0.002375
0.002425
0.002475
0.002525
0.002575
0.002625
0.002675
0.002725
0.002775
0.002825
0.002875
0.002925
0.002975
0.003025
0.003075
0.003125
0.003175
0.003225
0.003275
0.003325
0.003375
0.003425
0.003475
0.003525
0.003575
0.003625
0.003675
0.003725
0.003775
0.003825
0.003875
0.003925
0.003975
0.004025
0.004075
0.004125
0.004175
0.004225
0.004275
0.004325
0.004375
0.004425
0.004475
0.004525
0.004575
0.004625
0.004675
0.004725
0.004775
0.004825
0.004875
0.004925
0.004975
0.005025
0.005075
0.005125
0.005175
0.005225
0.005275
0.005325
0.005375
0.005425
0.005475
0.005525
0.005575
0.005625
0.005675
0.005725
0.005775
0.005825
0.005875
0.005925
0.005975
0.006025
0.006075
0.006125
0.006175
0.006225
0.006275
0.006325
0.006375
0.006425
0.006475
0.006525
0.006575
0.006625
0.006675
0.006725
0.006775
0.006825
0.006875
0.006925
0.006975
0.007025
0.007075
0.007125
0.007175
0.007225
0.007275
0.007325
0.007375
0.007425
0.007475
0.007525
0.007575
0.007625
0.007675
0.007725
0.007775
0.007825
0.007875
0.007925
0.007975
0.008025
0.008075
0.008125
0.008175
0.008225
0.008275
0.008325
0.008375
0.008425
0.008475
0.008525
0.008575
0.008625
0.008675
0.008725
0.008775
0.008825
0.008875
0.008925
0.008975
0.009025
0.009075
0.009125
0.009175
0.009225
0.009275
0.009325
0.009375
0.009425
0.009475
0.009525
0.009575
0.009625
0.009675
0.009725
0.009775
0.009825
0.009875
0.009925
0.009975
2.5e-05
7.5e-05
0.000125
0.000175
0.000225
0.000275
0.000325
0.000375
0.000425
0.000475
0.000525
0.000575
0.000625
0.000675
0.000725
0.000775
0.000825
0.000875
0.000925
0.000975
0.001025
0.001075
0.001125
0.001175
0.001225
0.001275
0.001325
0.001375
0.001425
0.001475
0.001525
0.001575
0.001625
0.001675
0.001725
0.001775
0.001825
0.001875
0.001925
0.001975
0.002025
0.002075
0.002125
0.002175
0.002225
0.002275
0.002325
0.002375
0.002425
0.002475
0.002525
0.002575
0.002625
0.002675
0.002725
0.002775
0.002825
0.002875
0.002925
0.002975
0.003025
0.003075
0.003125
0.003175
0.003225
0.003275
0.003325
0.003375
0.003425
0.003475
0.003525
0.003575
0.003625
0.003675
0.003725
0.003775
0.003825
0.003875
0.003925
0.003975
0.004025
0.004075
0.004125
0.004175
0.004225
0.004275
0.004325
0.004375
0.004425
0.004475
0.004525
0.004575
0.004625
0.004675
0.004725
0.004775
0.004825
0.004875
0.004925
0.004975
0.005025
0.005075
0.005125
0.005175
0.005225
0.005275
0.005325
0.005375
0.005425
0.005475
0.005525
0.005575
0.005625
0.005675
0.005725
0.005775
0.005825
0.005875
0.005925
0.005975
0.006025
0.006075
0.006125
0.006175
0.006225
0.006275
0.006325
0.006375
0.006425
0.006475
0.006525
0.006575
0.006625
0.006675
0.006725
0.006775
0.006825
0.006875
0.006925
0.006975
0.007025
0.007075
0.007125
0.007175
0.007225
0.007275
0.007325
0.007375
0.007425
0.007475
0.007525
0.007575
0.007625
0.007675
0.007725
0.007775
0.007825
0.007875
0.007925
0.007975
0.008025
0.008075
0.008125
0.008175
0.008225
0.008275
0.008325
0.008375
0.008425
0.008475
0.008525
0.008575
0.008625
0.008675
0.008725
0.008775
0.008825
0.008875
0.008925
0.008975
0.009025
0.009075
0.009125
0.009175
0.009225
0.009275
0.009325
0.009375
0.009425
0.009475
0.009525
0.009575
0.009625
0.009675
0.009725
0.009775
0.009825
0.009875
0.009925
0.009975
2.5e-05
7.5e-05
0.000125
0.000175
0.000225
0.000275
0.000325
0.000375
0.000425
0.000475
0.000525
0.000575
0.000625
0.000675
0.000725
0.000775
0.000825
0.000875
0.000925
0.000975
0.001025
0.001075
0.001125
0.001175
0.001225
0.001275
0.001325
0.001375
0.001425
0.001475
0.001525
0.001575
0.001625
0.001675
0.001725
0.001775
0.001825
0.001875
0.001925
0.001975
0.002025
0.002075
0.002125
0.002175
0.002225
0.002275
0.002325
0.002375
0.002425
0.002475
0.002525
0.002575
0.002625
0.002675
0.002725
0.002775
0.002825
0.002875
0.002925
0.002975
0.003025
0.003075
0.003125
0.003175
0.003225
0.003275
0.003325
0.003375
0.003425
0.003475
0.003525
0.003575
0.003625
0.003675
0.003725
0.003775
0.003825
0.003875
0.003925
0.003975
0.004025
0.004075
0.004125
0.004175
0.004225
0.004275
0.004325
0.004375
0.004425
0.004475
0.004525
0.004575
0.004625
0.004675
0.004725
0.004775
0.004825
0.004875
0.004925
0.004975
0.005025
0.005075
0.005125
0.005175
0.005225
0.005275
0.005325
0.005375
0.005425
0.005475
0.005525
0.005575
0.005625
0.005675
0.005725
0.005775
0.005825
0.005875
0.005925
0.005975
0.006025
0.006075
0.006125
0.006175
0.006225
0.006275
0.006325
0.006375
0.006425
0.006475
0.006525
0.006575
0.006625
0.006675
0.006725
0.006775
0.006825
0.006875
0.006925
0.006975
0.007025
0.007075
0.007125
0.007175
0.007225
0.007275
0.007325
0.007375
0.007425
0.007475
0.007525
0.007575
0.007625
0.007675
0.007725
0.007775
0.007825
0.007875
0.007925
0.007975
0.008025
0.008075
0.008125
0.008175
0.008225
0.008275
0.008325
0.008375
0.008425
0.008475
0.008525
0.008575
0.008625
0.008675
0.008725
0.008775
0.008825
0.008875
0.008925
0.008975
0.009025
0.009075
0.009125
0.009175
0.009225
0.009275
0.009325
0.009375
0.009425
0.009475
0.009525
0.009575
0.009625
0.009675
0.009725
0.009775
0.009825
0.009875
0.009925
0.009975
)
;

boundaryField
{
    inlet_drug
    {
        type            calculated;
        value           uniform 0;
    }
    inlet_medium
    {
        type            calculated;
        value           uniform 0;
    }
    outlet
    {
        type            calculated;
        value           nonuniform List<scalar> 
51
(
0.01
0.01
0.01
0.01
0.01
0.01
0.01
0.01
0.01
0.01
0.01
0.01
0.01
0.01
0.01
0.01
0.01
0.01
0.01
0.01
0.01
0.01
0.01
0.01
0.01
0.01
0.01
0.01
0.01
0.01
0.01
0.01
0.01
0.01
0.01
0.01
0.01
0.01
0.01
0.01
0.01
0.01
0.01
0.01
0.01
0.01
0.01
0.01
0.01
0.01
0.01
)
;
    }
    walls
    {
        type            calculated;
        value           uniform 0;
    }
    floor
    {
        type            calculated;
        value           nonuniform List<scalar> 
400
(
2.5e-05
7.5e-05
0.000125
0.000175
0.000225
0.000275
0.000325
0.000375
0.000425
0.000475
0.000525
0.000575
0.000625
0.000675
0.000725
0.000775
0.000825
0.000875
0.000925
0.000975
0.001025
0.001075
0.001125
0.001175
0.001225
0.001275
0.001325
0.001375
0.001425
0.001475
0.001525
0.001575
0.001625
0.001675
0.001725
0.001775
0.001825
0.001875
0.001925
0.001975
0.002025
0.002075
0.002125
0.002175
0.002225
0.002275
0.002325
0.002375
0.002425
0.002475
0.002525
0.002575
0.002625
0.002675
0.002725
0.002775
0.002825
0.002875
0.002925
0.002975
0.003025
0.003075
0.003125
0.003175
0.003225
0.003275
0.003325
0.003375
0.003425
0.003475
0.003525
0.003575
0.003625
0.003675
0.003725
0.003775
0.003825
0.003875
0.003925
0.003975
0.004025
0.004075
0.004125
0.004175
0.004225
0.004275
0.004325
0.004375
0.004425
0.004475
0.004525
0.004575
0.004625
0.004675
0.004725
0.004775
0.004825
0.004875
0.004925
0.004975
0.005025
0.005075
0.005125
0.005175
0.005225
0.005275
0.005325
0.005375
0.005425
0.005475
0.005525
0.005575
0.005625
0.005675
0.005725
0.005775
0.005825
0.005875
0.005925
0.005975
0.006025
0.006075
0.006125
0.006175
0.006225
0.006275
0.006325
0.006375
0.006425
0.006475
0.006525
0.006575
0.006625
0.006675
0.006725
0.006775
0.006825
0.006875
0.006925
0.006975
0.007025
0.007075
0.007125
0.007175
0.007225
0.007275
0.007325
0.007375
0.007425
0.007475
0.007525
0.007575
0.007625
0.007675
0.007725
0.007775
0.007825
0.007875
0.007925
0.007975
0.008025
0.008075
0.008125
0.008175
0.008225
0.008275
0.008325
0.008375
0.008425
0.008475
0.008525
0.008575
0.008625
0.008675
0.008725
0.008775
0.008825
0.008875
0.008925
0.008975
0.009025
0.009075
0.009125
0.009175
0.009225
0.009275
0.009325
0.009375
0.009425
0.009475
0.009525
0.009575
0.009625
0.009675
0.009725
0.009775
0.009825
0.009875
0.009925
0.009975
2.5e-05
7.5e-05
0.000125
0.000175
0.000225
0.000275
0.000325
0.000375
0.000425
0.000475
0.000525
0.000575
0.000625
0.000675
0.000725
0.000775
0.000825
0.000875
0.000925
0.000975
0.001025
0.001075
0.001125
0.001175
0.001225
0.001275
0.001325
0.001375
0.001425
0.001475
0.001525
0.001575
0.001625
0.001675
0.001725
0.001775
0.001825
0.001875
0.001925
0.001975
0.002025
0.002075
0.002125
0.002175
0.002225
0.002275
0.002325
0.002375
0.002425
0.002475
0.002525
0.002575
0.002625
0.002675
0.002725
0.002775
0.002825
0.002875
0.002925
0.002975
0.003025
0.003075
0.003125
0.003175
0.003225
0.003275
0.003325
0.003375
0.003425
0.003475
0.003525
0.003575
0.003625
0.003675
0.003725
0.003775
0.003825
0.003875
0.003925
0.003975
0.004025
0.004075
0.004125
0.004175
0.004225
0.004275
0.004325
0.004375
0.004425
0.004475
0.004525
0.004575
0.004625
0.004675
0.004725
0.004775
0.004825
0.004875
0.004925
0.004975
0.005025
0.005075
0.005125
0.005175
0.005225
0.005275
0.005325
0.005375
0.005425
0.005475
0.005525
0.005575
0.005625
0.005675
0.005725
0.005775
0.005825
0.005875
0.005925
0.005975
0.006025
0.006075
0.006125
0.006175
0.006225
0.006275
0.006325
0.006375
0.006425
0.006475
0.006525
0.006575
0.006625
0.006675
0.006725
0.006775
0.006825
0.006875
0.006925
0.006975
0.007025
0.007075
0.007125
0.007175
0.007225
0.007275
0.007325
0.007375
0.007425
0.007475
0.007525
0.007575
0.007625
0.007675
0.007725
0.007775
0.007825
0.007875
0.007925
0.007975
0.008025
0.008075
0.008125
0.008175
0.008225
0.008275
0.008325
0.008375
0.008425
0.008475
0.008525
0.008575
0.008625
0.008675
0.008725
0.008775
0.008825
0.008875
0.008925
0.008975
0.009025
0.009075
0.009125
0.009175
0.009225
0.009275
0.009325
0.009375
0.009425
0.009475
0.009525
0.009575
0.009625
0.009675
0.009725
0.009775
0.009825
0.009875
0.009925
0.009975
)
;
    }
    frontAndBack
    {
        type            empty;
    }
}


// ************************************************************************* //
