/*--------------------------------*- C++ -*----------------------------------*\
| =========                 |                                                 |
| \\      /  F ield         | OpenFOAM: The Open Source CFD Toolbox           |
|  \\    /   O peration     | Version:  2406                                  |
|   \\  /    A nd           | Website:  www.openfoam.com                      |
|    \\/     M anipulation  |                                                 |
\*---------------------------------------------------------------------------*/
FoamFile
{
    version     2.0;
    format      ascii;
    arch        "LSB;label=32;scalar=64";
    class       volScalarField;
    location    "1470";
    object      T;
}
// * * * * * * * * * * * * * * * * * * * * * * * * * * * * * * * * * * * * * //

dimensions      [0 0 0 0 0 0 0];

internalField   nonuniform List<scalar> 
9800
(
1
1
1
1
1
1
1
1
1
1
1
1
1
1
1
1
1
1
1
1
1
1
1
1
1
1
1
1
1
1
1
1
1
1
1
1
1
1
1
1
1
1
1
1
1
1
1
1
1
1
1
1
1
1
1
1
1
1
1
1
1
0.99999999
0.99999999
0.99999999
0.99999999
0.99999999
0.99999999
0.99999999
0.99999999
0.99999999
0.99999999
0.99999999
0.99999999
0.99999999
0.99999999
0.99999999
0.99999999
0.99999999
0.99999999
0.99999999
0.99999999
0.99999999
0.99999999
0.99999999
0.99999999
0.99999999
0.99999999
0.99999999
0.99999999
0.99999999
0.99999999
0.99999999
0.99999998
0.99999998
0.99999998
0.99999998
0.99999998
0.99999998
0.99999998
0.99999998
0.99999998
0.99999998
0.99999998
0.99999998
0.99999998
0.99999998
0.99999998
0.99999998
0.99999998
0.99999998
0.99999998
0.99999998
0.99999997
0.99999997
0.99999997
0.99999997
0.99999997
0.99999997
0.99999997
0.99999997
0.99999997
0.99999997
0.99999997
0.99999997
0.99999997
0.99999997
0.99999997
0.99999997
0.99999997
0.99999997
0.99999997
0.99999997
0.99999997
0.99999997
0.99999997
0.99999997
0.99999997
0.99999997
0.99999997
0.99999996
0.99999996
0.99999996
0.99999996
0.99999996
0.99999996
0.99999996
0.99999996
0.99999996
0.99999996
0.99999996
0.99999996
0.99999996
0.99999996
0.99999996
0.99999996
0.99999996
0.99999996
0.99999996
0.99999996
0.99999996
0.99999996
0.99999996
0.99999996
0.99999996
0.99999996
0.99999996
0.99999996
0.99999996
0.99999996
0.99999996
0.99999996
0.99999996
0.99999996
0.99999996
0.99999996
0.99999996
0.99999996
0.99999996
0.99999996
0.99999996
0.99999996
0.99999996
0.99999996
0.99999996
0.99999996
0.99999996
0.99999996
0.99999996
0.99999996
0.99999996
0.99999996
0.99999996
0.99999996
0.99999996
0.99999996
0.99999996
0.99999996
0.99999996
0.99999996
0.99999996
1
1
1
1
1
1
1
1
1
1
1
1
1
1
1
1
1
1
1
1
1
1
1
1
1
1
1
1
1
1
1
1
1
1
1
1
1
1
1
1
1
1
1
1
1
1
1
1
1
1
1
1
1
1
1
1
1
1
1
1
1
1
1
1
1
1
1
1
1
1
1
1
1
1
1
1
1
1
1
1
1
1
1
1
1
1
1
1
1
1
1
1
1
1
1
1
1
1
1
1
0.99999999
0.99999999
0.99999999
0.99999999
0.99999999
0.99999999
0.99999999
0.99999999
0.99999999
0.99999999
0.99999999
0.99999999
0.99999999
0.99999999
0.99999999
0.99999999
0.99999999
0.99999999
0.99999999
0.99999999
0.99999999
0.99999999
0.99999999
0.99999999
0.99999999
0.99999999
0.99999999
0.99999999
0.99999999
0.99999999
0.99999999
0.99999999
0.99999999
0.99999999
0.99999999
0.99999999
0.99999999
0.99999999
0.99999999
0.99999999
0.99999999
0.99999999
0.99999999
0.99999999
0.99999999
0.99999999
0.99999999
0.99999999
0.99999999
0.99999999
0.99999999
0.99999999
0.99999999
0.99999999
0.99999999
0.99999999
0.99999999
0.99999999
0.99999999
0.99999999
0.99999999
0.99999999
0.99999999
0.99999999
0.99999999
0.99999999
0.99999999
0.99999999
0.99999999
0.99999999
0.99999999
0.99999999
0.99999999
0.99999998
0.99999998
0.99999998
0.99999998
0.99999998
0.99999998
0.99999998
0.99999998
0.99999998
0.99999998
0.99999998
0.99999998
0.99999998
0.99999998
0.99999998
0.99999998
0.99999998
0.99999998
0.99999998
0.99999998
0.99999998
0.99999998
0.99999998
0.99999998
0.99999998
0.99999998
0.99999998
1
1
1
1
1
1
1
1
1
1
1
1
1
1
1
1
1
1
1
1
1
1
1
1
1
1
1
1
1
1
1
1
1
1
1
1
1
1
1
1
1
1
1
1
1
1
1
1
1
1
1
1
1
1
1
1
1
1
1
1
1
1
1
1
1
1
1
1
1
1
1
1
1
1
1
1
1
1
1
1
1
1
1
1
1
1
1
1
1
1
1
1
1
1
1
1
1
1
1
1
1
1
1
1
1
1
1
1
1
1
1
1
1
1
1
1
1
1
1
1
1
1
1
1
1
1
1
1
1
1
1
1
1
1
1
1
1
1
1
1
1
1
1
1
1
1
1
0.99999999
0.99999999
0.99999999
0.99999999
0.99999999
0.99999999
0.99999999
0.99999999
0.99999999
0.99999999
0.99999999
0.99999999
0.99999999
0.99999999
0.99999999
0.99999999
0.99999999
0.99999999
0.99999999
0.99999999
0.99999999
0.99999999
0.99999999
0.99999999
0.99999999
0.99999999
0.99999999
0.99999999
0.99999999
0.99999999
0.99999999
0.99999999
0.99999999
0.99999999
0.99999999
0.99999999
0.99999999
0.99999999
0.99999999
0.99999999
0.99999999
0.99999999
0.99999999
0.99999999
0.99999999
0.99999999
0.99999999
0.99999999
0.99999999
0.99999999
0.99999999
0.99999999
0.99999999
1
1
1
1
1
1
1
1
1
1
1
1
1
1
1
1
1
1
1
1
1
1
1
1
1
1
1
1
1
1
1
1
1
1
1
1
1
1
1
1
1
1
1
1
1
1
1
1
1
1
1
1
1
1
1
1
1
1
1
1
1
1
1
1
1
1
1
1
1
1
1
1
1
1
1
1
1
1
1
1
1
1
1
1
1
1
1
1
1
1
1
1
1
1
1
1
1
1
1
1
1
1
1
1
1
1
1
1
1
1
1
1
1
1
1
1
1
1
1
1
1
1
1
1
1
1
1
1
1
1
1
1
1
1
1
1
1
1
1
1
1
1
1
1
1
1
1
1
1
1
1
1
1
1
1
1
1
1
1
1
1
1
1
1
1
1
1
1
1
1
1
1
1
1
1
1
1
1
1
1
1
1
1
1
1
1
1
1
1
1
1
1
1
1
1
1
1
1
1
1
1
1
1
1
1
1
1
1
1
1
1
1
1
1
1
1
1
1
1
1
1
1
1
1
1
1
1
1
1
1
1
1
1
1
1
1
1
1
1
1
1
1
1
1
1
1
1
1
1
1
1
1
1
1
1
1
1
1
1
1
1
1
1
1
1
1
1
1
1
1
1
1
1
1
1
1
1
1
1
1
1
1
1
1
1
1
1
1
1
1
1
1
1
1
1
1
1
1
1
1
1
1
1
1
1
1
1
1
1
1
1
1
1
1
1
1
1
1
1
1
1
1
1
1
1
1
1
1
1
1
1
1
1
1
1
1
1
1
1
1
1
1
1
1
1
1
1
1
1
1
1
1
1
1
1
1
1
1
1
1
1
1
1
1
1
1
1
1
1
1
1
1
1
1
1
1
1
1
1
1
1
1
1
1
1
1
1
1
1
1
1
1
1
1
1
1
1
1
1
1
1
1
1
1
1
1
1
1
1
1
1
1
1
1
1
1
1
1
1
1
1
1
1
1
1
1
1
1
1
1
1
1
1
1
1
1
1
1
1
1
1
1
1
1
1
1
1
1
1
1
1
1
1
1
1
1
1
1
1
1
1
1
1
1
1
1
1
1
1
1
1
1
1
1
1
1
1
1
1
1
1
1
1
1
1
1
1
1
1
1
1
1
1
1
1
1
1
1
1
1
1
1
1
1
1
1
1
1
1
1
1
1
1
1
1
1
1
1
1
1
1
1
1
1
1
1
1
1
1
1
1
1
1
1
1
1
1
1
1
1
1
1
1
1
1
1
1
1
1
1
1
1
1
1
1
1
1
1
1
1
1
1
1
1
1
1
1
1
1
1
1
1
1
1
1
1
1
1
1
1
1
1
1
1
1
1
1
1
1
1
1
1
1
1
1
1
1
1
1
1
1
1
1
1
1
1
1
1
1
1
1
1
1
1
1
1
1
1
1
1
1
1
1
1
1
1
1
1
1
1
1
1
1
1
1
1
1
1
1
1
1
1
1
1
1
1
1
1
1
1
1
1
1
1
1
1
1
1
1
1
1
1
1
1
1
1
1
1
1
1
1
1
1
1
1
1
1
1
1
1
1
1
1
1
1
1
1
1
1
1
1
1
1
1
1
1
1
1
1
1
1
1
1
1
1
1
1
1
1
1
1
1
1
1
1
1
1
1
1
1
1
1
1
1
1
1
1
1
1
1
1
1
1
1
1
1
1
1
1
1
1
1
1
1
1
1
1
1
1
1
1
1
1
1
1
1
1
1
1
1
1
1
1
1
1
1
1
1
1
1
1
1
1
1
1
1
1
1
1
1
1
1
1
1
1
1
1
1
1
1
1
1
1
1
1
1
1
1
1
1
1
1
1
1
1
1
1
1
1
1
1
1
1
1
1
1
1
1
1
1
1
1
1
1
1
1
1
1
1
1
1
1
1
1
1
1
1
1
1
1
1
1
1
1
1
1
1
1
1
1
1
1
1
1
1
1
1
1
1
1
1
1
1
1
1
1
1
1
1
1
1
1
1
1
1
1
1
1
1
1
1
1
1
1
1
1
1
1
1
1
1
1
1
1
1
1
1
1
1
1
1
1
1
1
1
1
1
1
1
1
1
1
1
1
1
1
1
1
1
1
1
1
1
1
1
1
1
1
1
1
1
1
1
1
1
1
1
1
1
1
1
1
1
1
1
1
1
1
1
1
1
1
1
1
1
1
1
1
1
1
1
1
1
1
1
1
1
1
1
1
1
1
1
1
1
1
1
1
1
1
1
1
1
1
1
1
1
1
1
1
1
1
1
1
1
1
1
1
1
1
1
1
1
1
1
1
1
1
1
1
1
1
1
1
1
1
1
1
1
1
1
1
1
1
1
1
1
1
1
1
1
1
1
1
1
1
1
1
1
1
1
1
1
1
1
1
1
1
1
1
1
1
1
1
1
1
1
1
1
1
1
1
1
1
1
1
1
1
1
1
1
1
1
1
1
1
1
1
1
1
1
1
1
1
1
1
1
1
1
1
1
1
1
1
1
1
1
1
1
1
1
1
1
1
1
1
1
1
1
1
1
1
1
1
1
1
1
1
1
1
1
1
1
1
1
1
1
1
1
1
1
1
1
1
1
1
1
1
1
1
1
1
1
1
1
1
1
1
1
1
1
1
1
1
1
1
1
1
1
1
1
1
1
1
1
1
1
1
1
1
1
1
1
1
1
1
1
1
1
1
1
1
1
1
1
1
1
1
1
1
1
1
1
1
1
1
1
1
1
1
1
1
1
1
1
1
1
1
1
1
1
1
1
1
1
1
1
1
1
1
1
1
1
1
1
1
1
1
1
1
1
1
1
1
1
1
1
1
1
1
1
1
1
1
1
1
1
1
1
1
1
1
1
1
1
1
1
1
1
1
1
1
1
1
1
1
1
1
1
1
1
1
1
1
1
1
1
1
1
1
1
1
1
1
1
1
1
1
1
1
1
1
1
1
1
1
1
1
1
1
1
1
1
1
1
1
1
1
1
1
1
1
1
1
1
1
1
1
1
1
1
1
1
1
1
1
1
1
1
1
1
1
1
1
1
1
1
1
1
1
1
1
1
1
1
1
1
1
1
1
1
1
1
1
1
1
1
1
1
1
1
1
1
1
1
1
1
1
1
1
1
1
1
1
1
1
1
1
1
1
1
1
1
1
1
1
1
1
1
1
1
1
1
1
1
1
1
1
1
1
1
1
1
1
1
1
1
1
1
1
1
1
1
1
1
1
1
1
1
1
1
1
1
1
1
1
1
1
1
1
1
1
1
1
1
1
1
1
1
1
1
1
1
1
1
1
1
1
1
1
1
1
1
1
1
1
1
1
1
1
1
1
1
1
1
1
1
1
1
1
1
1
1
1
1
1
1
1
1
1
1
1
1
1
1
1
1
1
1
1
1
1
1
1
1
1
1
1
1
1
1
1
1
1
1
1
1
1
1
1
1
1
1
1
1
1
1
1
1
1
1
1
1
1
1
1
1
1
1
1
1
1
1
1
1
1
1
1
1
1
1
1
1
1
1
1
1
1
1
1
1
1
1
1
1
1
1
1
1
1
1
1
1
1
1
1
1
1
1
1
1
1
1
1
1
1
1
1
1
1
1
1
1
1
1
1
1
1
1
1
1
1
1
1
1
1
1
1
1
1
1
1
1
1
1
1
1
1
1
1
1
1
1
1
1
1
1
1
1
1
1
1
1
1
1
1
1
1
1
1
1
1
1
1
1
1
1
1
1
1
1
1
1
1
1
1
1
1
1
1
1
1
1
1
1
1
1
1
1
1
1
1
1
1
1
1
1
1
1
1
1
1
1
1
1
1
1
1
1
1
1
1
1
1
1
1
1
1
1
1
1
1
1
1
1
1
1
1
1
1
1
1
1
1
1
1
1
1
1
1
1
1
1
1
1
1
1
1
1
1
1
1
1
1
1
1
1
1
1
1
1
1
1
1
1
1
1
1
1
1
1
1
1
1
1
1
1
1
1
1
1
1
1
1
1
1
1
1
1
1
1
1
1
1
1
1
1
1
1
1
1
1
1
1
1
1
1
1
1
1
1
1
1
1
1
1
1
1
1
1
1
1
1
1
1
1
1
1
1
1
1
1
1
1
1
1
1
1
1
1
1
1
1
1
1
1
1
1
1
1
1
1
1
1
1
1
1
1
1
1
1
1
1
1
1
1
1
1
1
1
1
1
1
1
1
1
1
1
1
1
1
1
1
1
1
1
1
1
1
1
1
1
1
1
1
1
1
1
1
1
1
1
1
1
1
1
1
1
1
1
1
1
1
1
1
1
1
1
1
1
1
1
1
1
1
1
1
1
1
1
1
1
1
1
1
1
1
1
1
1
1
1
1
1
1
1
1
1
1
1
1
1
1
1
1
1
1
1
1
1
1
1
1
1
1
1
1
1
1
1
1
1
1
1
1
1
1
1
1
1
1
1
1
1
1
1
1
1
1
1
1
1
1
1
1
1
1
1
1
1
1
1
1
1
1
1
1
1
1
1
1
1
1
1
1
1
1
1
1
1
1
1
1
1
1
1
1
1
1
1
1
1
1
1
1
1
1
1
1
1
1
1
1
1
1
1
1
1
1
1
1
1
1
1
1
1
1
1
1
1
1
1
1
1
1
1
1
1
1
1
1
1
1
1
1
1
1
1
1
1
1
1
1
1
1
1
1
1
1
1
1
1
1
1
1
1
1
1
1
1
1
1
1
1
1
1
1
1
1
1
1
1
1
1
1
1
1
1
1
1
1
1
1
1
1
1
1
1
1
1
1
1
1
1
1
1
1
1
1
1
1
1
1
1
1
1
1
1
1
1
1
1
1
1
1
1
1
1
1
1
1
1
1
1
1
1
1
1
1
1
1
1
1
1
1
1
1
1
1
1
1
1
1
1
1
1
1
1
1
1
1
0.99999999
0.99999999
0.99999999
0.99999999
0.99999999
0.99999999
0.99999999
0.99999999
0.99999999
0.99999999
0.99999999
0.99999999
0.99999999
0.99999999
0.99999999
0.99999999
0.99999999
0.99999999
0.99999999
0.99999999
0.99999999
0.99999999
0.99999999
0.99999999
0.99999999
0.99999999
0.99999999
0.99999999
0.99999999
0.99999999
0.99999999
0.99999999
0.99999999
0.99999999
0.99999999
0.99999999
0.99999999
0.99999999
0.99999999
0.99999746
0.99999638
0.99999602
0.99999607
0.99999631
0.99999666
0.99999703
0.9999974
0.99999776
0.99999808
0.99999837
0.99999863
0.99999885
0.99999904
0.99999921
0.99999935
0.99999946
0.99999956
0.99999964
0.99999971
0.99999976
0.9999998
0.99999984
0.99999987
0.99999989
0.99999991
0.99999993
0.99999994
0.99999995
0.99999996
0.99999997
0.99999997
0.99999998
0.99999998
0.99999998
0.99999999
0.99999999
0.99999999
0.99999999
0.99999999
0.99999999
1
1
1
1
1
1
1
1
1
1
1
1
1
1
1
1
1
1
1
1
1
1
1
1
1
1
1
1
1
1
1
1
1
1
1
1
1
1
1
1
1
1
1
1
1
1
1
1
1
1
1
1
1
1
1
1
1
1
1
1
1
1
1
1
1
1
0.99999999
0.99999999
0.99999999
0.99999999
0.99999999
0.99999999
0.99999999
0.99999999
0.99999999
0.99999999
0.99999999
0.99999999
0.99999999
0.99999999
0.99999998
0.99999998
0.99999998
0.99999998
0.99999998
0.99999998
0.99999998
0.99999998
0.99999998
0.99999998
0.99999998
0.99999997
0.99999997
0.99999997
0.99999997
0.99999997
0.99999997
0.99999997
0.99999997
0.99999997
0.99999997
0.99999997
0.99999997
0.99999997
0.99999997
0.99999997
0.99999996
0.99999996
0.99999996
0.99999996
0.99999996
0.99999996
0.99999996
0.99999996
0.99999996
0.99999996
0.99999996
0.99999996
0.99999996
0.99999996
0.99999996
0.99999996
0.99999996
0.99999996
0.99999996
0.99999996
0.99999996
0.99999996
0.99999996
0.99999996
0.99999996
0.99999996
0.99999996
0.99999996
0.99999996
0.99999996
0.99999996
0.99999996
0.99999996
0.99999996
0.99999996
0.99999996
0.99999996
0.99999996
0.99999996
0.99999996
0.99999996
0.99999996
0.99999996
0.99999996
0.99999996
0.99999996
0.99999996
0.99999996
0.99999996
0.99999996
0.99999996
0.99999996
0.99999996
0.96934077
0.98493773
0.99042918
0.99336519
0.99519421
0.996431
0.99730996
0.99795392
0.99843476
0.99879821
0.9990751
0.99928714
0.99945006
0.99957548
0.99967216
0.99974672
0.99980424
0.99984863
0.99988287
0.99990929
0.99992968
0.99994542
0.99995758
0.99996697
0.99997423
0.99997985
0.9999842
0.99998758
0.99999021
0.99999226
0.99999386
0.99999511
0.99999609
0.99999686
0.99999747
0.99999796
0.99999834
0.99999864
0.99999889
0.99999908
0.99999924
0.99999937
0.99999947
0.99999956
0.99999962
0.99999968
0.99999973
0.99999977
0.9999998
0.99999982
0.99999985
0.99999987
0.99999988
0.99999989
0.99999991
0.99999992
0.99999992
0.99999993
0.99999994
0.99999994
0.99999995
0.99999995
0.99999995
0.99999996
0.99999996
0.99999996
0.99999996
0.99999997
0.99999997
0.99999997
0.99999997
0.99999997
0.99999997
0.99999997
0.99999997
0.99999998
0.99999998
0.99999998
0.99999998
0.99999998
0.99999998
0.99999998
0.99999998
0.99999998
0.99999998
0.99999998
0.99999998
0.99999998
0.99999998
0.99999998
0.99999998
0.99999998
0.99999998
0.99999998
0.99999997
0.99999997
0.99999997
0.99999997
0.99999997
0.99999997
0.99999996
0.99999996
0.99999996
0.99999995
0.99999995
0.99999995
0.99999994
0.99999994
0.99999994
0.99999993
0.99999993
0.99999992
0.99999992
0.99999991
0.99999991
0.99999991
0.9999999
0.9999999
0.99999989
0.99999989
0.99999988
0.99999988
0.99999987
0.99999986
0.99999986
0.99999985
0.99999985
0.99999984
0.99999984
0.99999984
0.99999983
0.99999983
0.99999982
0.99999982
0.99999981
0.99999981
0.99999981
0.9999998
0.9999998
0.99999979
0.99999979
0.99999979
0.99999978
0.99999978
0.99999978
0.99999978
0.99999977
0.99999977
0.99999977
0.99999977
0.99999976
0.99999976
0.99999976
0.99999976
0.99999976
0.99999975
0.99999975
0.99999975
0.99999975
0.99999975
0.99999975
0.99999975
0.99999975
0.99999974
0.99999974
0.99999974
0.99999974
0.99999974
0.99999974
0.99999974
0.99999974
0.99999974
0.99999974
0.99999974
0.99999974
0.99999974
0.99999974
0.99999974
0.99999974
0.99999974
0.99999974
0.99999974
0.99999974
0.99999974
0.99999974
0.99999974
0.99999973
0.99999973
0.99999973
0.99999973
0.99999973
0.99999973
0.99999973
0.99999973
0.99999973
0.99999973
0.99999973
0.99999973
0.99999973
0.99999973
0.003635026
0.66559234
0.82780925
0.89385693
0.92880543
0.94993886
0.96377059
0.97329033
0.98006278
0.9849897
0.98862976
0.99134841
0.99339471
0.99494363
0.99612096
0.99701863
0.99770473
0.99823013
0.99863312
0.99894263
0.99918066
0.99936395
0.99950527
0.99961437
0.99969872
0.99976404
0.9998147
0.99985408
0.99988473
0.99990866
0.99992737
0.99994204
0.99995358
0.99996268
0.99996987
0.99997557
0.99998011
0.99998373
0.99998663
0.99998897
0.99999085
0.99999237
0.99999361
0.99999462
0.99999545
0.99999613
0.99999669
0.99999715
0.99999754
0.99999786
0.99999814
0.99999836
0.99999856
0.99999872
0.99999886
0.99999898
0.99999908
0.99999916
0.99999924
0.99999931
0.99999936
0.99999941
0.99999945
0.99999949
0.99999952
0.99999955
0.99999958
0.9999996
0.99999962
0.99999964
0.99999965
0.99999967
0.99999968
0.99999969
0.9999997
0.99999971
0.99999971
0.99999972
0.99999972
0.99999973
0.99999973
0.99999974
0.99999974
0.99999974
0.99999974
0.99999974
0.99999974
0.99999975
0.99999975
0.99999975
0.99999975
0.99999974
0.99999974
0.99999974
0.99999973
0.99999972
0.99999971
0.9999997
0.99999969
0.99999968
0.99999967
0.99999965
0.99999964
0.99999962
0.99999961
0.99999959
0.99999957
0.99999955
0.99999953
0.99999951
0.99999949
0.99999947
0.99999945
0.99999943
0.99999941
0.99999939
0.99999936
0.99999934
0.99999932
0.9999993
0.99999927
0.99999925
0.99999923
0.99999921
0.99999918
0.99999916
0.99999914
0.99999912
0.9999991
0.99999908
0.99999906
0.99999904
0.99999902
0.99999901
0.99999899
0.99999897
0.99999895
0.99999894
0.99999892
0.99999891
0.99999889
0.99999888
0.99999887
0.99999886
0.99999884
0.99999883
0.99999882
0.99999881
0.9999988
0.99999879
0.99999878
0.99999878
0.99999877
0.99999876
0.99999876
0.99999875
0.99999874
0.99999874
0.99999873
0.99999873
0.99999872
0.99999872
0.99999871
0.99999871
0.99999871
0.9999987
0.9999987
0.9999987
0.9999987
0.99999869
0.99999869
0.99999869
0.99999869
0.99999869
0.99999869
0.99999868
0.99999868
0.99999868
0.99999868
0.99999868
0.99999868
0.99999868
0.99999868
0.99999868
0.99999868
0.99999868
0.99999867
0.99999867
0.99999867
0.99999867
0.99999867
0.99999867
0.99999867
0.99999867
0.99999867
0.99999867
0.99999867
0.99999867
0.99999867
0.99999867
1.1086523e-05
0.0017552975
0.32797044
0.56528123
0.70174168
0.78729755
0.84431491
0.88399744
0.91248159
0.93338332
0.94896593
0.96071705
0.96965326
0.97649088
0.98174682
0.98580094
0.98893633
0.99136623
0.99325254
0.99471895
0.99586034
0.9967498
0.99744372
0.99798573
0.99840961
0.99874154
0.99900184
0.9992063
0.99936716
0.99949397
0.99959412
0.99967339
0.99973629
0.99978631
0.9998262
0.99985809
0.99988367
0.99990423
0.99992083
0.99993426
0.99994516
0.99995405
0.99996131
0.99996727
0.99997218
0.99997623
0.9999796
0.9999824
0.99998474
0.9999867
0.99998835
0.99998974
0.99999092
0.99999193
0.99999278
0.99999352
0.99999415
0.99999469
0.99999516
0.99999557
0.99999593
0.99999624
0.99999651
0.99999674
0.99999695
0.99999713
0.99999729
0.99999744
0.99999756
0.99999767
0.99999777
0.99999786
0.99999793
0.999998
0.99999806
0.99999811
0.99999816
0.9999982
0.99999823
0.99999827
0.99999829
0.99999831
0.99999833
0.99999835
0.99999836
0.99999837
0.99999838
0.99999838
0.99999839
0.99999839
0.99999839
0.99999838
0.99999837
0.99999836
0.99999833
0.99999831
0.99999827
0.99999824
0.99999819
0.99999815
0.9999981
0.99999805
0.99999799
0.99999793
0.99999787
0.9999978
0.99999773
0.99999766
0.99999759
0.99999752
0.99999744
0.99999736
0.99999729
0.99999721
0.99999713
0.99999705
0.99999697
0.99999689
0.9999968
0.99999672
0.99999665
0.99999657
0.99999649
0.99999641
0.99999633
0.99999626
0.99999619
0.99999611
0.99999604
0.99999598
0.99999591
0.99999584
0.99999578
0.99999572
0.99999566
0.9999956
0.99999555
0.99999549
0.99999544
0.99999539
0.99999535
0.9999953
0.99999526
0.99999522
0.99999518
0.99999514
0.99999511
0.99999507
0.99999504
0.99999501
0.99999498
0.99999496
0.99999493
0.99999491
0.99999489
0.99999487
0.99999485
0.99999483
0.99999481
0.9999948
0.99999478
0.99999477
0.99999475
0.99999474
0.99999473
0.99999472
0.99999471
0.9999947
0.9999947
0.99999469
0.99999468
0.99999468
0.99999467
0.99999467
0.99999466
0.99999466
0.99999465
0.99999465
0.99999465
0.99999464
0.99999464
0.99999464
0.99999464
0.99999464
0.99999463
0.99999463
0.99999463
0.99999463
0.99999463
0.99999462
0.99999462
0.99999462
0.99999462
0.99999462
0.99999461
0.99999461
0.99999461
0.99999461
0.99999461
0.9999946
2.957935e-07
3.5317981e-06
0.00064010661
0.10320662
0.30599213
0.47014624
0.5944615
0.6877959
0.75825044
0.81187769
0.85302297
0.88480499
0.90948787
0.92873894
0.94380304
0.95562076
0.96490994
0.97222281
0.97798694
0.98253497
0.98612668
0.9889655
0.99121107
0.99298888
0.99439761
0.99551501
0.99640229
0.99710771
0.9976693
0.99811706
0.99847465
0.99876075
0.99899009
0.99917433
0.99932266
0.99944236
0.99953921
0.99961778
0.99968168
0.99973382
0.99977648
0.99981149
0.99984031
0.99986411
0.99988384
0.99990024
0.99991392
0.99992538
0.99993499
0.9999431
0.99994995
0.99995577
0.99996072
0.99996495
0.99996857
0.99997169
0.99997437
0.99997669
0.99997871
0.99998046
0.99998199
0.99998332
0.99998449
0.99998552
0.99998643
0.99998722
0.99998793
0.99998855
0.9999891
0.99998959
0.99999002
0.9999904
0.99999074
0.99999104
0.99999131
0.99999154
0.99999175
0.99999193
0.99999209
0.99999223
0.99999235
0.99999245
0.99999254
0.99999261
0.99999267
0.99999272
0.99999275
0.99999278
0.9999928
0.99999281
0.99999281
0.99999281
0.99999278
0.99999274
0.99999267
0.99999259
0.99999249
0.99999238
0.99999225
0.9999921
0.99999195
0.99999178
0.99999161
0.99999142
0.99999123
0.99999103
0.99999082
0.9999906
0.99999038
0.99999015
0.99998992
0.99998969
0.99998946
0.99998922
0.99998898
0.99998874
0.9999885
0.99998826
0.99998802
0.99998778
0.99998755
0.99998731
0.99998709
0.99998686
0.99998664
0.99998642
0.99998621
0.999986
0.99998579
0.99998559
0.9999854
0.99998521
0.99998503
0.99998486
0.99998469
0.99998452
0.99998437
0.99998421
0.99998407
0.99998393
0.9999838
0.99998367
0.99998355
0.99998343
0.99998332
0.99998321
0.99998311
0.99998302
0.99998293
0.99998285
0.99998277
0.99998269
0.99998262
0.99998256
0.99998249
0.99998244
0.99998238
0.99998233
0.99998228
0.99998224
0.9999822
0.99998216
0.99998213
0.99998209
0.99998206
0.99998204
0.99998201
0.99998199
0.99998197
0.99998195
0.99998193
0.99998191
0.9999819
0.99998188
0.99998187
0.99998186
0.99998185
0.99998184
0.99998183
0.99998183
0.99998182
0.99998181
0.99998181
0.9999818
0.9999818
0.99998179
0.99998179
0.99998178
0.99998178
0.99998177
0.99998177
0.99998176
0.99998176
0.99998176
0.99998175
0.99998175
0.99998174
0.99998174
0.99998173
0.99998173
4.4742673e-09
3.0665814e-08
1.0757067e-06
0.0001435156
0.0023789137
0.11053657
0.25618406
0.39139161
0.50697895
0.60249338
0.68021645
0.74300423
0.79354988
0.83417196
0.86679237
0.89297701
0.9139915
0.93085494
0.94438664
0.9552448
0.96395805
0.97095084
0.97656397
0.98107092
0.98469115
0.98760063
0.98994045
0.99182367
0.99334085
0.9945645
0.99555266
0.9963518
0.99699911
0.99752434
0.99795133
0.99829917
0.99858314
0.99881551
0.99900612
0.99916287
0.99929213
0.999399
0.99948762
0.99956132
0.9996228
0.99967423
0.99971739
0.99975373
0.99978443
0.99981043
0.99983252
0.99985136
0.99986747
0.99988129
0.99989318
0.99990345
0.99991233
0.99992004
0.99992675
0.9999326
0.99993772
0.99994221
0.99994616
0.99994963
0.99995269
0.9999554
0.9999578
0.99995992
0.9999618
0.99996347
0.99996496
0.99996628
0.99996745
0.99996848
0.99996941
0.99997022
0.99997094
0.99997157
0.99997213
0.99997261
0.99997303
0.9999734
0.99997371
0.99997397
0.99997419
0.99997436
0.9999745
0.99997461
0.99997468
0.99997473
0.99997475
0.99997474
0.9999747
0.9999746
0.99997444
0.99997423
0.99997398
0.99997368
0.99997335
0.99997298
0.99997257
0.99997213
0.99997167
0.99997118
0.99997067
0.99997014
0.99996959
0.99996902
0.99996844
0.99996785
0.99996725
0.99996664
0.99996603
0.99996541
0.99996479
0.99996417
0.99996355
0.99996293
0.99996232
0.99996171
0.99996111
0.99996051
0.99995993
0.99995935
0.99995879
0.99995823
0.99995769
0.99995716
0.99995665
0.99995615
0.99995566
0.99995519
0.99995473
0.99995429
0.99995386
0.99995345
0.99995306
0.99995268
0.99995232
0.99995197
0.99995164
0.99995132
0.99995102
0.99995073
0.99995045
0.99995019
0.99994994
0.99994971
0.99994949
0.99994928
0.99994908
0.9999489
0.99994873
0.99994856
0.99994841
0.99994827
0.99994813
0.99994801
0.99994789
0.99994778
0.99994768
0.99994759
0.9999475
0.99994742
0.99994735
0.99994728
0.99994722
0.99994716
0.99994711
0.99994706
0.99994702
0.99994698
0.99994695
0.99994691
0.99994689
0.99994686
0.99994684
0.99994681
0.9999468
0.99994678
0.99994676
0.99994675
0.99994674
0.99994673
0.99994672
0.99994671
0.9999467
0.99994669
0.99994668
0.99994667
0.99994666
0.99994665
0.99994664
0.99994663
0.99994662
0.99994662
0.99994661
0.9999466
0.99994659
0.99994658
3.5746657e-11
1.8444982e-10
1.5967152e-09
1.9613106e-07
3.4124493e-06
0.00018228573
0.033761742
0.12525079
0.23577957
0.34692496
0.44971705
0.54063242
0.61896629
0.68536113
0.74102859
0.78735211
0.82569196
0.85729676
0.88327002
0.90456477
0.92199165
0.93623293
0.94785844
0.95734128
0.96507246
0.9713739
0.97650988
0.98069676
0.98411132
0.98689772
0.98917335
0.99103369
0.99255633
0.99380426
0.9948286
0.99567084
0.99636461
0.99693723
0.99741085
0.99780347
0.99812971
0.99840147
0.99862841
0.99881844
0.99897799
0.99911232
0.99922574
0.99932178
0.99940334
0.9994728
0.99953214
0.99958297
0.99962664
0.99966427
0.99969678
0.99972495
0.99974943
0.99977075
0.99978937
0.99980567
0.99981997
0.99983255
0.99984363
0.99985341
0.99986207
0.99986973
0.99987653
0.99988257
0.99988794
0.99989271
0.99989696
0.99990074
0.9999041
0.99990709
0.99990974
0.9999121
0.99991418
0.99991602
0.99991764
0.99991906
0.9999203
0.99992137
0.99992228
0.99992306
0.99992372
0.99992425
0.99992468
0.99992501
0.99992526
0.99992542
0.9999255
0.99992551
0.99992547
0.99992527
0.99992494
0.99992449
0.99992392
0.99992324
0.99992247
0.99992161
0.99992067
0.99991966
0.99991858
0.99991745
0.99991626
0.99991502
0.99991374
0.99991242
0.99991108
0.99990971
0.99990832
0.99990691
0.99990549
0.99990406
0.99990263
0.9999012
0.99989978
0.99989836
0.99989696
0.99989557
0.99989419
0.99989283
0.9998915
0.99989019
0.99988891
0.99988765
0.99988642
0.99988523
0.99988406
0.99988293
0.99988183
0.99988077
0.99987974
0.99987875
0.99987779
0.99987687
0.99987598
0.99987513
0.99987431
0.99987353
0.99987279
0.99987208
0.9998714
0.99987076
0.99987014
0.99986956
0.99986901
0.99986849
0.999868
0.99986753
0.99986709
0.99986668
0.9998663
0.99986593
0.99986559
0.99986528
0.99986498
0.9998647
0.99986444
0.99986421
0.99986398
0.99986378
0.99986359
0.99986341
0.99986325
0.9998631
0.99986297
0.99986284
0.99986273
0.99986262
0.99986253
0.99986244
0.99986237
0.9998623
0.99986224
0.99986218
0.99986213
0.99986208
0.99986205
0.99986201
0.99986198
0.99986195
0.99986193
0.99986191
0.99986189
0.99986187
0.99986185
0.99986183
0.99986181
0.99986179
0.99986178
0.99986176
0.99986175
0.99986173
0.99986172
0.9998617
0.99986169
0.99986167
0.99986166
0.99986164
4.2688968e-13
2.5020877e-12
2.0029744e-11
2.4264724e-10
4.8917786e-09
3.0234351e-07
4.8277597e-05
0.0045728474
0.049878685
0.12751704
0.22002232
0.31616582
0.40892675
0.49446709
0.57105258
0.63823989
0.69632863
0.74601114
0.78815649
0.82368148
0.85347686
0.87836812
0.89909733
0.91631774
0.93059575
0.94241687
0.95219356
0.96027381
0.9669495
0.97246437
0.97702115
0.98078796
0.98390386
0.98648364
0.98862188
0.99039644
0.99187133
0.99309915
0.99412311
0.99497871
0.99569509
0.99629621
0.99680176
0.99722794
0.99758809
0.99789322
0.9981524
0.99837312
0.99856159
0.99872296
0.99886149
0.99898075
0.99908368
0.99917276
0.99925006
0.9993173
0.99937594
0.99942721
0.99947213
0.99951159
0.99954633
0.99957696
0.99960403
0.999628
0.99964924
0.99966811
0.99968489
0.99969981
0.99971311
0.99972496
0.99973553
0.99974495
0.99975335
0.99976083
0.99976749
0.9997734
0.99977865
0.99978329
0.99978739
0.99979098
0.99979413
0.99979686
0.99979921
0.99980121
0.9998029
0.99980431
0.99980544
0.99980633
0.999807
0.99980746
0.99980773
0.99980783
0.99980779
0.99980747
0.99980685
0.99980595
0.9998048
0.99980341
0.99980182
0.99980003
0.99979806
0.99979594
0.99979368
0.99979129
0.99978878
0.99978618
0.99978348
0.99978072
0.99977789
0.99977501
0.99977208
0.99976913
0.99976616
0.99976317
0.99976018
0.99975719
0.99975422
0.99975126
0.99974834
0.99974544
0.99974258
0.99973976
0.999737
0.99973428
0.99973162
0.99972902
0.99972648
0.99972401
0.99972161
0.99971928
0.99971701
0.99971482
0.99971271
0.99971067
0.9997087
0.99970681
0.99970499
0.99970325
0.99970158
0.99969998
0.99969846
0.999697
0.99969562
0.9996943
0.99969305
0.99969187
0.99969074
0.99968968
0.99968868
0.99968773
0.99968684
0.999686
0.99968521
0.99968448
0.99968379
0.99968314
0.99968254
0.99968198
0.99968146
0.99968097
0.99968052
0.99968011
0.99967972
0.99967937
0.99967904
0.99967874
0.99967847
0.99967822
0.99967799
0.99967778
0.99967759
0.99967742
0.99967727
0.99967713
0.99967701
0.9996769
0.9996768
0.99967671
0.99967664
0.99967657
0.99967651
0.99967646
0.99967642
0.99967638
0.99967634
0.9996763
0.99967627
0.99967624
0.99967621
0.99967618
0.99967615
0.99967613
0.9996761
0.99967608
0.99967605
0.99967603
0.99967601
0.99967598
0.99967596
0.99967593
3.3211219e-15
1.5495566e-14
9.8660729e-14
6.9622876e-13
6.5225249e-12
4.8881689e-10
7.045729e-08
5.889386e-06
8.3988172e-05
0.016819358
0.063274613
0.1309375
0.21108213
0.29610687
0.38045836
0.46052357
0.53421725
0.60055019
0.65927027
0.71059194
0.75500328
0.79313385
0.82566746
0.85328679
0.87664023
0.89632367
0.91287224
0.92675836
0.93839371
0.94813342
0.95628136
0.96309589
0.96879548
0.97356412
0.9775562
0.98090092
0.98370615
0.98606182
0.98804274
0.98971117
0.99111883
0.99230866
0.99331638
0.99417164
0.99489908
0.9955192
0.99604908
0.99650291
0.99689257
0.99722793
0.99751729
0.99776758
0.9979846
0.99817324
0.9983376
0.99848116
0.99860684
0.99871711
0.99881408
0.99889952
0.99897497
0.99904171
0.99910085
0.99915334
0.99920001
0.99924154
0.99927855
0.99931157
0.99934103
0.99936735
0.99939086
0.99941185
0.99943061
0.99944734
0.99946226
0.99947555
0.99948735
0.99949781
0.99950706
0.9995152
0.99952233
0.99952854
0.99953391
0.99953851
0.99954241
0.99954566
0.99954831
0.99955042
0.99955203
0.99955318
0.9995539
0.99955424
0.99955422
0.99955377
0.99955269
0.99955106
0.99954892
0.9995463
0.99954326
0.99953984
0.99953606
0.99953197
0.99952759
0.99952296
0.99951811
0.99951306
0.99950785
0.99950249
0.99949701
0.99949143
0.99948577
0.99948006
0.99947431
0.99946854
0.99946277
0.99945701
0.99945128
0.99944559
0.99943996
0.99943439
0.9994289
0.99942349
0.99941819
0.99941298
0.99940789
0.99940292
0.99939807
0.99939335
0.99938877
0.99938431
0.99938
0.99937583
0.99937181
0.99936792
0.99936419
0.99936059
0.99935714
0.99935383
0.99935066
0.99934764
0.99934475
0.99934199
0.99933937
0.99933688
0.99933451
0.99933227
0.99933014
0.99932814
0.99932624
0.99932446
0.99932277
0.99932119
0.99931971
0.99931832
0.99931702
0.99931581
0.99931467
0.99931362
0.99931264
0.99931173
0.99931088
0.9993101
0.99930938
0.99930872
0.99930811
0.99930755
0.99930704
0.99930657
0.99930614
0.99930576
0.99930541
0.99930509
0.99930481
0.99930455
0.99930432
0.99930412
0.99930394
0.99930379
0.99930365
0.99930353
0.99930343
0.99930334
0.99930326
0.99930319
0.99930313
0.99930307
0.99930301
0.99930296
0.99930292
0.99930287
0.99930283
0.99930279
0.99930276
0.99930272
0.99930269
0.99930265
0.99930262
0.99930259
0.99930255
0.99930252
2.7913346e-17
1.2957194e-16
8.5193329e-16
5.875854e-15
4.7923593e-14
7.2023159e-13
1.0136412e-10
7.7591463e-09
1.4089252e-07
2.5528383e-05
0.004289755
0.028599187
0.073355101
0.1345126
0.20630464
0.28322314
0.36082478
0.43589798
0.50634149
0.57094443
0.62915843
0.6808994
0.72638924
0.76603668
0.80035112
0.82988293
0.85518369
0.87678118
0.89516476
0.9107781
0.9240167
0.93522861
0.94471699
0.9527438
0.95953392
0.96527938
0.97014347
0.97426457
0.97775962
0.98072724
0.98325045
0.98539905
0.98723171
0.98879766
0.99013826
0.99128821
0.99227667
0.99312812
0.99386317
0.99449912
0.99505058
0.99552986
0.99594735
0.99631182
0.99663073
0.99691038
0.99715612
0.99737252
0.99756347
0.99773228
0.99788179
0.99801445
0.99813233
0.99823724
0.99833073
0.99841415
0.99848865
0.99855525
0.99861481
0.99866812
0.99871582
0.99875851
0.9987967
0.99883084
0.99886133
0.99888852
0.99891272
0.99893422
0.99895325
0.99897003
0.99898476
0.99899763
0.99900879
0.99901837
0.99902652
0.99903336
0.99903898
0.99904349
0.99904697
0.99904952
0.9990512
0.9990521
0.99905227
0.99905171
0.99905
0.99904723
0.9990435
0.99903889
0.99903349
0.99902736
0.99902058
0.99901321
0.99900532
0.99899697
0.9989882
0.99897908
0.99896965
0.99895995
0.99895005
0.99893996
0.99892975
0.99891943
0.99890906
0.99889865
0.99888825
0.99887787
0.99886755
0.99885732
0.99884719
0.99883719
0.99882733
0.99881763
0.99880812
0.9987988
0.99878968
0.99878079
0.99877212
0.99876368
0.99875549
0.99874755
0.99873986
0.99873243
0.99872525
0.99871834
0.99871168
0.99870529
0.99869916
0.99869328
0.99868765
0.99868228
0.99867715
0.99867226
0.99866761
0.99866319
0.998659
0.99865503
0.99865127
0.99864772
0.99864437
0.99864121
0.99863824
0.99863544
0.99863282
0.99863037
0.99862808
0.99862593
0.99862393
0.99862207
0.99862035
0.99861874
0.99861726
0.99861589
0.99861462
0.99861346
0.99861239
0.99861141
0.99861051
0.99860969
0.99860895
0.99860828
0.99860767
0.99860712
0.99860662
0.99860618
0.99860579
0.99860544
0.99860513
0.99860487
0.99860463
0.99860443
0.99860426
0.99860412
0.99860399
0.99860388
0.99860378
0.99860369
0.9986036
0.99860353
0.99860346
0.9986034
0.99860334
0.99860329
0.99860324
0.99860319
0.99860315
0.99860311
0.99860306
0.99860302
0.99860298
0.99860293
3.1858388e-19
1.7250218e-18
1.2229633e-17
8.5537234e-17
6.3777455e-16
6.0381973e-15
1.3526012e-13
1.0115331e-11
2.2815695e-10
3.833907e-08
5.4447308e-06
0.00024651753
0.011085093
0.038459712
0.082083307
0.13900828
0.20503544
0.27594087
0.34810406
0.41873286
0.48586127
0.54824009
0.60519158
0.65646549
0.70211348
0.74238749
0.77766156
0.80837437
0.83498859
0.85796333
0.87773654
0.89471466
0.90926727
0.92172534
0.93238177
0.9414933
0.94928331
0.95594502
0.96164467
0.96652481
0.97070725
0.97429582
0.97737887
0.98003148
0.98231735
0.98429053
0.98599685
0.98747515
0.98875837
0.98987448
0.99084718
0.99169663
0.99243997
0.99309178
0.99366449
0.9941687
0.99461346
0.99500654
0.99535458
0.99566328
0.99593754
0.99618159
0.99639908
0.99659315
0.99676653
0.99692159
0.9970604
0.99718474
0.99729618
0.99739609
0.99748567
0.99756598
0.99763794
0.99770239
0.99776003
0.99781151
0.99785742
0.99789824
0.99793444
0.99796643
0.99799457
0.99801918
0.99804058
0.99805901
0.99807474
0.99808797
0.99809892
0.99810777
0.99811468
0.99811982
0.99812333
0.99812534
0.99812598
0.99812543
0.99812286
0.99811842
0.99811229
0.99810462
0.99809555
0.99808521
0.99807373
0.99806123
0.99804782
0.9980336
0.99801867
0.99800313
0.99798706
0.99797055
0.99795367
0.9979365
0.9979191
0.99790155
0.99788389
0.9978662
0.99784852
0.9978309
0.99781338
0.99779602
0.99777885
0.9977619
0.99774521
0.9977288
0.99771271
0.99769696
0.99768156
0.99766655
0.99765192
0.9976377
0.9976239
0.99761052
0.99759758
0.99758508
0.99757301
0.99756139
0.99755022
0.99753948
0.99752919
0.99751932
0.99750989
0.99750088
0.99749229
0.99748411
0.99747633
0.99746893
0.99746192
0.99745528
0.99744899
0.99744306
0.99743746
0.99743219
0.99742723
0.99742257
0.9974182
0.99741411
0.99741029
0.99740672
0.99740339
0.9974003
0.99739742
0.99739476
0.99739229
0.99739001
0.99738791
0.99738598
0.99738421
0.99738259
0.99738111
0.99737975
0.99737853
0.99737742
0.99737641
0.99737551
0.9973747
0.99737398
0.99737334
0.99737278
0.99737228
0.99737185
0.99737147
0.99737115
0.99737088
0.99737066
0.99737046
0.99737029
0.99737014
0.99737001
0.99736989
0.99736978
0.99736969
0.99736961
0.99736954
0.99736947
0.99736942
0.99736936
0.99736931
0.99736926
0.99736921
0.99736917
0.99736912
0.99736907
3.0576808e-21
1.3563417e-20
8.5955278e-20
5.3958467e-19
3.4777691e-18
2.5212891e-17
2.5022484e-16
1.2676826e-14
3.4856137e-13
5.5288726e-11
6.9556045e-09
3.1662642e-07
1.7943259e-05
0.0042238676
0.019748392
0.049080444
0.091902293
0.14583399
0.20757364
0.27372656
0.34128503
0.40783913
0.47161563
0.53142284
0.58655411
0.6366815
0.68175662
0.72192603
0.75746337
0.78871727
0.81607297
0.83992523
0.86065995
0.87864248
0.89421085
0.9076724
0.91930292
0.92934728
0.93802113
0.94551311
0.95198739
0.9575862
0.96243234
0.96663158
0.9702748
0.97343999
0.97619397
0.97859397
0.98068898
0.9825209
0.98412562
0.98553385
0.9867719
0.98786232
0.98882447
0.98967496
0.99042806
0.99109607
0.99168958
0.99221774
0.99268845
0.99310855
0.99348396
0.99381985
0.99412068
0.99439037
0.99463233
0.99484952
0.99504458
0.99521978
0.99537716
0.99551849
0.99564534
0.99575911
0.99586103
0.99595219
0.99603359
0.99610608
0.99617046
0.99622744
0.99627763
0.99632162
0.99635993
0.99639301
0.9964213
0.99644519
0.99646503
0.99648116
0.99649386
0.99650342
0.9965101
0.99651412
0.99651572
0.9965154
0.99651169
0.99650489
0.99649527
0.99648309
0.99646859
0.996452
0.99643352
0.99641336
0.99639169
0.99636871
0.99634456
0.99631942
0.99629342
0.9962667
0.99623939
0.99621161
0.99618349
0.99615511
0.9961266
0.99609803
0.99606949
0.99604108
0.99601285
0.99598488
0.99595723
0.99592996
0.99590312
0.99587676
0.99585091
0.99582562
0.99580093
0.99577685
0.99575341
0.99573064
0.99570854
0.99568714
0.99566645
0.99564646
0.99562719
0.99560864
0.9955908
0.99557368
0.99555726
0.99554154
0.99552652
0.99551217
0.9954985
0.99548548
0.9954731
0.99546134
0.9954502
0.99543964
0.99542966
0.99542024
0.99541136
0.99540299
0.99539513
0.99538774
0.99538082
0.99537435
0.99536829
0.99536264
0.99535738
0.99535249
0.99534795
0.99534374
0.99533985
0.99533625
0.99533295
0.9953299
0.99532711
0.99532456
0.99532223
0.99532011
0.99531819
0.99531645
0.99531488
0.99531347
0.99531222
0.9953111
0.9953101
0.99530923
0.99530847
0.9953078
0.99530723
0.99530675
0.99530634
0.99530601
0.99530572
0.99530547
0.99530526
0.99530507
0.99530491
0.99530478
0.99530466
0.99530456
0.99530448
0.99530441
0.99530435
0.9953043
0.99530425
0.99530421
0.99530417
0.99530413
0.99530409
0.99530405
2.4647569e-23
7.4539982e-23
4.0649429e-22
2.3350071e-21
1.4100107e-20
9.5297521e-20
8.266828e-19
1.46403e-17
4.9457355e-16
7.4991765e-14
8.66993e-12
4.1012619e-10
2.920632e-08
6.7443617e-06
0.001571613
0.010153044
0.02931475
0.060521442
0.10311206
0.15501218
0.21349441
0.27575883
0.33929105
0.40203513
0.46243912
0.51942491
0.57232069
0.62078078
0.66470734
0.70418115
0.73940432
0.77065505
0.79825332
0.82253592
0.84383885
0.86248565
0.87878005
0.89300191
0.90540541
0.91621884
0.92564544
0.93386488
0.9410351
0.9472943
0.95276296
0.95754585
0.96173384
0.96540563
0.96862927
0.97146357
0.97395934
0.97616043
0.97810471
0.9798249
0.98134925
0.98270219
0.98390488
0.98497563
0.9859303
0.98678267
0.98754472
0.98822686
0.98883817
0.98938656
0.98987897
0.99032144
0.99071929
0.99107718
0.99139923
0.99168905
0.99194984
0.99218442
0.99239531
0.99258472
0.99275465
0.99290686
0.99304293
0.99316429
0.99327221
0.99336783
0.9934522
0.99352624
0.99359081
0.99364668
0.99369456
0.99373509
0.99376886
0.99379642
0.99381826
0.99383486
0.99384662
0.99385396
0.99385724
0.99385686
0.99385169
0.99384163
0.99382712
0.99380858
0.99378637
0.99376088
0.99373243
0.99370133
0.99366789
0.99363239
0.99359509
0.99355623
0.99351606
0.99347478
0.9934326
0.99338972
0.99334631
0.99330254
0.99325857
0.99321454
0.99317059
0.99312684
0.99308341
0.9930404
0.99299791
0.99295603
0.99291483
0.99287438
0.99283476
0.99279601
0.99275819
0.99272133
0.99268547
0.99265065
0.99261689
0.9925842
0.99255261
0.99252212
0.99249273
0.99246444
0.99243726
0.99241118
0.99238619
0.99236228
0.99233942
0.99231761
0.99229683
0.99227705
0.99225825
0.99224041
0.99222349
0.99220749
0.99219236
0.99217808
0.99216462
0.99215195
0.99214005
0.99212888
0.99211841
0.99210861
0.99209947
0.99209094
0.99208299
0.99207561
0.99206876
0.99206242
0.99205655
0.99205114
0.99204617
0.99204159
0.9920374
0.99203357
0.99203008
0.99202691
0.99202403
0.99202143
0.99201909
0.992017
0.99201513
0.99201347
0.992012
0.99201071
0.99200959
0.99200862
0.9920078
0.9920071
0.99200652
0.99200604
0.99200564
0.9920053
0.992005
0.99200476
0.99200456
0.99200439
0.99200426
0.99200416
0.99200408
0.99200401
0.99200397
0.99200394
0.99200391
0.9920039
0.99200388
0.99200387
0.99200385
0.99200384
1.799077e-25
2.9935161e-25
1.2694138e-24
6.2171105e-24
3.3198385e-23
1.9817461e-22
1.4311076e-21
1.5970787e-20
6.4519507e-19
9.4452334e-17
1.0331138e-14
5.2414544e-13
4.6716867e-11
1.0908735e-08
2.5670265e-06
0.00061186699
0.0054259671
0.017916919
0.040390847
0.073423231
0.11608927
0.16649478
0.22231423
0.28120347
0.34105972
0.40015115
0.45715368
0.51113039
0.56148091
0.60787948
0.65021291
0.68852467
0.72296753
0.75376558
0.78118471
0.80551067
0.82703323
0.84603525
0.8627856
0.87753481
0.89051289
0.90192853
0.91196938
0.9208029
0.92857772
0.93542508
0.94146046
0.94678518
0.95148791
0.95564612
0.95932739
0.96259064
0.96548721
0.96806178
0.97035328
0.97239562
0.97421834
0.97584719
0.97730465
0.97861032
0.97978136
0.98083277
0.98177768
0.98262762
0.98339272
0.98408186
0.9847029
0.98526274
0.9857675
0.98622258
0.98663279
0.98700237
0.98733513
0.98763444
0.98790332
0.98814447
0.98836033
0.98855307
0.98872466
0.98887687
0.98901131
0.98912944
0.9892326
0.98932198
0.98939869
0.98946376
0.9895181
0.98956258
0.98959799
0.98962506
0.98964447
0.98965685
0.98966278
0.98966282
0.98965572
0.98964125
0.98962007
0.98959282
0.98956007
0.98952238
0.98948025
0.98943417
0.9893846
0.98933195
0.98927663
0.98921901
0.98915945
0.98909827
0.98903578
0.98897227
0.98890802
0.98884327
0.98877825
0.98871318
0.98864827
0.98858369
0.98851962
0.9884562
0.98839359
0.98833191
0.98827127
0.98821179
0.98815354
0.98809661
0.98804107
0.98798698
0.98793439
0.98788334
0.98783387
0.98778601
0.98773976
0.98769515
0.98765218
0.98761084
0.98757114
0.98753306
0.98749658
0.98746169
0.98742836
0.98739657
0.98736629
0.98733749
0.98731012
0.98728416
0.98725956
0.98723629
0.9872143
0.98719355
0.98717401
0.98715562
0.98713835
0.98712215
0.98710697
0.98709278
0.98707954
0.98706719
0.98705569
0.98704502
0.98703512
0.98702596
0.98701749
0.98700969
0.98700252
0.98699593
0.9869899
0.98698439
0.98697938
0.98697483
0.98697071
0.98696699
0.98696365
0.98696066
0.986958
0.98695564
0.98695357
0.98695175
0.98695018
0.98694882
0.98694767
0.98694671
0.98694592
0.98694528
0.98694473
0.98694428
0.9869439
0.9869436
0.98694336
0.98694318
0.98694304
0.98694295
0.98694289
0.98694287
0.98694286
0.98694288
0.98694291
0.98694295
0.98694299
0.98694304
0.98694308
0.98694312
1.3002472e-27
9.647928e-28
2.8701259e-27
1.1251142e-26
5.1063024e-26
2.6463007e-25
1.6395793e-24
1.6917971e-23
8.1832954e-22
1.1876246e-19
1.2861135e-17
7.7130306e-16
8.0298322e-14
1.7917001e-11
4.3197981e-09
1.0803646e-06
0.00028637119
0.0031440239
0.011483689
0.027786775
0.053328911
0.088055178
0.13085321
0.17996784
0.23339095
0.28915351
0.34550773
0.40101661
0.45457719
0.50540235
0.55298049
0.5970266
0.63743312
0.6742251
0.70752199
0.73750642
0.76439966
0.78844309
0.80988447
0.82896836
0.84592957
0.86098907
0.87435161
0.88620469
0.89671845
0.90604606
0.91432467
0.92167645
0.92820984
0.9340208
0.93919401
0.94380411
0.94791675
0.95158966
0.95487354
0.95781291
0.96044686
0.96280972
0.96493164
0.96683913
0.96855549
0.97010122
0.97149441
0.97275097
0.97388498
0.97490887
0.97583363
0.97666903
0.9774237
0.97810535
0.97872083
0.97927624
0.97977705
0.98022813
0.98063388
0.98099823
0.98132472
0.98161655
0.98187662
0.98210754
0.98231171
0.98249127
0.98264821
0.98278434
0.98290132
0.98300066
0.98308377
0.98315193
0.98320635
0.98324813
0.98327829
0.9832978
0.98330754
0.98330834
0.98329863
0.98327827
0.98324823
0.98320944
0.98316273
0.9831089
0.98304872
0.98298287
0.98291203
0.98283681
0.98275779
0.98267551
0.9825905
0.98250321
0.98241411
0.98232361
0.98223209
0.98213992
0.98204742
0.98195491
0.98186268
0.98177098
0.98168005
0.98159012
0.98150138
0.98141401
0.98132818
0.98124402
0.98116166
0.98108122
0.98100278
0.98092644
0.98085226
0.98078029
0.98071059
0.98064318
0.98057808
0.98051532
0.98045489
0.9803968
0.98034103
0.98028756
0.98023636
0.98018742
0.9801407
0.98009614
0.98005372
0.98001338
0.97997508
0.97993876
0.97990436
0.97987183
0.97984111
0.97981214
0.97978486
0.9797592
0.97973511
0.97971253
0.97969138
0.97967162
0.97965318
0.979636
0.97962002
0.97960519
0.97959144
0.97957873
0.97956699
0.97955618
0.97954624
0.97953713
0.97952879
0.97952119
0.97951427
0.979508
0.97950233
0.97949723
0.97949265
0.97948856
0.97948492
0.97948171
0.97947889
0.97947644
0.97947431
0.9794725
0.97947097
0.9794697
0.97946866
0.97946784
0.97946714
0.97946657
0.97946611
0.97946576
0.9794655
0.97946532
0.97946521
0.97946516
0.97946516
0.97946521
0.97946529
0.9794654
0.97946552
0.97946566
0.97946581
0.97946596
0.9794661
0.97946624
9.8975381e-30
2.7165538e-30
5.1251214e-30
1.5217019e-29
5.703094e-29
2.6426998e-28
2.0538401e-27
1.7273051e-25
4.2388065e-23
8.6963971e-21
1.3366142e-18
1.4934346e-16
1.1831504e-14
6.4615272e-13
2.7413284e-11
2.3648538e-09
5.8498219e-07
0.00017934947
0.0020350889
0.0078649655
0.0199777
0.039932243
0.06822515
0.10435941
0.14711844
0.19488944
0.24594392
0.29863926
0.35154036
0.4034759
0.45354868
0.50111735
0.54576304
0.58725026
0.62548804
0.6604945
0.69236643
0.72125434
0.74734256
0.77083401
0.79193887
0.81086633
0.82781895
0.84298895
0.85655595
0.86868578
0.87953018
0.88922693
0.89790038
0.90566225
0.91261252
0.91884037
0.9244252
0.92943752
0.93393989
0.93798774
0.94163017
0.94491063
0.94786759
0.95053509
0.95294328
0.95511884
0.95708545
0.9588641
0.96047343
0.96192998
0.96324849
0.96444208
0.96552246
0.96650007
0.96738426
0.9681834
0.96890501
0.96955584
0.97014197
0.97066888
0.97114152
0.97156439
0.97194157
0.97227674
0.9725733
0.97283431
0.9730626
0.97326075
0.97343114
0.97357595
0.97369722
0.97379679
0.9738764
0.97393766
0.97398206
0.97401098
0.97402572
0.97402749
0.97401413
0.973986
0.97394447
0.9738908
0.9738262
0.97375178
0.97366859
0.97357762
0.9734798
0.97337598
0.97326699
0.97315358
0.97303647
0.97291631
0.97279373
0.9726693
0.97254356
0.97241701
0.9722901
0.97216327
0.97203689
0.97191134
0.97178693
0.97166395
0.97154269
0.97142339
0.97130625
0.97119146
0.97107921
0.97096964
0.97086286
0.970759
0.97065813
0.97056033
0.97046566
0.97037416
0.97028585
0.97020074
0.97011885
0.97004016
0.96996465
0.96989229
0.96982305
0.96975689
0.96969375
0.96963358
0.96957632
0.96952189
0.96947023
0.96942127
0.96937492
0.96933111
0.96928976
0.96925078
0.96921409
0.9691796
0.96914724
0.96911691
0.96908853
0.96906203
0.9690373
0.96901428
0.96899289
0.96897304
0.96895465
0.96893766
0.96892199
0.96890757
0.96889432
0.96888218
0.9688711
0.96886099
0.96885181
0.9688435
0.96883599
0.96882924
0.9688232
0.96881782
0.96881305
0.96880885
0.96880517
0.96880198
0.96879924
0.96879691
0.96879495
0.96879335
0.96879205
0.968791
0.96879014
0.96878946
0.96878893
0.96878855
0.9687883
0.96878816
0.96878812
0.96878816
0.96878828
0.96878845
0.96878867
0.96878893
0.96878921
0.96878951
0.96878982
0.96879013
0.96879044
0.96879073
8.0965675e-32
7.1873192e-33
8.0693e-33
1.8174871e-32
5.9567341e-32
1.02559e-30
3.3343454e-28
1.2099232e-25
3.5723508e-23
8.165863e-21
1.399617e-18
1.763583e-16
1.597129e-14
9.9871481e-13
4.0259509e-11
9.3859926e-10
1.177859e-08
4.7761824e-07
0.00014740072
0.0014870367
0.0058155722
0.015144792
0.031057739
0.054337059
0.084907083
0.12198971
0.16434966
0.21053849
0.25909019
0.30865456
0.35807314
0.40641024
0.45295334
0.49719461
0.53880301
0.57759309
0.61349449
0.64652432
0.67676339
0.70433667
0.72939757
0.75211576
0.77266801
0.79123142
0.80797868
0.82307485
0.83667531
0.84892468
0.85995624
0.86989201
0.87884298
0.88690965
0.89418268
0.90074359
0.90666554
0.912014
0.91684754
0.92121847
0.92517347
0.92875421
0.93199783
0.93493748
0.93760274
0.94002003
0.94221291
0.94420247
0.94600758
0.94764511
0.94913022
0.95047648
0.95169612
0.95280013
0.95379842
0.95469993
0.95551275
0.9562442
0.95690094
0.95748901
0.95801391
0.95848066
0.95889387
0.95925773
0.95957611
0.95985256
0.96009035
0.96029251
0.96046183
0.9606009
0.96071213
0.96079775
0.96085984
0.96090035
0.96092108
0.96092374
0.96090523
0.96086701
0.96081092
0.96073867
0.96065188
0.96055206
0.96044062
0.9603189
0.96018814
0.9600495
0.95990409
0.95975291
0.95959693
0.95943703
0.95927403
0.95910872
0.9589418
0.95877393
0.95860573
0.95843774
0.95827049
0.95810444
0.95794003
0.95777764
0.95761763
0.95746029
0.95730592
0.95715476
0.95700703
0.95686292
0.95672257
0.95658614
0.95645373
0.95632542
0.95620129
0.95608138
0.95596572
0.95585432
0.95574719
0.95564429
0.95554562
0.95545111
0.95536072
0.9552744
0.95519206
0.95511363
0.95503902
0.95496815
0.95490092
0.95483722
0.95477696
0.95472003
0.95466632
0.95461572
0.95456811
0.95452339
0.95448145
0.95444216
0.95440542
0.95437113
0.95433916
0.95430941
0.95428178
0.95425617
0.95423246
0.95421057
0.95419039
0.95417184
0.95415482
0.95413924
0.95412502
0.95411208
0.95410034
0.95408972
0.95408016
0.95407157
0.9540639
0.95405708
0.95405106
0.95404576
0.95404115
0.95403717
0.95403376
0.95403088
0.9540285
0.95402655
0.95402502
0.95402375
0.95402274
0.95402197
0.95402141
0.95402105
0.95402086
0.95402082
0.95402091
0.95402111
0.9540214
0.95402178
0.95402221
0.9540227
0.95402321
0.95402375
0.9540243
0.95402485
0.95402539
0.95402592
6.2240173e-34
3.4312086e-35
1.3602699e-35
2.1877531e-35
1.0057565e-33
5.0905251e-31
2.4488978e-28
9.9406991e-26
3.2283779e-23
8.048509e-21
1.5011413e-18
2.0710491e-16
2.084734e-14
1.4844308e-12
7.0555289e-11
2.0323113e-09
3.0445702e-08
1.9181546e-07
8.6167929e-07
0.00014616933
0.0012204027
0.0046538931
0.012153456
0.025192723
0.044655081
0.070715692
0.10291568
0.1403379
0.18180599
0.22605899
0.27188115
0.31818487
0.36405393
0.40875698
0.45174151
0.49261617
0.53112761
0.56713585
0.60059067
0.6315104
0.65996373
0.68605469
0.70991047
0.73167193
0.75148639
0.7695022
0.78586485
0.80071434
0.81418335
0.82639623
0.83746848
0.84750657
0.85660812
0.8648622
0.87234978
0.87914422
0.88531189
0.89091264
0.89600043
0.90062382
0.90482651
0.90864777
0.91212293
0.91528373
0.91815871
0.92077358
0.92315145
0.92531314
0.92727744
0.9290613
0.93068002
0.93214746
0.93347617
0.93467752
0.93576185
0.93673858
0.93761627
0.93840274
0.93910516
0.93973007
0.9402835
0.94077097
0.94119757
0.94156801
0.94188662
0.94215742
0.94238415
0.94257026
0.94271898
0.94283331
0.94291604
0.94296978
0.94299699
0.94299993
0.9429742
0.94292313
0.94284911
0.94275438
0.94264102
0.942511
0.94236618
0.94220827
0.9420389
0.94185957
0.9416717
0.94147662
0.94127556
0.94106965
0.94085998
0.94064752
0.9404332
0.94021785
0.94000225
0.93978712
0.93957311
0.93936082
0.93915079
0.9389435
0.93873939
0.93853885
0.93834224
0.93814986
0.93796197
0.93777881
0.93760056
0.9374274
0.93725944
0.9370968
0.93693955
0.93678774
0.9366414
0.93650054
0.93636514
0.93623519
0.93611063
0.9359914
0.93587743
0.93576864
0.93566493
0.93556621
0.93547234
0.93538323
0.93529873
0.93521872
0.93514308
0.93507164
0.93500429
0.93494087
0.93488124
0.93482526
0.93477278
0.93472366
0.93467776
0.93463493
0.93459504
0.93455795
0.93452353
0.93449164
0.93446215
0.93443494
0.93440988
0.93438687
0.93436578
0.9343465
0.93432892
0.93431295
0.93429848
0.93428541
0.93427366
0.93426314
0.93425377
0.93424545
0.93423813
0.93423172
0.93422616
0.93422138
0.93421732
0.93421392
0.93421113
0.93420889
0.93420716
0.93420571
0.93420461
0.93420381
0.93420329
0.93420301
0.93420296
0.93420309
0.9342034
0.93420384
0.93420441
0.93420507
0.93420582
0.93420662
0.93420747
0.93420834
0.93420923
0.93421011
0.93421098
0.93421184
3.2418364e-36
3.8425161e-37
8.8968975e-38
9.0470744e-37
5.7805506e-34
3.6136058e-31
1.9691446e-28
8.8456472e-26
3.1263707e-23
8.3822906e-21
1.671651e-18
2.4722123e-16
2.6964055e-14
2.1191301e-12
1.1418229e-10
3.8689311e-09
7.1685035e-08
5.8875755e-07
1.8203892e-06
3.2884261e-06
0.00015981049
0.0011070948
0.0040146725
0.01032031
0.021332976
0.037922366
0.0603858
0.088474769
0.12151774
0.15857656
0.19859382
0.24050974
0.28334281
0.32623733
0.36848463
0.40952577
0.44894218
0.48643983
0.52183041
0.55501224
0.58595229
0.61467023
0.64122471
0.66570202
0.6882069
0.70885528
0.72776869
0.74507001
0.76088041
0.77531713
0.78849206
0.80051074
0.81147189
0.8214672
0.83058134
0.83889214
0.84647091
0.85338274
0.85968696
0.86543752
0.8706834
0.87546905
0.87983476
0.88381704
0.88744897
0.89076053
0.89377888
0.89652865
0.89903219
0.90130978
0.90337987
0.90525922
0.90696312
0.90850547
0.90989901
0.91115534
0.91228511
0.91329808
0.9142032
0.91500871
0.91572222
0.91635071
0.91690067
0.91737808
0.9177885
0.9181371
0.91842865
0.91866763
0.9188582
0.91900423
0.91910937
0.91917699
0.91921028
0.9192122
0.91917659
0.91910959
0.91901419
0.9188932
0.91874925
0.91858481
0.9184022
0.91820358
0.91799098
0.91776629
0.91753129
0.91728763
0.91703684
0.91678034
0.91651946
0.91625542
0.91598936
0.91572231
0.91545522
0.91518898
0.91492438
0.91466214
0.91440293
0.91414732
0.91389586
0.913649
0.91340717
0.91317073
0.91293999
0.91271521
0.91249664
0.91228444
0.91207878
0.91187976
0.91168746
0.91150194
0.91132323
0.91115131
0.91098617
0.91082776
0.91067602
0.91053087
0.9103922
0.91025991
0.91013388
0.91001396
0.90990002
0.90979191
0.90968947
0.90959252
0.90950091
0.90941446
0.90933299
0.90925633
0.9091843
0.90911672
0.90905341
0.90899419
0.90893889
0.90888734
0.90883935
0.90879477
0.90875343
0.90871516
0.90867981
0.90864723
0.90861726
0.90858976
0.90856459
0.90854161
0.9085207
0.90850172
0.90848456
0.90846909
0.90845522
0.90844282
0.9084318
0.90842207
0.90841353
0.90840608
0.90839966
0.90839418
0.90838956
0.90838573
0.90838263
0.90838019
0.9083783
0.90837676
0.90837565
0.90837492
0.90837453
0.90837445
0.90837464
0.90837507
0.9083757
0.90837651
0.90837746
0.90837854
0.90837971
0.90838096
0.90838225
0.90838358
0.90838491
0.90838624
0.90838756
0.90838886
6.4837582e-39
2.3034065e-39
1.5091623e-39
4.8304437e-37
3.9680381e-34
2.8858996e-31
1.7635257e-28
8.6693233e-26
3.2936948e-23
9.3654555e-21
1.9651545e-18
3.0584146e-16
3.5381634e-14
2.9928834e-12
1.7729791e-10
6.7972438e-09
1.4789881e-07
1.4848173e-06
5.5954263e-06
1.0768171e-05
1.9062343e-05
0.00019714599
0.0010997609
0.0037117621
0.0092456996
0.018831309
0.033260593
0.052865216
0.077520725
0.10673303
0.13975909
0.17572666
0.21373387
0.25292171
0.29252019
0.33187249
0.37044287
0.40781339
0.4436739
0.47780854
0.51008096
0.5404198
0.56880533
0.59525762
0.61982639
0.64258264
0.66361178
0.68300821
0.70087107
0.71730095
0.73239757
0.74625793
0.75897519
0.7706378
0.78132909
0.79112697
0.80010395
0.80832717
0.81585859
0.82275523
0.82906944
0.83484918
0.84013838
0.84497718
0.84940225
0.85344711
0.85714234
0.8605159
0.8635933
0.86639788
0.86895097
0.8712721
0.87337916
0.87528854
0.8770153
0.87857326
0.87997517
0.88123273
0.88235677
0.88335728
0.8842435
0.885024
0.88570671
0.886299
0.88680774
0.88723932
0.88759967
0.88789437
0.8881286
0.88830721
0.88843474
0.88851545
0.88855331
0.88854708
0.88849908
0.88841397
0.88829533
0.88814652
0.88797068
0.88777076
0.88754954
0.88730958
0.88705333
0.88678302
0.88650078
0.88620856
0.88590818
0.88560134
0.88528961
0.88497443
0.88465714
0.88433896
0.88402102
0.88370436
0.88338989
0.88307848
0.88277089
0.88246781
0.88216984
0.88187754
0.88159138
0.88131178
0.8810391
0.88077364
0.88051566
0.88026536
0.88002291
0.87978843
0.879562
0.87934368
0.87913348
0.87893139
0.87873738
0.87855138
0.8783733
0.87820305
0.87804049
0.8778855
0.87773791
0.87759757
0.87746429
0.8773379
0.8772182
0.877105
0.87699808
0.87689724
0.87680228
0.87671297
0.8766291
0.87655047
0.87647685
0.87640805
0.87634384
0.87628402
0.87622839
0.87617674
0.87612889
0.87608464
0.8760438
0.8760062
0.87597165
0.87593998
0.87591104
0.87588465
0.87586067
0.87583894
0.87581933
0.87580169
0.8757859
0.87577183
0.87575937
0.87574839
0.87573879
0.87573047
0.87572333
0.87571727
0.87571221
0.87570807
0.87570477
0.87570223
0.87570011
0.87569857
0.87569753
0.87569695
0.87569678
0.87569698
0.8756975
0.8756983
0.87569934
0.87570059
0.87570202
0.87570358
0.87570526
0.87570703
0.87570885
0.8757107
0.87571256
0.87571442
0.87571626
0.87571807
3.6892285e-42
6.5681441e-42
3.7353938e-40
3.3150945e-37
3.2415998e-34
2.669605e-31
1.7924078e-28
9.4864675e-26
3.8188434e-23
1.1352434e-20
2.468347e-18
3.975968e-16
4.7894101e-14
4.2694993e-12
2.7126009e-10
1.1415224e-08
2.8065291e-07
3.2785915e-06
1.423866e-05
3.159091e-05
4.4373242e-05
6.0233485e-05
0.00027219204
0.001190923
0.0036702137
0.0087369571
0.01734582
0.030178399
0.047543723
0.069376767
0.095302297
0.12472792
0.15693911
0.19118066
0.22671801
0.2628784
0.29907449
0.33481444
0.36970235
0.40343258
0.43578044
0.46659122
0.49576895
0.52326565
0.54907147
0.57320614
0.59571161
0.61664594
0.63607825
0.65408475
0.67074557
0.68614227
0.70035606
0.71346636
0.7255499
0.73668
0.74692619
0.75635397
0.76502468
0.77299559
0.78031992
0.78704703
0.79322258
0.79888874
0.80408441
0.80884545
0.81320486
0.81719304
0.82083797
0.8241654
0.82719906
0.82996079
0.83247074
0.83474749
0.83680819
0.83866869
0.84034365
0.84184666
0.84319029
0.84438621
0.84544529
0.8463776
0.84719254
0.84789885
0.84850471
0.84901774
0.84944508
0.84979338
0.85006889
0.85027747
0.85042458
0.85051537
0.85055467
0.85053774
0.85047326
0.85036572
0.85021932
0.85003804
0.84982556
0.84958539
0.84932076
0.84903472
0.84873012
0.84840961
0.84807566
0.84773056
0.84737644
0.84701528
0.8466489
0.84627898
0.84590707
0.84553458
0.84516281
0.84479295
0.84442606
0.84406311
0.84370497
0.84335242
0.84300615
0.84266678
0.84233483
0.84201077
0.841695
0.84138784
0.84108958
0.84080042
0.84052055
0.84025008
0.8399891
0.83973763
0.8394957
0.83926327
0.83904028
0.83882664
0.83862224
0.83842695
0.83824062
0.83806307
0.83789412
0.83773357
0.8375812
0.8374368
0.83730014
0.83717097
0.83704906
0.83693417
0.83682604
0.83672442
0.83662907
0.83653974
0.83645617
0.83637812
0.83630535
0.83623761
0.83617467
0.8361163
0.83606227
0.83601235
0.83596634
0.83592402
0.83588519
0.83584965
0.83581721
0.83578769
0.8357609
0.83573668
0.83571487
0.8356953
0.83567783
0.83566231
0.83564861
0.83563659
0.83562614
0.83561713
0.83560945
0.83560299
0.83559767
0.83559337
0.83559002
0.83558752
0.83558545
0.83558403
0.83558321
0.83558293
0.83558312
0.83558373
0.83558471
0.83558602
0.83558761
0.83558943
0.83559146
0.83559365
0.83559596
0.83559837
0.83560084
0.83560334
0.83560585
0.83560836
0.83561084
0.83561329
2.4667964e-44
8.4149566e-42
4.4972796e-40
3.1244088e-37
3.2931095e-34
2.9178377e-31
2.0884444e-28
1.1662806e-25
4.8973104e-23
1.500363e-20
3.3313482e-18
5.4693807e-16
6.7477329e-14
6.2238248e-12
4.1525396e-10
1.8708345e-08
5.0403567e-07
6.5971472e-06
3.1664258e-05
7.7094925e-05
0.00012033267
0.00013567983
0.00015818495
0.00041229856
0.001386159
0.0038312244
0.0086135085
0.016520863
0.028111758
0.043642701
0.063069137
0.086095046
0.11224466
0.1409363
0.17154661
0.20346021
0.23610403
0.26896838
0.30161719
0.33369048
0.3649016
0.39503113
0.42391907
0.45145647
0.47757704
0.50224938
0.52546994
0.5472569
0.5676449
0.58668067
0.6044194
0.62092183
0.63625193
0.65047505
0.66365654
0.67586072
0.68715007
0.6975847
0.70722201
0.71611647
0.72431946
0.7318793
0.73884127
0.74524767
0.75113795
0.75654882
0.76151444
0.76606652
0.77023452
0.77404575
0.77752559
0.78069757
0.78358353
0.78620377
0.78857712
0.79072111
0.79265204
0.79438508
0.79593436
0.79731305
0.79853347
0.79960708
0.80054463
0.80135615
0.80205105
0.80263811
0.8031256
0.80352125
0.80383232
0.80406561
0.80422753
0.80432408
0.80436089
0.80433064
0.80424764
0.80411694
0.80394327
0.8037311
0.80348459
0.80320766
0.80290397
0.80257693
0.80222973
0.80186534
0.80148653
0.80109585
0.80069569
0.80028823
0.79987551
0.79945939
0.79904157
0.79862363
0.79820698
0.79779293
0.79738264
0.79697718
0.79657749
0.79618442
0.7957987
0.795421
0.79505188
0.79469184
0.79434129
0.79400059
0.79367
0.79334976
0.79304003
0.79274093
0.79245253
0.79217486
0.79190789
0.79165158
0.79140586
0.79117061
0.79094568
0.79073093
0.79052616
0.79033118
0.79014577
0.78996969
0.78980271
0.78964457
0.78949501
0.78935376
0.78922054
0.78909507
0.78897709
0.7888663
0.78876243
0.78866519
0.78857431
0.7884895
0.78841051
0.78833705
0.78826887
0.78820571
0.78814731
0.78809343
0.78804383
0.78799827
0.78795654
0.78791841
0.78788366
0.78785211
0.78782354
0.78779778
0.78777464
0.78775394
0.78773553
0.78771925
0.78770493
0.78769245
0.78768166
0.78767244
0.78766466
0.7876582
0.78765296
0.78764884
0.78764573
0.78764323
0.78764145
0.78764041
0.78764003
0.78764024
0.78764098
0.78764219
0.78764381
0.78764579
0.78764807
0.78765062
0.78765338
0.78765632
0.78765939
0.78766257
0.78766581
0.78766909
0.78767237
0.78767564
0.78767889
0.7876821
2.6106603e-43
4.1323005e-41
9.3874239e-40
3.7141301e-37
4.0137095e-34
3.7157737e-31
2.7782562e-28
1.6125291e-25
6.973617e-23
2.1745025e-20
4.8659363e-18
8.0307917e-16
9.9996216e-14
9.3919374e-12
6.464041e-10
3.0541567e-08
8.7971916e-07
1.2519905e-05
6.4210044e-05
0.00016500345
0.00027302819
0.00033649713
0.00031953409
0.00034108201
0.00064430935
0.0017035476
0.0041811651
0.0087971047
0.016181696
0.026768635
0.040748357
0.058074258
0.078502811
0.10164863
0.12704061
0.15417096
0.18253359
0.21165148
0.24109401
0.27048623
0.29951217
0.32791376
0.35548713
0.38207724
0.40757185
0.43189527
0.45500237
0.47687311
0.49750754
0.51692153
0.53514307
0.55220918
0.5681633
0.58305325
0.5969295
0.60984382
0.62184826
0.63299434
0.64333246
0.65291142
0.66177818
0.66997761
0.67755238
0.68454292
0.69098743
0.69692186
0.70238002
0.70739365
0.7119925
0.7162044
0.72005544
0.72356999
0.72677088
0.72967944
0.73231562
0.73469809
0.73684434
0.73877071
0.74049254
0.74202418
0.7433791
0.74456991
0.74560847
0.7465059
0.74727265
0.74791852
0.74845274
0.74888398
0.74922039
0.74946964
0.74963892
0.74973502
0.74976429
0.74971755
0.74961451
0.74946065
0.74926111
0.74902072
0.74874399
0.74843517
0.74809821
0.7477368
0.74735438
0.74695416
0.74653911
0.74611198
0.74567532
0.74523148
0.74478263
0.74433076
0.74387768
0.74342505
0.74297439
0.74252706
0.74208429
0.7416472
0.74121677
0.74079389
0.74037932
0.73997374
0.73957774
0.73919181
0.73881638
0.73845179
0.73809832
0.73775618
0.73742553
0.73710647
0.73679906
0.7365033
0.73621915
0.73594656
0.7356854
0.73543555
0.73519685
0.7349691
0.7347521
0.73454561
0.73434941
0.73416322
0.73398677
0.73381979
0.73366199
0.73351307
0.73337273
0.73324067
0.73311658
0.73300016
0.7328911
0.73278911
0.73269387
0.73260509
0.73252248
0.73244575
0.73237461
0.73230879
0.73224801
0.73219202
0.73214055
0.73209336
0.7320502
0.73201084
0.73197506
0.73194263
0.73191335
0.73188703
0.73186345
0.73184245
0.73182385
0.73180747
0.73179316
0.73178077
0.73177015
0.73176116
0.73175367
0.73174757
0.73174273
0.73173905
0.73173642
0.73173428
0.73173302
0.73173255
0.7317328
0.73173368
0.73173512
0.73173707
0.73173946
0.73174222
0.73174531
0.73174868
0.73175228
0.73175606
0.73175998
0.73176401
0.73176811
0.73177225
0.73177639
0.73178052
0.73178461
0.73178867
4.6186188e-42
2.6567675e-40
3.0086446e-39
5.289824e-37
5.681557e-34
5.4237109e-31
4.1897964e-28
2.5030075e-25
1.1041804e-22
3.4669324e-20
7.7242719e-18
1.2650491e-15
1.5682826e-13
1.4782135e-11
1.032841e-09
5.0262122e-08
1.5154636e-06
2.2864063e-05
0.00012165914
0.00031897391
0.00053738765
0.00068677299
0.00071896945
0.00065026891
0.00065035152
0.0010037567
0.0021690181
0.0047196883
0.0092362571
0.016200729
0.025927615
0.038539222
0.05397669
0.072032768
0.09239349
0.11467971
0.13848326
0.16339549
0.1890279
0.21502571
0.24107554
0.26690866
0.29230094
0.31707071
0.34107522
0.36420645
0.38638661
0.40756373
0.42770747
0.44680529
0.46485907
0.48188213
0.49789665
0.51293154
0.52702059
0.54020104
0.55251231
0.56399505
0.57469035
0.58463915
0.59388177
0.60245755
0.61040461
0.61775967
0.62455794
0.63083302
0.63661692
0.64194002
0.64683112
0.65131746
0.65542477
0.65917736
0.66259814
0.66570871
0.66852943
0.67107947
0.67337689
0.6754387
0.67728093
0.67891868
0.68036615
0.68163675
0.68274309
0.68369707
0.6845099
0.68519212
0.68575369
0.68620399
0.68655184
0.68680557
0.686973
0.6870615
0.68707801
0.68701303
0.68689036
0.68671571
0.68649445
0.6862316
0.68593187
0.68559967
0.68523911
0.68485402
0.68444798
0.68402429
0.68358603
0.68313604
0.68267696
0.68221118
0.68174095
0.68126829
0.68079505
0.68032294
0.67985349
0.67938807
0.67892794
0.67847422
0.67802789
0.67758984
0.67716082
0.67674151
0.67633249
0.67593423
0.67554715
0.67517157
0.67480775
0.67445588
0.67411611
0.67378851
0.67347312
0.67316992
0.67287885
0.67259983
0.67233272
0.67207737
0.67183359
0.67160118
0.67137991
0.67116952
0.67096976
0.67078035
0.67060099
0.6704314
0.67027125
0.67012025
0.66997808
0.66984441
0.66971893
0.66960131
0.66949125
0.66938841
0.6692925
0.66920319
0.66912019
0.6690432
0.66897191
0.66890605
0.66884533
0.66878948
0.66873824
0.66869134
0.66864855
0.66860962
0.66857432
0.66854242
0.66851371
0.66848799
0.66846505
0.66844471
0.66842679
0.66841112
0.66839753
0.66838587
0.66837599
0.66836776
0.66836102
0.66835568
0.66835159
0.66834866
0.66834643
0.66834503
0.66834454
0.66834487
0.66834595
0.66834768
0.66834999
0.66835282
0.6683561
0.66835976
0.66836377
0.66836805
0.66837256
0.66837726
0.66838211
0.66838706
0.66839208
0.66839714
0.66840221
0.66840726
0.66841229
0.66841727
1.0233954e-40
2.0915193e-39
1.3074529e-38
8.9368901e-37
9.1488604e-34
8.9703209e-31
7.1277923e-28
4.3594051e-25
1.9480847e-22
6.1012021e-20
1.3377933e-17
2.1471743e-15
2.6158627e-13
2.4406502e-11
1.7057989e-09
8.4109852e-08
2.6052573e-06
4.0746649e-05
0.00021889416
0.00056718976
0.00093688589
0.0011895305
0.0012915589
0.0012007438
0.0010536356
0.0010387381
0.0014700382
0.0027738842
0.0054270723
0.0098752546
0.016464582
0.02540299
0.03675156
0.050438128
0.06628348
0.084032055
0.10338167
0.12400917
0.14559081
0.1678171
0.19040287
0.21309325
0.2356664
0.25793402
0.27974015
0.30095899
0.32149203
0.34126495
0.36022451
0.37833543
0.39557758
0.41194339
0.42743553
0.44206491
0.45584891
0.46880988
0.48097393
0.49236985
0.50302824
0.51298082
0.52225988
0.53089777
0.53892659
0.54637791
0.55328254
0.55967037
0.56557032
0.57101018
0.57601665
0.58061527
0.58483041
0.58868532
0.59220213
0.59540187
0.59830451
0.60092902
0.60329338
0.60541462
0.60730889
0.60899147
0.61047685
0.61177871
0.61291002
0.61388302
0.6147093
0.61539981
0.61596488
0.61641429
0.61675725
0.61700246
0.61715812
0.61723194
0.61721314
0.61713044
0.61699118
0.61680108
0.61656549
0.61628942
0.61597757
0.61563433
0.61526378
0.61486975
0.61445577
0.61402513
0.61358086
0.61312578
0.61266248
0.61219332
0.6117205
0.61124601
0.61077165
0.61029909
0.60982981
0.60936515
0.60890633
0.6084544
0.60801033
0.60757495
0.60714899
0.60673308
0.60632776
0.60593348
0.6055506
0.60517944
0.60482021
0.60447308
0.60413816
0.60381552
0.60350515
0.60320702
0.60292105
0.60264714
0.60238514
0.60213487
0.60189614
0.60166873
0.60145239
0.60124688
0.6010519
0.60086718
0.60069243
0.60052733
0.60037158
0.60022486
0.60008686
0.59995724
0.59983569
0.59972189
0.59961551
0.59951625
0.59942379
0.59933781
0.59925802
0.59918411
0.5991158
0.59905279
0.59899482
0.59894161
0.5988929
0.59884843
0.59880796
0.59877126
0.59873808
0.59870822
0.59868146
0.59865759
0.59863644
0.5986178
0.5986015
0.59858737
0.59857526
0.59856501
0.59855647
0.59854952
0.59854401
0.59853983
0.59853686
0.59853499
0.59853361
0.59853325
0.59853379
0.59853516
0.59853726
0.59854002
0.59854335
0.59854719
0.59855148
0.59855615
0.59856114
0.59856641
0.5985719
0.59857758
0.59858339
0.59858932
0.59859531
0.59860134
0.59860739
0.59861343
0.59861945
0.59862543
2.5875549e-39
1.9585093e-38
7.0426862e-38
1.8650777e-36
1.6590583e-33
1.6730011e-30
1.3674857e-27
8.542838e-25
3.8468028e-22
1.1909156e-19
2.5395455e-17
3.9440639e-15
4.661038e-13
4.247492e-11
2.9277765e-09
1.4404496e-07
4.5048244e-06
7.1548747e-05
0.00037787636
0.00093725443
0.0014613988
0.0017674952
0.0018857419
0.0018355428
0.001628079
0.0014192779
0.0014419792
0.002011489
0.0034970633
0.0062697069
0.010648191
0.016860564
0.025026763
0.035159667
0.047178636
0.060929491
0.076206255
0.092771597
0.11037432
0.12876326
0.14769756
0.16695377
0.18633017
0.205649
0.22475705
0.24352514
0.26184671
0.27963607
0.29682627
0.31336696
0.32922223
0.34436858
0.35879299
0.37249124
0.38546634
0.39772718
0.40928739
0.42016426
0.43037793
0.43995066
0.44890619
0.45726925
0.46506514
0.47231943
0.4790576
0.48530494
0.49108626
0.49642586
0.50134737
0.5058737
0.51002698
0.51382855
0.51729891
0.52045773
0.52332386
0.5259153
0.52824929
0.53034222
0.53220974
0.53386677
0.53532745
0.53660528
0.53771303
0.53866286
0.53946628
0.54013421
0.54067698
0.54110438
0.54142564
0.54164951
0.54178423
0.54183758
0.54179899
0.54170174
0.5415516
0.54135402
0.54111412
0.54083666
0.54052613
0.54018669
0.53982223
0.53943637
0.53903246
0.5386136
0.53818267
0.53774231
0.53729496
0.53684284
0.53638801
0.53593233
0.53547748
0.53502501
0.53457629
0.53413256
0.53369494
0.53326441
0.53284183
0.53242797
0.5320235
0.53162896
0.53124485
0.53087156
0.53050941
0.53015866
0.5298195
0.52949206
0.52917642
0.5288726
0.5285806
0.52830036
0.52803179
0.52777475
0.52752911
0.52729468
0.52707125
0.5268586
0.52665649
0.52646466
0.52628285
0.52611077
0.52594814
0.52579464
0.52565
0.52551388
0.525386
0.52526604
0.52515368
0.52504862
0.52495056
0.52485918
0.5247742
0.52469531
0.52462223
0.52455466
0.52449234
0.52443499
0.52438235
0.52433417
0.52429018
0.52425016
0.52421387
0.52418108
0.52415159
0.52412517
0.52410164
0.5240808
0.52406247
0.52404647
0.52403264
0.52402082
0.52401085
0.52400261
0.52399594
0.52399073
0.52398684
0.52398418
0.52398262
0.52398161
0.52398155
0.52398247
0.52398426
0.52398684
0.52399012
0.52399402
0.52399847
0.5240034
0.52400875
0.52401445
0.52402047
0.52402673
0.52403321
0.52403986
0.52404665
0.52405353
0.52406049
0.5240675
0.52407453
0.52408156
0.52408858
0.52409558
7.4151582e-38
2.1816095e-37
4.5730925e-37
5.5064515e-36
3.3937307e-33
3.5299232e-30
2.9764811e-27
1.8982465e-24
8.572415e-22
2.5975053e-19
5.3160412e-17
7.8803591e-15
8.9127414e-13
7.8258807e-11
5.2460987e-09
2.5371554e-07
7.8792042e-06
0.00012458368
0.0006294097
0.0014446707
0.0020436778
0.0022592612
0.0022696172
0.0022551959
0.0020809871
0.0018192744
0.0016519127
0.0018225267
0.0026146068
0.004320596
0.0072058376
0.011478593
0.017272543
0.024642175
0.033568157
0.043968879
0.055714804
0.068643152
0.082571356
0.097308477
0.1126643
0.12845612
0.14451355
0.16068149
0.17682181
0.1928139
0.20855448
0.2239568
0.23894955
0.25347551
0.26749009
0.28095992
0.29386141
0.30617942
0.31790602
0.32903937
0.33958271
0.34954346
0.35893244
0.3677632
0.37605139
0.38381433
0.39107051
0.39783929
0.40414056
0.40999449
0.41542135
0.42044133
0.4250744
0.42934019
0.43325793
0.43684637
0.44012371
0.44310759
0.44581507
0.44826257
0.45046591
0.45244026
0.45420017
0.45575959
0.45713181
0.45832957
0.45936498
0.46024958
0.46099435
0.46160974
0.46210564
0.46249144
0.46277603
0.46296782
0.46307476
0.46310434
0.46305063
0.46294474
0.46279191
0.46259707
0.46236487
0.46209963
0.46180539
0.46148593
0.46114475
0.4607851
0.46041
0.46002225
0.45962442
0.45921887
0.45880778
0.45839315
0.45797678
0.45756033
0.45714529
0.45673303
0.45632476
0.45592156
0.4555244
0.45513416
0.45475156
0.45437728
0.45401188
0.45365583
0.45330955
0.45297336
0.45264752
0.45233225
0.45202768
0.45173392
0.45145101
0.45117896
0.45091773
0.45066726
0.45042744
0.45019815
0.44997922
0.4497705
0.44957176
0.44938281
0.44920341
0.44903332
0.44887229
0.44872005
0.44857633
0.44844086
0.44831336
0.44819354
0.44808113
0.44797583
0.44787736
0.44778545
0.4476998
0.44762015
0.44754622
0.44747774
0.44741444
0.44735608
0.4473024
0.44725316
0.4472081
0.44716702
0.44712967
0.44709584
0.44706532
0.44703792
0.44701343
0.44699167
0.44697246
0.44695563
0.44694102
0.44692846
0.44691782
0.44690894
0.44690169
0.44689595
0.44689159
0.4468885
0.44688657
0.44688571
0.44688574
0.44688627
0.44688779
0.44689021
0.44689343
0.44689736
0.44690194
0.44690708
0.44691271
0.44691878
0.44692523
0.44693199
0.44693903
0.4469463
0.44695375
0.44696136
0.4469691
0.44697693
0.44698483
0.4469928
0.4470008
0.44700882
0.44701686
0.44702489
2.6899307e-36
3.0936911e-36
3.9031174e-36
3.2192189e-35
8.0198696e-33
8.544366e-30
7.4573406e-27
4.8529279e-24
2.185115e-21
6.39981e-19
1.2371667e-16
1.7235466e-14
1.8385662e-12
1.5336116e-10
9.8556127e-09
4.6152356e-07
1.3997851e-05
0.00021594951
0.0010130159
0.0020725622
0.0025537252
0.0024970397
0.0022966762
0.0022076041
0.002161917
0.0019901699
0.0018079473
0.0018180964
0.0022461617
0.003318579
0.0052432387
0.0081909458
0.012282584
0.017583789
0.024106292
0.031813958
0.040631468
0.05045396
0.061156441
0.072602241
0.084650144
0.097160091
0.10999749
0.12303628
0.13616097
0.14926775
0.16226498
0.17507319
0.18762459
0.19986248
0.21174039
0.22322119
0.23427612
0.24488386
0.25502965
0.26470438
0.27390386
0.28262807
0.29088048
0.29866751
0.30599801
0.31288277
0.31933416
0.32536578
0.33099216
0.3362285
0.34109045
0.34559397
0.3497551
0.35358992
0.35711435
0.36034414
0.36329477
0.36598136
0.36841866
0.37062103
0.37260235
0.37437606
0.37595511
0.37735195
0.37857857
0.37964642
0.3805665
0.38134929
0.38200479
0.38254252
0.38297157
0.38330051
0.38353752
0.38369032
0.38376621
0.38375694
0.38369431
0.38358791
0.38344224
0.38326154
0.38304976
0.38281059
0.3825475
0.38226369
0.38196214
0.38164562
0.3813167
0.38097773
0.38063088
0.38027817
0.37992142
0.37956229
0.37920233
0.3788429
0.37848525
0.37813052
0.37777972
0.37743374
0.37709338
0.37675935
0.37643226
0.37611264
0.37580095
0.37549758
0.37520284
0.37491699
0.37464024
0.37437274
0.37411458
0.37386584
0.37362654
0.37339666
0.37317616
0.37296496
0.37276295
0.37257003
0.37238604
0.37221082
0.37204418
0.37188594
0.37173589
0.37159381
0.37145947
0.37133266
0.37121312
0.37110062
0.37099491
0.37089574
0.37080288
0.37071606
0.37063505
0.37055961
0.37048948
0.37042443
0.37036423
0.37030864
0.37025743
0.3702104
0.37016732
0.37012797
0.37009216
0.3700597
0.37003037
0.37000401
0.36998043
0.36995947
0.36994094
0.3699247
0.3699106
0.36989848
0.36988822
0.36987967
0.36987271
0.36986721
0.36986308
0.36986019
0.36985845
0.36985776
0.36985802
0.36985916
0.36986061
0.36986303
0.36986632
0.36987039
0.36987515
0.36988055
0.3698865
0.36989293
0.36989979
0.36990702
0.36991457
0.3699224
0.36993045
0.3699387
0.36994711
0.36995565
0.3699643
0.36997305
0.36998188
0.36999077
0.36999973
0.37000873
0.37001778
0.37002684
2.3863133e-34
6.2555568e-34
1.1523692e-33
1.8857589e-33
2.5862262e-32
2.4552495e-29
2.2092834e-26
1.4619773e-23
6.5024517e-21
1.8086009e-18
3.2357941e-16
4.1601277e-14
4.1183669e-12
3.2141485e-10
1.9503815e-08
8.7050566e-07
2.534081e-05
0.00037330121
0.0015709881
0.0027452828
0.0028458567
0.0024678435
0.0021336859
0.0020332823
0.0021198355
0.0019936524
0.001845926
0.0018285943
0.002105
0.0028381462
0.0041796419
0.0062574413
0.0091672089
0.012968018
0.017682128
0.02329788
0.029774568
0.037048288
0.045037982
0.053651143
0.062788879
0.072350169
0.082235284
0.092348407
0.10259953
0.11290573
0.12319193
0.13339129
0.14344517
0.15330302
0.16292192
0.17226617
0.18130668
0.19002042
0.19838979
0.20640207
0.21404878
0.22132523
0.22822998
0.23476436
0.2409321
0.24673894
0.25219229
0.25730091
0.2620747
0.26652441
0.27066148
0.27449785
0.27804579
0.2813178
0.28432648
0.28708442
0.28960416
0.29189808
0.29397835
0.29585691
0.29754541
0.29905516
0.30039714
0.30158198
0.30261992
0.3035208
0.30429409
0.30494885
0.30549374
0.30593704
0.30628661
0.30654995
0.30673417
0.306846
0.3068918
0.30686627
0.30680257
0.30670454
0.30657579
0.30641971
0.30623946
0.306038
0.30581807
0.30558223
0.30533285
0.30507214
0.30480212
0.30452467
0.3042415
0.30395419
0.30366419
0.30337282
0.30308126
0.30279061
0.30250184
0.30221583
0.30193337
0.30165515
0.3013818
0.30111385
0.30085178
0.30059599
0.30034683
0.30010459
0.29986951
0.29964177
0.29942152
0.29920887
0.29900388
0.2988066
0.29861701
0.29843511
0.29826083
0.29809412
0.29793487
0.29778297
0.2976383
0.29750073
0.29737009
0.29724622
0.29712895
0.2970181
0.29691349
0.29681491
0.29672218
0.2966351
0.29655346
0.29647707
0.29640572
0.29633921
0.29627733
0.2962199
0.29616672
0.29611758
0.29607231
0.29603071
0.2959926
0.2959578
0.29592614
0.29589744
0.29587156
0.29584831
0.29582756
0.29580915
0.29579294
0.29577878
0.29576656
0.29575613
0.29574739
0.2957402
0.29573447
0.29573008
0.29572694
0.29572495
0.29572401
0.29572405
0.29572497
0.29572672
0.2957292
0.29573212
0.29573566
0.29574
0.29574507
0.29575078
0.29575707
0.29576387
0.29577113
0.29577878
0.29578678
0.29579508
0.29580363
0.29581241
0.29582137
0.29583048
0.29583973
0.29584908
0.29585854
0.29586808
0.29587771
0.29588742
0.29589722
0.2959071
0.29591705
0.29592705
3.7330704e-31
5.8371152e-31
7.2352231e-31
8.552943e-31
1.1525958e-30
1.0669431e-28
8.141174e-26
5.3857414e-23
2.3263289e-20
5.9839528e-18
9.6468383e-16
1.1200626e-13
1.01051e-11
7.2572259e-10
4.0904727e-08
1.7104597e-06
4.6888176e-05
0.00064352739
0.0023288035
0.003314415
0.0028864374
0.0024218827
0.002139775
0.0019921601
0.0019329359
0.0019120693
0.0018469324
0.0018367375
0.0020989473
0.0026786457
0.0036871735
0.00521077
0.007317612
0.010052591
0.013436949
0.01746961
0.022129757
0.027380137
0.03317064
0.039441841
0.046128268
0.053161282
0.060471501
0.067990752
0.0756536
0.08339846
0.091168378
0.098911509
0.10658136
0.11413686
0.12154226
0.12876692
0.13578506
0.14257545
0.149121
0.15540847
0.16142801
0.16717289
0.17263908
0.17782497
0.18273103
0.18735955
0.19171437
0.19580062
0.19962456
0.20319334
0.20651484
0.20959752
0.21245028
0.21508237
0.21750324
0.21972246
0.22174967
0.2235945
0.22526648
0.22677502
0.22812939
0.22933861
0.23041152
0.23135667
0.23218236
0.23289657
0.23350702
0.2340211
0.2344459
0.23478818
0.23505442
0.23525075
0.23538302
0.23545676
0.23547416
0.23544384
0.23538493
0.23530039
0.23519298
0.23506531
0.2349198
0.23475871
0.23458414
0.23439805
0.23420224
0.23399837
0.233788
0.23357253
0.23335327
0.23313139
0.23290799
0.23268404
0.23246044
0.23223799
0.23201741
0.23179937
0.23158442
0.23137308
0.2311658
0.23096296
0.23076491
0.23057194
0.23038428
0.23020213
0.23002566
0.22985499
0.22969022
0.22953141
0.22937858
0.22923176
0.22909094
0.22895607
0.22882711
0.22870399
0.22858663
0.22847493
0.2283688
0.2282681
0.22817273
0.22808253
0.22799739
0.22791714
0.22784165
0.22777076
0.22770432
0.22764217
0.22758415
0.22753011
0.2274799
0.22743334
0.2273903
0.22735061
0.22731412
0.22728069
0.22725017
0.22722242
0.22719728
0.22717464
0.22715435
0.22713629
0.22712033
0.22710635
0.22709423
0.22708386
0.22707513
0.22706794
0.22706218
0.22705776
0.22705458
0.22705257
0.22705163
0.22705168
0.22705266
0.22705448
0.22705707
0.22706039
0.22706435
0.22706891
0.227074
0.22707935
0.2270854
0.22709207
0.22709932
0.22710707
0.22711527
0.22712387
0.22713282
0.22714207
0.22715158
0.22716132
0.22717126
0.22718136
0.22719159
0.22720194
0.2272124
0.22722294
0.22723356
0.22724427
0.22725506
0.22726596
0.22727696
0.22728808
0.22729931
0.22731063
6.2079423e-28
3.693064e-28
2.7070686e-28
2.2387323e-28
2.0656186e-28
1.0417172e-27
4.8512183e-25
2.5636348e-22
1.0418492e-19
2.3803655e-17
3.3395639e-15
3.4139259e-13
2.7506587e-11
1.7848232e-09
9.1747295e-08
3.5251031e-06
8.901081e-05
0.0011043014
0.0032497938
0.0036177964
0.0030291814
0.0026018344
0.0023078204
0.0021173071
0.0020108039
0.0019778811
0.0019838869
0.0020458408
0.0022586649
0.0026939892
0.0036319712
0.0047949897
0.0063387701
0.0082958272
0.010682084
0.013499436
0.016737524
0.020375561
0.024384294
0.028727986
0.033366313
0.038256098
0.043352825
0.048611922
0.053989809
0.059444717
0.06493731
0.070431117
0.07589282
0.081292404
0.086603208
0.091801892
0.096868341
0.10178552
0.10653929
0.11111822
0.11551337
0.11971806
0.12372769
0.12753948
0.1311523
0.13456646
0.13778353
0.14080619
0.14363802
0.14628344
0.14874748
0.15103574
0.15315425
0.15510938
0.15690774
0.15855613
0.16006144
0.16143064
0.16267066
0.16378843
0.16479075
0.16568435
0.16647577
0.16717143
0.16777753
0.16830008
0.16874489
0.16911754
0.16942338
0.16966753
0.1698549
0.16999012
0.17007763
0.17012162
0.17011808
0.17009521
0.17005498
0.16999922
0.16992966
0.16984789
0.16975542
0.16965364
0.16954384
0.16942722
0.16930489
0.16917788
0.16904713
0.1689135
0.1687778
0.16864073
0.16850297
0.16836511
0.1682277
0.16809122
0.16795612
0.16782278
0.16769155
0.16756275
0.16743664
0.16731344
0.16719338
0.1670766
0.16696327
0.16685349
0.16674736
0.16664495
0.1665463
0.16645146
0.16636044
0.16627324
0.16618984
0.16611022
0.16603435
0.16596217
0.16589364
0.16582869
0.16576724
0.16570922
0.16565456
0.16560315
0.16555492
0.16550978
0.16546761
0.16542834
0.16539185
0.16535806
0.16532685
0.16529814
0.16527181
0.16524777
0.16522592
0.16520617
0.16518842
0.16517257
0.16515853
0.16514621
0.16513552
0.16512637
0.16511869
0.16511239
0.16510739
0.16510362
0.165101
0.16509946
0.16509893
0.16509934
0.16510064
0.16510277
0.16510565
0.16510925
0.16511351
0.16511837
0.1651238
0.16512974
0.16513615
0.165143
0.16515024
0.16515785
0.16516554
0.16517379
0.16518255
0.16519174
0.16520135
0.1652113
0.16522158
0.16523213
0.16524293
0.16525393
0.16526512
0.16527646
0.16528793
0.16529951
0.16531118
0.16532293
0.16533475
0.16534664
0.16535859
0.16537061
0.16538272
0.16539493
0.16540727
0.16541976
0.16543239
0.16544513
2.3753903e-25
6.0688244e-26
2.946843e-26
1.8758221e-26
1.4300265e-26
2.8311743e-26
5.1273976e-24
1.8545827e-21
6.5539673e-19
1.2457847e-16
1.4501561e-14
1.2636739e-12
8.8632891e-11
5.0745079e-09
2.321474e-07
7.9792032e-06
0.00017987262
0.0019251535
0.0041926013
0.0039021289
0.0034358515
0.0030792622
0.0028135913
0.002626375
0.0025111081
0.0024656602
0.0024963083
0.0025987015
0.0028097274
0.0031820315
0.0038322022
0.0048070674
0.0060561013
0.007466534
0.0091278669
0.01105075
0.013231586
0.01565938
0.018317796
0.021186453
0.024241998
0.027459075
0.030811184
0.034271425
0.037813129
0.041410383
0.045038432
0.048674002
0.052295518
0.055883259
0.059419438
0.062888239
0.066275796
0.069570149
0.072761172
0.075840473
0.078801288
0.081638365
0.084347841
0.086927115
0.089374731
0.091690253
0.093874153
0.095927698
0.097852848
0.099652161
0.1013287
0.10288594
0.10432774
0.10565819
0.10688162
0.10800253
0.10902552
0.10995525
0.11079642
0.11155372
0.1122318
0.11283524
0.11336855
0.11383613
0.11424227
0.11459113
0.1148867
0.11513287
0.11533333
0.11549165
0.11561121
0.11569525
0.11574684
0.11576843
0.11576575
0.11575242
0.11572955
0.11569818
0.11565927
0.11561374
0.11556241
0.11550608
0.11544547
0.11538125
0.11531404
0.11524441
0.11517288
0.11509995
0.11502603
0.11495155
0.11487685
0.11480228
0.11472813
0.11465467
0.11458213
0.11451074
0.11444068
0.11437212
0.11430519
0.11424004
0.11417676
0.11411544
0.11405616
0.11399898
0.11394395
0.11389109
0.11384044
0.113792
0.11374579
0.11370178
0.11365999
0.11362038
0.11358292
0.1135476
0.11351438
0.11348321
0.11345406
0.11342687
0.1134016
0.11337819
0.1133566
0.11333677
0.11331864
0.11330215
0.11328725
0.11327388
0.11326198
0.1132515
0.11324236
0.11323453
0.11322793
0.11322252
0.11321824
0.11321503
0.11321284
0.11321162
0.11321132
0.11321189
0.11321328
0.11321545
0.11321835
0.11322193
0.11322615
0.11323098
0.11323638
0.1132423
0.11324872
0.11325559
0.11326289
0.11327059
0.11327865
0.11328704
0.11329575
0.11330474
0.11331399
0.11332348
0.11333318
0.11334298
0.11335309
0.11336358
0.1133744
0.11338551
0.1133969
0.11340852
0.11342035
0.11343237
0.11344454
0.11345685
0.11346927
0.11348179
0.1134944
0.11350707
0.11351981
0.11353259
0.11354542
0.1135583
0.11357123
0.11358422
0.1135973
0.11361049
0.11362381
0.11363731
0.11365099
0.11366482
4.7858127e-24
8.3567598e-25
3.3311775e-25
1.9335702e-25
1.8763812e-25
1.9816109e-24
1.6794949e-22
2.8853671e-20
6.0962301e-18
8.6918317e-16
7.9432585e-14
5.7090725e-12
3.3979326e-10
1.6745898e-08
6.6339386e-07
1.9758822e-05
0.00038231257
0.0032963532
0.0047850375
0.0044574191
0.004162213
0.0039294936
0.0037499131
0.0036186802
0.0035337544
0.0034948652
0.0035219084
0.0036243745
0.0038164119
0.0041226313
0.0045812128
0.0052198166
0.0060818416
0.0073172197
0.0084507643
0.0097101218
0.011107599
0.012639908
0.01429895
0.016073961
0.017952406
0.019920564
0.021963992
0.024067922
0.026217594
0.028398538
0.030596811
0.032799175
0.034993243
0.037167576
0.039311755
0.041416416
0.043473262
0.045475056
0.047415596
0.049289672
0.051093022
0.052822272
0.054474875
0.056049048
0.057543702
0.058958379
0.060293187
0.061548734
0.062726069
0.063826625
0.064852164
0.065804724
0.066686578
0.067500185
0.068248151
0.0689332
0.069558133
0.070125804
0.070639093
0.071100886
0.071514052
0.071881424
0.072205793
0.072489885
0.072736356
0.072947786
0.073126666
0.073275395
0.073396278
0.073491521
0.073563229
0.073613406
0.073643952
0.073654117
0.073659196
0.073659715
0.073656165
0.073649004
0.07363866
0.073625533
0.07360999
0.073592376
0.073573008
0.073552178
0.073530157
0.073507193
0.073483514
0.073459327
0.073434824
0.073410177
0.073385542
0.073361062
0.073336862
0.073313059
0.073289753
0.073267034
0.073244982
0.073223666
0.073203146
0.073183473
0.073164692
0.073146838
0.07312994
0.073114022
0.073099101
0.073085189
0.073072294
0.073060418
0.073049561
0.073039718
0.073030881
0.07302304
0.073016182
0.073010291
0.073005349
0.073001338
0.072998236
0.072996022
0.072994671
0.072994161
0.072994466
0.07299556
0.072997418
0.073000013
0.073003318
0.073007308
0.073011955
0.073017233
0.073023115
0.073029576
0.07303659
0.073044131
0.073052176
0.073060698
0.073069675
0.073079084
0.073088901
0.073099105
0.073109675
0.073120589
0.073131828
0.073143373
0.073155205
0.073167307
0.07317966
0.07319225
0.07320506
0.073218075
0.073231281
0.073244665
0.073258213
0.073271913
0.073285754
0.073299725
0.073313816
0.073328016
0.07334228
0.073356703
0.073371378
0.073386281
0.073401389
0.073416682
0.07343214
0.073447744
0.073463477
0.073479324
0.07349527
0.073511302
0.073527409
0.073543578
0.073559802
0.073576073
0.073592384
0.073608733
0.073625118
0.073641542
0.073658011
0.07367454
0.073691146
0.073707859
0.073724715
0.073741757
0.073759018
0.073776455
5.3727672e-24
1.8700773e-24
7.827551e-25
1.3428962e-24
1.3015194e-23
3.5741191e-22
1.6360478e-20
1.0938522e-18
9.8805428e-17
8.8487988e-15
5.9644215e-13
3.4174287e-11
1.6788742e-09
6.9150538e-08
2.2890748e-06
5.6529699e-05
0.00088709475
0.0048834303
0.0053740159
0.0052694141
0.0051739346
0.0051005994
0.0050452713
0.0050055429
0.0049802213
0.0049689182
0.0049874157
0.0050662513
0.0052105575
0.0054287457
0.0057328068
0.0061366211
0.0066628346
0.0073682862
0.0084177914
0.0091868928
0.010010759
0.010895668
0.011839279
0.012836771
0.013882165
0.014968827
0.016089753
0.017237768
0.01840569
0.019586464
0.020773268
0.021959603
0.023139363
0.024306885
0.025456989
0.026584998
0.027686751
0.028758603
0.029797419
0.030800555
0.031765845
0.032691567
0.033576425
0.03441951
0.035220275
0.0359785
0.036694258
0.037367889
0.037999965
0.03859126
0.039142725
0.039655459
0.040130686
0.040569731
0.040973999
0.041344958
0.041684117
0.041993015
0.042273205
0.042526243
0.042753673
0.042957023
0.043137794
0.043297455
0.043437434
0.043559115
0.043663838
0.043752888
0.0438275
0.043888855
0.043938077
0.043976236
0.044003987
0.044026598
0.044048186
0.044068876
0.044088781
0.044108007
0.044126652
0.044144807
0.044162554
0.044179971
0.044197126
0.044214085
0.044230907
0.044247644
0.044264346
0.044281056
0.044297815
0.044314658
0.044331616
0.04434872
0.044365993
0.044383459
0.044401136
0.044419043
0.044437193
0.044455598
0.04447427
0.044493217
0.044512444
0.044531959
0.044551763
0.044571861
0.044592252
0.044612938
0.044633917
0.044655188
0.044676748
0.044698594
0.044720723
0.044743129
0.044765809
0.044788757
0.044811967
0.044835434
0.044859151
0.044883112
0.044907311
0.044931741
0.044956395
0.044981267
0.045006349
0.045031635
0.045057118
0.045082791
0.045108648
0.045134682
0.045160886
0.045187255
0.045213781
0.045240459
0.045267283
0.045294247
0.045321345
0.045348572
0.045375923
0.045403391
0.045430973
0.045458663
0.045486456
0.045514349
0.045542336
0.045570415
0.04559858
0.045626828
0.045655155
0.045683558
0.045712033
0.045740578
0.045769189
0.045797864
0.045826599
0.045855392
0.045884241
0.045913135
0.045942123
0.045971277
0.046000584
0.046030029
0.046059602
0.046089291
0.046119086
0.046148977
0.046178955
0.046209011
0.046239138
0.046269329
0.046299578
0.046329878
0.046360226
0.046390616
0.046421047
0.046451515
0.046482023
0.04651257
0.046543164
0.046573813
0.046604533
0.046635349
0.046666294
0.046697413
0.046728761
0.046760287
7.6874015e-24
7.9185094e-24
8.4882011e-24
7.5017328e-23
1.2155896e-21
3.5173766e-20
1.3883339e-18
6.3910759e-17
3.1090299e-15
1.5133817e-13
7.2502866e-12
3.2343386e-10
1.27736e-08
4.2429532e-07
1.1163475e-05
0.0002142423
0.0026102199
0.0056438113
0.0060299174
0.0060966731
0.0061395826
0.0061801621
0.0062201718
0.0062602572
0.0063009747
0.0063428806
0.0063904329
0.0064737019
0.0065964201
0.0067624731
0.0069771083
0.0072475793
0.0075852787
0.0080105933
0.0085589334
0.0091712086
0.009687044
0.010185918
0.010699636
0.011231822
0.011781584
0.012346711
0.012924486
0.013511988
0.01410624
0.014704294
0.015303293
0.01590051
0.016493385
0.017079547
0.017656826
0.01822327
0.018777143
0.019316934
0.019841346
0.020349295
0.020839902
0.02131248
0.021766524
0.022201699
0.022617823
0.023014859
0.023392895
0.023752133
0.024092877
0.024415516
0.024720517
0.025008408
0.025279769
0.025535222
0.025775423
0.02600105
0.0262128
0.026411375
0.026597483
0.02677183
0.026935112
0.027088016
0.027231213
0.027365357
0.02749108
0.027608995
0.027719686
0.027823718
0.027921626
0.028013921
0.028101085
0.028183584
0.028262916
0.02834197
0.028420759
0.028499296
0.028577591
0.028655656
0.028733499
0.028811128
0.02888855
0.028965771
0.029042797
0.029119632
0.02919628
0.029272745
0.029349029
0.029425134
0.029501063
0.029576816
0.029652396
0.029727801
0.029803033
0.029878093
0.029952978
0.030027691
0.030102229
0.030176592
0.030250779
0.03032479
0.030398623
0.030472277
0.030545752
0.030619045
0.030692156
0.030765083
0.030837826
0.030910383
0.030982752
0.031054933
0.031126924
0.031198725
0.031270334
0.03134175
0.031412972
0.031483999
0.031554831
0.031625467
0.031695905
0.031766146
0.031836189
0.031906032
0.031975677
0.032045121
0.032114366
0.03218341
0.032252254
0.032320897
0.03238934
0.032457582
0.032525624
0.032593465
0.032661106
0.032728547
0.032795789
0.032862831
0.032929674
0.032996319
0.033062766
0.033129015
0.033195068
0.033260925
0.033326586
0.033392052
0.033457325
0.033522404
0.03358729
0.033651985
0.033716489
0.033780803
0.033844928
0.033908865
0.033972615
0.034036178
0.034099557
0.034162775
0.034225855
0.034288792
0.034351584
0.034414228
0.034476721
0.034539061
0.034601247
0.034663275
0.034725146
0.034786858
0.034848408
0.034909798
0.034971025
0.035032089
0.035092991
0.03515373
0.035214306
0.035274721
0.035334976
0.035395073
0.035455015
0.03551481
0.035574465
0.035633995
0.035693421
0.035752775
0.035812111
0.035871145
)
;

boundaryField
{
    inlet_drug
    {
        type            fixedValue;
        value           uniform 1;
    }
    inlet_medium
    {
        type            fixedValue;
        value           uniform 0;
    }
    outlet
    {
        type            zeroGradient;
    }
    walls
    {
        type            zeroGradient;
    }
    floor
    {
        type            zeroGradient;
    }
    frontAndBack
    {
        type            empty;
    }
}


// ************************************************************************* //
