/*--------------------------------*- C++ -*----------------------------------*\
| =========                 |                                                 |
| \\      /  F ield         | OpenFOAM: The Open Source CFD Toolbox           |
|  \\    /   O peration     | Version:  2406                                  |
|   \\  /    A nd           | Website:  www.openfoam.com                      |
|    \\/     M anipulation  |                                                 |
\*---------------------------------------------------------------------------*/
FoamFile
{
    version     2.0;
    format      ascii;
    arch        "LSB;label=32;scalar=64";
    class       volScalarField;
    location    "557";
    object      p;
}
// * * * * * * * * * * * * * * * * * * * * * * * * * * * * * * * * * * * * * //

dimensions      [0 2 -2 0 0 0 0];

internalField   nonuniform List<scalar> 
7000
(
8.5327976e-05
0.00012246364
0.00019051535
0.00027124868
0.00034695893
0.00040957991
0.00045711065
0.00049073467
0.00051289001
0.00052621013
0.00053302475
0.00053521807
0.0005342368
0.00053115654
0.00052676018
0.00052160865
0.00051609833
0.00051050477
0.00050501556
0.00049975501
0.00049480175
0.00049020152
0.00048597657
0.00048213234
0.00047866248
0.0004755525
0.00047278242
0.0004703288
0.00046816617
0.00046626814
0.00046460818
0.0004631602
0.00046189891
0.00046080016
0.00045984108
0.0004590002
0.0004582575
0.00045759443
0.00045699389
0.00045644019
0.00045591898
0.00045541723
0.00045492311
0.00045442595
0.00045391615
0.00045338512
0.0004528252
0.00045222957
0.00045159222
0.00045090788
0.00045017194
0.00044938041
0.00044852987
0.00044761744
0.00044664069
0.00044559764
0.00044448671
0.00044330669
0.0004420567
0.00044073617
0.00043934481
0.00043788257
0.00043634964
0.00043474643
0.00043307352
0.00043133168
0.00042952181
0.00042764497
0.00042570232
0.00042369515
0.00042162482
0.0004194928
0.00041730061
0.00041504983
0.00041274209
0.00041037908
0.00040796249
0.00040549404
0.00040297549
0.00040040858
0.00039779506
0.00039513668
0.00039243518
0.00038969227
0.00038690965
0.00038408901
0.000381232
0.00037834024
0.00037541532
0.00037245878
0.00036947215
0.0003664569
0.00036341447
0.00036034624
0.00035725356
0.00035413775
0.00035100006
0.0003478417
0.00034466385
0.00034146762
0.00033825412
0.00033502436
0.00033177935
0.00032852003
0.00032524731
0.00032196206
0.0003186651
0.00031535722
0.00031203916
0.00030871163
0.00030537531
0.00030203083
0.00029867879
0.00029531976
0.00029195429
0.00028858286
0.00028520597
0.00028182405
0.00027843753
0.00027504681
0.00027165224
0.00026825419
0.00026485296
0.00026144886
0.00025804217
0.00025463315
0.00025122204
0.00024780907
0.00024439445
0.00024097836
0.00023756098
0.00023414249
0.00023072301
0.00022730271
0.00022388169
0.00022046008
0.00021703799
0.00021361549
0.0002101927
0.00020676967
0.00020334648
0.0001999232
0.00019649989
0.00019307658
0.00018965333
0.00018623018
0.00018280717
0.00017938431
0.00017596164
0.00017253918
0.00016911696
0.00016569497
0.00016227325
0.00015885179
0.00015543061
0.00015200971
0.0001485891
0.00014516877
0.00014174874
0.00013832899
0.00013490953
0.00013149035
0.00012807145
0.00012465282
0.00012123446
0.00011781637
0.00011439853
0.00011098094
0.0001075636
0.00010414649
0.0001007296
9.7312941e-05
9.3896489e-05
9.0480241e-05
8.706419e-05
8.3648326e-05
8.0232644e-05
7.6817134e-05
7.3401791e-05
6.9986605e-05
6.6571571e-05
6.3156682e-05
5.9741931e-05
5.6327311e-05
5.2912816e-05
4.9498441e-05
4.608418e-05
4.2670026e-05
3.9255976e-05
3.5842024e-05
3.2428166e-05
2.9014397e-05
2.5600713e-05
2.2187109e-05
1.8773582e-05
1.5360124e-05
1.1946726e-05
8.5333741e-06
5.1200695e-06
1.7067571e-06
6.9207701e-05
0.00011303455
0.00018103476
0.00026025882
0.00033517882
0.00039778204
0.00044589782
0.00048057827
0.00050408607
0.00051886862
0.00052712454
0.00053065758
0.00053087298
0.00052883216
0.00052532068
0.00052091117
0.00051601561
0.000510926
0.00050584572
0.00050091319
0.0004962194
0.00049182075
0.00048774853
0.00048401588
0.00048062299
0.00047756089
0.00047481433
0.00047236386
0.00047018746
0.0004682617
0.00046656255
0.00046506609
0.00046374891
0.00046258845
0.00046156322
0.00046065293
0.00045983857
0.00045910245
0.00045842819
0.00045780073
0.00045720626
0.00045663216
0.00045606697
0.00045550033
0.00045492288
0.00045432622
0.00045370284
0.00045304603
0.00045234988
0.00045160916
0.0004508193
0.00044997632
0.0004490768
0.00044811783
0.00044709696
0.00044601217
0.00044486183
0.00044364466
0.00044235974
0.00044100641
0.00043958432
0.00043809335
0.00043653361
0.00043490544
0.00043320934
0.000431446
0.00042961624
0.00042772105
0.00042576152
0.00042373886
0.00042165435
0.00041950939
0.00041730544
0.00041504401
0.00041272666
0.00041035501
0.0004079307
0.0004054554
0.0004029308
0.00040035858
0.00039774045
0.0003950781
0.00039237322
0.0003896275
0.00038684258
0.0003840201
0.00038116168
0.00037826891
0.00037534334
0.00037238648
0.00036939982
0.00036638481
0.00036334286
0.00036027533
0.00035718354
0.00035406879
0.00035093231
0.00034777529
0.00034459889
0.00034140422
0.00033819235
0.00033496429
0.00033172103
0.0003284635
0.00032519261
0.00032190921
0.00031861411
0.00031530809
0.0003119919
0.00030866622
0.00030533174
0.00030198908
0.00029863883
0.00029528156
0.00029191781
0.00028854808
0.00028517283
0.00028179253
0.00027840757
0.00027501837
0.00027162527
0.00026822864
0.00026482879
0.00026142602
0.00025802061
0.00025461282
0.0002512029
0.00024779106
0.00024437753
0.00024096248
0.0002375461
0.00023412855
0.00023070998
0.00022729054
0.00022387034
0.00022044951
0.00021702815
0.00021360636
0.00021018422
0.00020676182
0.00020333923
0.00019991651
0.00019649372
0.00019307091
0.00018964813
0.00018622541
0.0001828028
0.00017938033
0.00017595802
0.0001725359
0.00016911398
0.00016569229
0.00016227084
0.00015884963
0.00015542869
0.000152008
0.00014858759
0.00014516745
0.00014174759
0.00013832799
0.00013490867
0.00013148963
0.00012807085
0.00012465233
0.00012123407
0.00011781607
0.00011439831
0.00011098079
0.00010756351
0.00010414646
0.00010072963
9.7313008e-05
9.3896594e-05
9.048038e-05
8.7064356e-05
8.3648517e-05
8.0232853e-05
7.6817359e-05
7.3402027e-05
6.998685e-05
6.6571821e-05
6.3156934e-05
5.9742183e-05
5.632756e-05
5.291306e-05
4.9498678e-05
4.6084407e-05
4.2670243e-05
3.925618e-05
3.5842214e-05
3.2428339e-05
2.9014552e-05
2.5600849e-05
2.2187223e-05
1.8773672e-05
1.5360189e-05
1.1946765e-05
8.5333886e-06
5.120074e-06
1.7067766e-06
-1.6260842e-05
7.122001e-05
0.00016270888
0.00025000716
0.00032812605
0.00039167205
0.00043983769
0.00047457243
0.00049840124
0.00051374746
0.00052272343
0.00052704633
0.00052805362
0.00052676262
0.00052393462
0.00052013175
0.00051576435
0.00051112783
0.0005064312
0.00050181944
0.00049739037
0.000493207
0.00048930674
0.00048570825
0.00048241667
0.00047942741
0.00047672912
0.00047430579
0.00047213844
0.00047020629
0.00046848771
0.00046696086
0.00046560417
0.0004643967
0.00046331838
0.00046235019
0.00046147419
0.00046067367
0.00045993308
0.00045923807
0.00045857546
0.00045793317
0.0004573002
0.00045666657
0.00045602324
0.0004553621
0.00045467584
0.00045395796
0.00045320268
0.00045240487
0.00045156006
0.00045066432
0.00044971427
0.00044870702
0.00044764011
0.00044651151
0.00044531958
0.000444063
0.00044274079
0.00044135227
0.00043989702
0.00043837486
0.00043678584
0.00043513024
0.00043340848
0.00043162118
0.00042976912
0.00042785318
0.00042587441
0.00042383392
0.00042173296
0.00041957284
0.00041735495
0.00041508073
0.00041275171
0.00041036941
0.00040793543
0.00040545138
0.00040291889
0.00040033959
0.00039771514
0.00039504717
0.00039233734
0.00038958727
0.00038679858
0.00038397287
0.0003811117
0.00037821663
0.00037528918
0.00037233082
0.00036934302
0.00036632719
0.00036328471
0.00036021691
0.00035712511
0.00035401055
0.00035087446
0.00034771801
0.00034454234
0.00034134853
0.00033813765
0.00033491068
0.0003316686
0.00032841234
0.00032514277
0.00032186075
0.00031856708
0.00031526252
0.00031194781
0.00030862364
0.00030529066
0.00030194951
0.00029860078
0.00029524501
0.00029188275
0.00028851449
0.0002851407
0.00028176182
0.00027837826
0.00027499042
0.00027159867
0.00026820334
0.00026480475
0.00026140321
0.00025799899
0.00025459236
0.00025118355
0.00024777279
0.00024436028
0.00024094623
0.0002375308
0.00023411417
0.00023069648
0.00022727787
0.00022385848
0.00022043841
0.00021701778
0.00021359668
0.00021017521
0.00020675343
0.00020333143
0.00019990928
0.00019648702
0.00019306471
0.0001896424
0.00018622014
0.00018279795
0.00017937587
0.00017595394
0.00017253216
0.00016911058
0.00016568919
0.00016226802
0.00015884709
0.00015542639
0.00015200594
0.00014858574
0.0001451658
0.00014174612
0.0001383267
0.00013490754
0.00013148863
0.00012806999
0.00012465159
0.00012123344
0.00011781554
0.00011439788
0.00011098045
0.00010756324
0.00010414626
0.00010072948
9.7312919e-05
9.3896554e-05
9.0480381e-05
8.7064395e-05
8.3648586e-05
8.023295e-05
7.6817478e-05
7.3402164e-05
6.9987002e-05
6.6571984e-05
6.3157105e-05
5.9742357e-05
5.6327736e-05
5.2913236e-05
4.949885e-05
4.6084573e-05
4.2670401e-05
3.9256328e-05
3.584235e-05
3.2428462e-05
2.9014659e-05
2.5600938e-05
2.2187294e-05
1.8773722e-05
1.5360217e-05
1.1946772e-05
8.5333766e-06
5.1200495e-06
1.7067761e-06
-0.00028330583
-2.3718771e-05
0.00013952709
0.00024456562
0.00032847473
0.0003928617
0.00043968633
0.00047294846
0.00049580384
0.00051068689
0.00051959467
0.00052411595
0.0005254784
0.00052461966
0.00052224854
0.00051889499
0.00051495155
0.00051070391
0.00050635634
0.00050205299
0.0004978929
0.00049394131
0.00049023832
0.00048680551
0.0004836509
0.00048077269
0.00047816216
0.00047580579
0.0004736869
0.00047178686
0.00047008597
0.00046856421
0.00046720164
0.00046597883
0.00046487708
0.00046387858
0.00046296654
0.00046212521
0.00046133997
0.00046059726
0.0004598846
0.00045919057
0.0004585047
0.00045781751
0.00045712039
0.00045640557
0.00045566609
0.0004548957
0.00045408885
0.00045324061
0.00045234666
0.0004514032
0.00045040694
0.00044935509
0.00044824523
0.00044707538
0.00044584391
0.00044454953
0.00044319125
0.00044176837
0.00044028046
0.00043872731
0.00043710895
0.00043542559
0.00043367764
0.00043186567
0.00042999039
0.00042805266
0.00042605344
0.00042399383
0.00042187501
0.00041969822
0.00041746482
0.00041517619
0.0004128338
0.00041043913
0.00040799373
0.00040549915
0.00040295698
0.00040036881
0.00039773625
0.00039506089
0.00039234433
0.00038958817
0.00038679398
0.00038396332
0.00038109773
0.00037819872
0.00037526779
0.00037230637
0.0003693159
0.00036629776
0.00036325331
0.00036018386
0.00035709069
0.00035397503
0.00035083807
0.00034768098
0.00034450487
0.00034131081
0.00033809983
0.00033487293
0.00033163105
0.00032837511
0.00032510597
0.00032182448
0.00031853141
0.00031522754
0.00031191358
0.00030859021
0.00030525809
0.00030191783
0.00029857001
0.00029521519
0.00029185389
0.00028848661
0.0002851138
0.00028173591
0.00027835335
0.00027496649
0.00027157572
0.00026818135
0.00026478372
0.00026138311
0.00025797982
0.00025457408
0.00025116615
0.00024775624
0.00024434457
0.00024093133
0.00023751669
0.00023410081
0.00023068386
0.00022726596
0.00022384724
0.00022042783
0.00021700783
0.00021358734
0.00021016644
0.00020674521
0.00020332374
0.00019990208
0.0001964803
0.00019305845
0.00018963658
0.00018621472
0.00018279293
0.00017937122
0.00017594963
0.00017252819
0.00016910691
0.00016568582
0.00016226493
0.00015884425
0.00015542379
0.00015200357
0.00014858359
0.00014516384
0.00014174435
0.0001383251
0.0001349061
0.00013148735
0.00012806884
0.00012465057
0.00012123254
0.00011781475
0.00011439718
0.00011097984
0.00010756272
0.00010414582
0.00010072911
9.7312611e-05
9.3896302e-05
9.0480181e-05
8.7064239e-05
8.3648471e-05
8.023287e-05
7.6817429e-05
7.3402141e-05
6.9987001e-05
6.6572002e-05
6.3157138e-05
5.9742403e-05
5.6327791e-05
5.2913296e-05
4.9498914e-05
4.6084638e-05
4.2670465e-05
3.9256388e-05
3.5842404e-05
3.2428509e-05
2.9014697e-05
2.5600965e-05
2.2187309e-05
1.8773725e-05
1.5360208e-05
1.1946754e-05
8.5333529e-06
5.1200247e-06
1.7067751e-06
-0.00069817922
-0.00011071565
0.00014332615
0.0002577348
0.00033968682
0.00039956888
0.00044187422
0.00047192037
0.00049287306
0.00050681198
0.00051541408
0.0005200277
0.00052171151
0.00052129195
0.00051940824
0.00051654947
0.00051308474
0.00050928539
0.00050534907
0.00050141791
0.00049759114
0.00049393537
0.00049049277
0.00048728725
0.00048432925
0.00048161941
0.00047915137
0.00047691387
0.00047489238
0.00047307031
0.00047142988
0.00046995287
0.00046862102
0.00046741647
0.00046632197
0.00046532107
0.00046439821
0.0004635388
0.00046272924
0.00046195695
0.00046121031
0.00046047865
0.00045975224
0.00045902222
0.00045828053
0.00045751991
0.00045673383
0.00045591643
0.00045506249
0.00045416739
0.00045322704
0.00045223787
0.00045119677
0.00045010108
0.00044894854
0.00044773724
0.00044646563
0.0004451325
0.00044373689
0.00044227814
0.00044075583
0.00043916976
0.00043751995
0.00043580661
0.00043403013
0.00043219105
0.00043029006
0.00042832797
0.00042630574
0.0004242244
0.00042208509
0.00041988904
0.00041763753
0.00041533192
0.00041297361
0.00041056407
0.00040810478
0.00040559727
0.00040304306
0.00040044371
0.00039780079
0.00039511584
0.00039239044
0.00038962613
0.00038682445
0.00038398693
0.00038111507
0.00037821034
0.0003752742
0.00037230808
0.00036931336
0.0003662914
0.00036324353
0.00036017104
0.00035707517
0.00035395715
0.00035081813
0.00034765926
0.00034448162
0.00034128628
0.00033807424
0.00033484648
0.00033160393
0.00032834749
0.00032507801
0.00032179631
0.00031850318
0.00031519934
0.00031188553
0.0003085624
0.0003052306
0.00030189073
0.00029854338
0.00029518908
0.00029182835
0.00028846168
0.00028508951
0.00028171229
0.00027833043
0.00027494429
0.00027155424
0.00026816062
0.00026476373
0.00026136387
0.00025796132
0.00025455633
0.00025114913
0.00024773996
0.00024432901
0.00024091647
0.00023750252
0.00023408732
0.00023067102
0.00022725377
0.00022383568
0.00022041688
0.00021699746
0.00021357753
0.00021015718
0.00020673649
0.00020331553
0.00019989436
0.00019647305
0.00019305165
0.0001896302
0.00018620876
0.00018278735
0.00017936602
0.00017594478
0.00017252368
0.00016910272
0.00016568193
0.00016226133
0.00015884092
0.00015542072
0.00015200074
0.00014858098
0.00014516146
0.00014174216
0.0001383231
0.00013490428
0.00013148569
0.00012806734
0.00012464921
0.00012123132
0.00011781365
0.0001143962
0.00011097897
0.00010756194
0.00010414512
0.00010072851
9.7312079e-05
9.389584e-05
9.0479781e-05
8.7063896e-05
8.364818e-05
8.0232625e-05
7.6817225e-05
7.3401974e-05
6.9986865e-05
6.6571894e-05
6.3157054e-05
5.9742339e-05
5.6327743e-05
5.2913262e-05
4.949889e-05
4.6084622e-05
4.2670454e-05
3.925638e-05
3.5842397e-05
3.2428499e-05
2.9014684e-05
2.5600947e-05
2.2187285e-05
1.8773695e-05
1.5360174e-05
1.1946718e-05
8.5333175e-06
5.1199947e-06
1.7067712e-06
0.0004133434
0.0003192988
0.00030560797
0.00033509064
0.00037579469
0.00041362793
0.00044498573
0.00046954143
0.00048775301
0.00050049599
0.00050879159
0.00051359796
0.00051574325
0.00051591741
0.0005146805
0.0005124758
0.00050964115
0.00050643171
0.00050304016
0.00049960702
0.00049623184
0.00049298288
0.0004899046
0.00048702348
0.00048435266
0.00048189542
0.000479648
0.00047760161
0.0004757441
0.00047406113
0.00047253708
0.00047115574
0.00046990079
0.00046875619
0.0004677064
0.00046673655
0.00046583259
0.00046498132
0.00046417044
0.00046338856
0.00046262515
0.00046187058
0.00046111602
0.00046035344
0.00045957556
0.0004587758
0.00045794824
0.00045708757
0.00045618906
0.00045524852
0.00045426224
0.00045322697
0.00045213991
0.00045099864
0.0004498011
0.00044854558
0.00044723068
0.0004458553
0.00044441861
0.00044292001
0.00044135915
0.00043973589
0.00043805027
0.00043630253
0.00043449306
0.00043262241
0.00043069127
0.00042870044
0.00042665084
0.00042454349
0.0004223795
0.00042016006
0.00041788643
0.00041555993
0.00041318193
0.00041075384
0.00040827711
0.00040575321
0.00040318364
0.00040056992
0.00039791356
0.00039521608
0.00039247901
0.00038970384
0.00038689209
0.00038404524
0.00038116475
0.00037825206
0.0003753086
0.00037233574
0.00036933485
0.00036630726
0.00036325426
0.00036017711
0.00035707702
0.00035395519
0.00035081275
0.00034765082
0.00034447047
0.00034127272
0.00033805858
0.00033482898
0.00033158484
0.00032832705
0.00032505643
0.0003217738
0.0003184799
0.00031517548
0.00031186123
0.0003085378
0.00030520583
0.00030186591
0.0002985186
0.00029516444
0.00029180393
0.00028843755
0.00028506575
0.00028168895
0.00027830755
0.00027492192
0.00027153242
0.00026813937
0.00026474309
0.00026134385
0.00025794194
0.0002545376
0.00025113106
0.00024772255
0.00024431226
0.00024090039
0.0002374871
0.00023407255
0.0002306569
0.00022724028
0.00022382281
0.00022040462
0.0002169858
0.00021356646
0.00021014667
0.00020672653
0.0002033061
0.00019988544
0.00019646463
0.00019304371
0.00018962273
0.00018620173
0.00018278075
0.00017935982
0.00017593898
0.00017251825
0.00016909765
0.0001656772
0.00016225692
0.00015883682
0.00015541691
0.00015199721
0.00014857771
0.00014515843
0.00014173937
0.00013832053
0.00013490192
0.00013148352
0.00012806535
0.0001246474
0.00012122967
0.00011781215
0.00011439484
0.00011097773
0.00010756083
0.00010414412
0.00010072761
9.7311279e-05
9.3895128e-05
9.047915e-05
8.7063339e-05
8.364769e-05
8.0232197e-05
7.6816852e-05
7.3401651e-05
6.9986588e-05
6.6571657e-05
6.3156852e-05
5.9742167e-05
5.6327599e-05
5.291314e-05
4.9498788e-05
4.6084536e-05
4.267038e-05
3.9256316e-05
3.5842339e-05
3.2428447e-05
2.9014635e-05
2.5600899e-05
2.2187238e-05
1.8773648e-05
1.5360128e-05
1.1946675e-05
8.5332807e-06
5.1199685e-06
1.7067692e-06
0.00039077928
0.00030624969
0.00030892064
0.00034729147
0.00038296448
0.00041366965
0.00044024704
0.00046190906
0.00047852797
0.00049064927
0.00049898442
0.00050423591
0.00050705627
0.00050802508
0.00050762925
0.00050625935
0.00050422451
0.00050176931
0.00049908004
0.00049629462
0.00049351278
0.00049080449
0.00048821665
0.00048577855
0.00048350619
0.00048140575
0.00047947624
0.00047771158
0.00047610219
0.00047463619
0.00047330031
0.00047208059
0.00047096287
0.00046993313
0.00046897778
0.00046808383
0.00046723896
0.00046643164
0.00046565114
0.0004648875
0.0004641316
0.00046337506
0.00046261024
0.00046183019
0.00046102865
0.00046019993
0.00045933896
0.00045844119
0.00045750257
0.00045651951
0.00045548887
0.0004544079
0.00045327421
0.00045208576
0.00045084085
0.00044953806
0.00044817624
0.00044675449
0.00044527219
0.00044372889
0.00044212436
0.00044045858
0.00043873169
0.00043694397
0.00043509589
0.00043318802
0.00043122108
0.00042919588
0.00042711335
0.00042497452
0.00042278047
0.00042053238
0.00041823149
0.00041587909
0.00041347653
0.00041102517
0.00040852643
0.00040598175
0.00040339259
0.00040076041
0.0003980867
0.00039537293
0.00039262058
0.00038983113
0.00038700603
0.00038414671
0.00038125461
0.00037833114
0.00037537765
0.00037239551
0.00036938605
0.00036635053
0.00036329024
0.00036020638
0.00035710016
0.00035397271
0.00035082516
0.00034765858
0.00034447402
0.00034127247
0.0003380549
0.00033482225
0.00033157539
0.00032831519
0.00032504246
0.00032175797
0.00031846248
0.00031515669
0.00031184128
0.0003085169
0.00030518415
0.00030184362
0.00029849585
0.00029514136
0.00029178066
0.00028841419
0.00028504241
0.00028166571
0.0002782845
0.00027489914
0.00027150997
0.0002681173
0.00026472145
0.0002613227
0.0002579213
0.0002545175
0.00025111153
0.0002477036
0.00024429392
0.00024088266
0.00023746999
0.00023405608
0.00023064106
0.00022722507
0.00022380823
0.00022039066
0.00021697245
0.00021355371
0.00021013452
0.00020671495
0.00020329509
0.00019987499
0.00019645472
0.00019303432
0.00018961384
0.00018619333
0.00018277282
0.00017935235
0.00017593195
0.00017251164
0.00016909144
0.00016567138
0.00016225147
0.00015883173
0.00015541216
0.00015199278
0.00014857359
0.0001451546
0.00014173581
0.00013831724
0.00013489887
0.00013148071
0.00012806276
0.00012464501
0.00012122747
0.00011781014
0.000114393
0.00011097606
0.0001075593
0.00010414274
0.00010072635
9.7310144e-05
9.3894105e-05
9.0478232e-05
8.7062517e-05
8.3646957e-05
8.0231544e-05
7.6816274e-05
7.3401141e-05
6.9986139e-05
6.6571263e-05
6.3156508e-05
5.9741868e-05
5.6327339e-05
5.2912916e-05
4.9498594e-05
4.6084369e-05
4.2670235e-05
3.9256191e-05
3.5842231e-05
3.2428351e-05
2.901455e-05
2.5600824e-05
2.218717e-05
1.8773587e-05
1.5360074e-05
1.1946629e-05
8.5332454e-06
5.1199448e-06
1.7067727e-06
0.00034411585
0.00032663656
0.00033657371
0.00036160418
0.00038689511
0.00041080085
0.00043283562
0.00045168253
0.00046680133
0.00047836197
0.00048677157
0.00049250778
0.00049606506
0.00049790782
0.00049844086
0.000498007
0.00049688962
0.00049531458
0.00049345679
0.00049144864
0.00048938794
0.0004873448
0.00048536751
0.00048348746
0.00048172312
0.00048008332
0.00047856974
0.00047717895
0.00047590399
0.00047473549
0.00047366265
0.00047267385
0.00047175723
0.00047090097
0.00047009362
0.00046932421
0.00046858241
0.00046785855
0.00046714369
0.0004664296
0.00046570873
0.00046497424
0.0004642199
0.00046344011
0.00046262983
0.00046178453
0.0004609002
0.00045997324
0.00045900052
0.00045797924
0.00045690699
0.00045578168
0.00045460153
0.00045336503
0.00045207093
0.00045071824
0.00044930618
0.00044783418
0.00044630189
0.00044470911
0.00044305582
0.00044134216
0.00043956844
0.00043773506
0.00043584257
0.00043389165
0.00043188307
0.00042981769
0.00042769648
0.00042552046
0.00042329076
0.00042100853
0.00041867503
0.00041629151
0.00041385931
0.00041137977
0.00040885427
0.00040628423
0.00040367106
0.00040101619
0.00039832105
0.00039558709
0.00039281575
0.00039000844
0.00038716658
0.00038429157
0.0003813848
0.0003784476
0.00037548133
0.00037248729
0.00036946676
0.00036642099
0.00036335119
0.00036025855
0.00035714423
0.00035400933
0.00035085493
0.00034768209
0.0003444918
0.00034128504
0.00033806274
0.0003348258
0.00033157508
0.0003283114
0.00032503557
0.00032174832
0.00031845039
0.00031514246
0.00031182519
0.0003084992
0.00030516507
0.00030182338
0.00029847465
0.0002951194
0.00029175808
0.00028839116
0.00028501907
0.00028164219
0.0002782609
0.00027487557
0.00027148652
0.00026809406
0.00026469849
0.00026130007
0.00025789907
0.00025449572
0.00025109025
0.00024768285
0.00024427372
0.00024086304
0.00023745098
0.00023403768
0.00023062329
0.00022720793
0.00022379173
0.0002203748
0.00021695723
0.00021353913
0.00021012056
0.00020670162
0.00020328237
0.00019986287
0.00019644318
0.00019302335
0.00018960343
0.00018618346
0.00018276348
0.00017934352
0.00017592361
0.00017250378
0.00016908404
0.00016566442
0.00016224493
0.00015882559
0.00015540641
0.0001519874
0.00014856856
0.00014514991
0.00014173145
0.00013831318
0.0001348951
0.00013147721
0.00012805952
0.00012464202
0.00012122472
0.0001178076
0.00011439067
0.00011097392
0.00010755735
0.00010414095
0.00010072473
9.7308666e-05
9.3892765e-05
9.047702e-05
8.7061425e-05
8.3645975e-05
8.0230664e-05
7.6815488e-05
7.3400441e-05
6.9985518e-05
6.6570714e-05
6.3156025e-05
5.9741445e-05
5.6326969e-05
5.2912594e-05
4.9498314e-05
4.6084127e-05
4.2670027e-05
3.9256011e-05
3.5842076e-05
3.2428219e-05
2.9014437e-05
2.5600726e-05
2.2187087e-05
1.8773517e-05
1.5360016e-05
1.1946582e-05
8.5332116e-06
5.1199228e-06
1.7067777e-06
0.00034747837
0.00034481155
0.00035088129
0.00036655344
0.00038569524
0.00040516238
0.00042364761
0.00044005133
0.0004537622
0.00046470265
0.0004730681
0.00047917253
0.00048337423
0.00048603131
0.00048747675
0.00048800241
0.00048785358
0.00048722972
0.00048628888
0.00048515316
0.0004839145
0.00048264017
0.00048137759
0.0004801586
0.00047900296
0.00047792127
0.0004769173
0.00047598986
0.00047513428
0.00047434354
0.00047360914
0.00047292181
0.00047227194
0.00047164994
0.00047104656
0.00047045297
0.00046986091
0.00046926276
0.00046865151
0.00046802083
0.00046736498
0.00046667885
0.00046595786
0.00046519795
0.00046439556
0.00046354753
0.00046265112
0.00046170394
0.00046070393
0.00045964933
0.00045853865
0.00045737064
0.00045614428
0.00045485877
0.00045351347
0.00045210796
0.00045064195
0.00044911532
0.00044752809
0.00044588041
0.00044417257
0.00044240496
0.0004405781
0.00043869258
0.00043674913
0.00043474853
0.00043269167
0.00043057951
0.00042841305
0.0004261934
0.00042392169
0.00042159912
0.00041922693
0.0004168064
0.00041433883
0.00041182557
0.00040926797
0.0004066674
0.00040402526
0.00040134293
0.00039862182
0.00039586331
0.0003930688
0.00039023966
0.00038737727
0.00038448297
0.0003815581
0.00037860396
0.00037562184
0.000372613
0.00036957868
0.00036652007
0.00036343834
0.00036033464
0.00035721008
0.00035406571
0.0003509026
0.00034772173
0.00034452408
0.00034131057
0.00033808212
0.00033483957
0.00033158376
0.00032831549
0.0003250355
0.00032174453
0.00031844328
0.00031513239
0.0003118125
0.00030848421
0.00030514809
0.00030180467
0.00029845447
0.00029509798
0.00029173564
0.00028836789
0.00028499515
0.00028161778
0.00027823617
0.00027485063
0.00027146151
0.00026806908
0.00026467364
0.00026127545
0.00025787475
0.00025447176
0.00025106671
0.0002476598
0.00024425119
0.00024084108
0.00023742961
0.00023401693
0.00023060318
0.00022718848
0.00022377295
0.00022035669
0.0002169398
0.00021352238
0.00021010449
0.00020668623
0.00020326764
0.0001998488
0.00019642976
0.00019301057
0.00018959127
0.00018617191
0.00018275252
0.00017933313
0.00017591378
0.00017249448
0.00016907527
0.00016565615
0.00016223715
0.00015881827
0.00015539954
0.00015198095
0.00014856253
0.00014514427
0.00014172618
0.00013830827
0.00013489053
0.00013147296
0.00012805558
0.00012463837
0.00012122134
0.00011780448
0.00011438779
0.00011097127
0.00010755492
0.00010413873
0.00010072269
9.7306813e-05
9.389108e-05
9.0475491e-05
8.7060042e-05
8.3644727e-05
8.0229542e-05
7.6814481e-05
7.3399541e-05
6.9984717e-05
6.6570004e-05
6.3155397e-05
5.9740892e-05
5.6326486e-05
5.2912172e-05
4.9497949e-05
4.6083812e-05
4.2669757e-05
3.9255781e-05
3.5841881e-05
3.2428054e-05
2.9014299e-05
2.5600612e-05
2.2186994e-05
1.8773442e-05
1.5359957e-05
1.1946538e-05
8.5331812e-06
5.1199038e-06
1.7067821e-06
0.00035149961
0.00035080939
0.00035533778
0.00036706237
0.00038238758
0.00039842805
0.00041397689
0.00042818892
0.00044047125
0.00045063341
0.0004587493
0.00046501273
0.00046967521
0.00047300806
0.0004752727
0.00047670387
0.00047750324
0.00047783848
0.00047784499
0.00047762923
0.00047727272
0.00047683613
0.00047636309
0.00047588353
0.00047541671
0.00047497358
0.00047455891
0.0004741729
0.00047381254
0.00047347262
0.0004731466
0.00047282718
0.0004725068
0.00047217797
0.00047183349
0.00047146663
0.0004710712
0.00047064162
0.00047017292
0.00046966074
0.00046910127
0.00046849128
0.00046782799
0.00046710908
0.00046633263
0.00046549706
0.00046460111
0.00046364379
0.00046262432
0.00046154217
0.00046039695
0.00045918846
0.00045791661
0.00045658146
0.00045518318
0.00045372201
0.00045219834
0.00045061259
0.00044896531
0.00044725708
0.0004454886
0.00044366059
0.00044177387
0.00043982932
0.00043782785
0.00043577046
0.00043365818
0.00043149209
0.00042927333
0.00042700305
0.00042468247
0.00042231282
0.00041989538
0.00041743143
0.00041492229
0.00041236928
0.00040977376
0.00040713708
0.00040446058
0.00040174564
0.0003989936
0.00039620581
0.00039338362
0.00039052836
0.00038764134
0.00038472386
0.0003817772
0.00037880262
0.00037580135
0.00037277459
0.00036972352
0.0003666493
0.00036355304
0.00036043583
0.00035729872
0.00035414275
0.0003509689
0.00034777813
0.00034457136
0.00034134948
0.00033811336
0.0003348638
0.0003316016
0.00032832752
0.00032504227
0.00032174656
0.00031844103
0.00031512632
0.00031180303
0.00030847173
0.00030513296
0.00030178722
0.00029843502
0.0002950768
0.00029171301
0.00028834405
0.00028497031
0.00028159216
0.00027820995
0.00027482398
0.00027143458
0.00026804202
0.00026464657
0.00026124848
0.00025784798
0.00025444528
0.0002510406
0.00024763412
0.00024422602
0.00024081646
0.00023740558
0.00023399353
0.00023058045
0.00022716644
0.00022375161
0.00022033608
0.00021691992
0.00021350323
0.00021008609
0.00020666856
0.00020325071
0.00019983259
0.00019641427
0.00019299579
0.00018957718
0.0001861585
0.00018273978
0.00017932104
0.00017590232
0.00017248363
0.00016906501
0.00016564646
0.00016222801
0.00015880967
0.00015539145
0.00015197336
0.00014855541
0.0001451376
0.00014171994
0.00013830244
0.00013488509
0.0001314679
0.00012805087
0.00012463401
0.00012121729
0.00011780074
0.00011438434
0.00011096809
0.00010755199
0.00010413604
0.00010072023
9.7304564e-05
9.388903e-05
9.0473627e-05
8.7058351e-05
8.3643198e-05
8.0228164e-05
7.6813243e-05
7.3398433e-05
6.9983729e-05
6.6569126e-05
6.3154621e-05
5.9740209e-05
5.6325887e-05
5.2911651e-05
4.9497498e-05
4.6083424e-05
4.2669426e-05
3.9255501e-05
3.5841647e-05
3.242786e-05
2.901414e-05
2.5600485e-05
2.2186893e-05
1.8773364e-05
1.5359899e-05
1.1946497e-05
8.5331553e-06
5.1198883e-06
1.7067842e-06
0.00035271171
0.00035160986
0.0003547166
0.00036425521
0.00037709421
0.00039067711
0.00040402462
0.00041644277
0.00042740897
0.00043673335
0.00044444825
0.0004506853
0.00045562574
0.0004594711
0.0004624193
0.00046465102
0.00046632404
0.00046757155
0.00046850262
0.00046920418
0.00046974367
0.00047017186
0.00047052566
0.00047083073
0.0004711037
0.00047135422
0.00047158662
0.00047180133
0.000471996
0.00047216646
0.00047230741
0.000472413
0.00047247726
0.00047249439
0.00047245896
0.00047236609
0.0004722115
0.00047199152
0.00047170315
0.00047134396
0.00047091211
0.00047040626
0.00046982555
0.00046916947
0.00046843789
0.00046763094
0.000466749
0.00046579263
0.00046476254
0.00046365956
0.00046248461
0.00046123867
0.0004599228
0.00045853806
0.00045708555
0.0004555664
0.00045398175
0.00045233273
0.00045062051
0.00044884626
0.00044701113
0.00044511633
0.00044316305
0.00044115248
0.00043908587
0.00043696443
0.00043478941
0.00043256209
0.00043028372
0.0004279556
0.00042557903
0.00042315532
0.00042068579
0.00041817176
0.00041561457
0.00041301555
0.00041037604
0.00040769738
0.0004049809
0.00040222792
0.00039943976
0.00039661774
0.00039376313
0.00039087723
0.00038796128
0.00038501654
0.00038204422
0.00037904553
0.00037602163
0.00037297367
0.00036990277
0.00036681003
0.00036369649
0.00036056319
0.00035741114
0.0003542413
0.0003510546
0.00034785196
0.00034463424
0.00034140228
0.00033815689
0.00033489885
0.0003316289
0.00032834775
0.00032505609
0.00032175456
0.00031844379
0.00031512436
0.00031179685
0.00030846179
0.00030511968
0.00030177102
0.00029841625
0.00029505581
0.00029169012
0.00028831954
0.00028494446
0.00028156522
0.00027818213
0.0002747955
0.00027140561
0.00026801274
0.00026461713
0.00026121902
0.00025781862
0.00025441614
0.00025101178
0.0002476057
0.00024419807
0.00024078904
0.00023737877
0.00023396737
0.00023055497
0.00022714168
0.00022372761
0.00022031284
0.00021689747
0.00021348158
0.00021006524
0.00020664852
0.00020323147
0.00019981416
0.00019639663
0.00019297893
0.0001895611
0.00018614317
0.00018272519
0.00017930718
0.00017588916
0.00017247116
0.0001690532
0.0001656353
0.00016221748
0.00015879974
0.0001553821
0.00015196457
0.00014854715
0.00014512986
0.00014171269
0.00013829566
0.00013487876
0.00013146201
0.00012804538
0.0001246289
0.00012121256
0.00011779635
0.00011438029
0.00011096435
0.00010754855
0.00010413288
0.00010071733
9.7301907e-05
9.3886605e-05
9.0471419e-05
8.7056346e-05
8.3641383e-05
8.0226525e-05
7.681177e-05
7.3397112e-05
6.998255e-05
6.6568078e-05
6.3153693e-05
5.9739393e-05
5.6325173e-05
5.291103e-05
4.9496962e-05
4.6082965e-05
4.2669036e-05
3.9255174e-05
3.5841375e-05
3.2427639e-05
2.9013962e-05
2.5600345e-05
2.2186786e-05
1.8773286e-05
1.5359844e-05
1.1946461e-05
8.5331338e-06
5.1198755e-06
1.7067813e-06
0.00035204888
0.00034804848
0.00034966029
0.00035855582
0.00037005861
0.00038206034
0.000393941
0.00040502388
0.00041487392
0.00042339677
0.00043064893
0.0004367404
0.00044181213
0.00044601711
0.00044950352
0.00045240609
0.00045484275
0.00045691354
0.00045870086
0.00046027076
0.00046167466
0.00046295134
0.00046412887
0.00046522652
0.00046625646
0.00046722528
0.00046813539
0.00046898607
0.00046977448
0.00047049644
0.00047114701
0.000471721
0.00047221335
0.00047261938
0.00047293494
0.00047315659
0.00047328158
0.00047330791
0.0004732343
0.00047306013
0.00047278538
0.00047241058
0.00047193669
0.0004713651
0.00047069747
0.00046993574
0.00046908199
0.00046813846
0.00046710745
0.00046599133
0.00046479244
0.00046351311
0.00046215566
0.00046072233
0.0004592153
0.00045763669
0.00045598855
0.00045427285
0.0004524915
0.00045064633
0.00044873914
0.00044677163
0.00044474548
0.00044266232
0.00044052373
0.00043833126
0.00043608643
0.00043379074
0.00043144564
0.00042905258
0.000426613
0.0004241283
0.00042159989
0.00041902914
0.00041641742
0.0004137661
0.00041107651
0.00040834999
0.00040558784
0.00040279137
0.00039996186
0.00039710056
0.00039420874
0.00039128761
0.00038833838
0.00038536223
0.00038236032
0.00037933377
0.00037628371
0.00037321121
0.00037011733
0.00036700308
0.00036386948
0.00036071747
0.00035754801
0.00035436199
0.00035116029
0.00034794376
0.00034471321
0.00034146942
0.00033821316
0.00033494513
0.00033166603
0.00032837653
0.00032507726
0.00032176882
0.0003184518
0.00031512674
0.00031179417
0.00030845458
0.00030510845
0.00030175622
0.00029839832
0.00029503515
0.00029166709
0.0002882945
0.00028491771
0.00028153704
0.00027815279
0.00027476525
0.00027137467
0.00026798131
0.00026458539
0.00026118713
0.00025778673
0.00025438439
0.00025098028
0.00024757455
0.00024416737
0.00024075888
0.0002373492
0.00023393846
0.00023052678
0.00022711424
0.00022370096
0.00022028701
0.00021687248
0.00021345745
0.00021004197
0.00020662612
0.00020320995
0.00019979351
0.00019637685
0.00019296
0.00018954302
0.00018612593
0.00018270877
0.00017929155
0.00017587432
0.00017245708
0.00016903986
0.00016562268
0.00016220555
0.00015878848
0.00015537149
0.00015195458
0.00014853777
0.00014512105
0.00014170444
0.00013828794
0.00013487155
0.00013145527
0.00012803911
0.00012462307
0.00012120714
0.00011779133
0.00011437564
0.00011096006
0.00010754459
0.00010412923
0.00010071399
9.7298846e-05
9.3883807e-05
9.046887e-05
8.705403e-05
8.3639284e-05
8.0224629e-05
7.6810063e-05
7.3395582e-05
6.9981182e-05
6.6566862e-05
6.3152618e-05
5.9738447e-05
5.6324346e-05
5.2910312e-05
4.9496343e-05
4.6082436e-05
4.266859e-05
3.9254801e-05
3.5841069e-05
3.2427391e-05
2.9013766e-05
2.5600194e-05
2.2186674e-05
1.8773206e-05
1.5359791e-05
1.1946428e-05
8.5331158e-06
5.1198645e-06
1.7067711e-06
0.00035501807
0.00033490996
0.00033670331
0.00034972664
0.0003617472
0.00037295529
0.00038400676
0.00039419611
0.00040317198
0.00041099397
0.00041778613
0.00042366698
0.00042876135
0.00043319312
0.00043707547
0.00044050784
0.00044357553
0.00044634998
0.0004488894
0.00045123992
0.00045343687
0.00045550626
0.00045746613
0.00045932798
0.000461098
0.0004627783
0.00046436787
0.00046586355
0.00046726078
0.00046855421
0.00046973824
0.00047080744
0.00047175683
0.00047258209
0.00047327973
0.00047384716
0.00047428271
0.0004745856
0.00047475592
0.00047479455
0.00047470309
0.00047448372
0.00047413915
0.00047367252
0.00047308727
0.0004723871
0.00047157586
0.00047065749
0.00046963596
0.00046851521
0.00046729915
0.00046599156
0.00046459612
0.00046311636
0.00046155568
0.00045991732
0.00045820433
0.00045641965
0.00045456605
0.00045264613
0.0004506624
0.00044861719
0.00044651276
0.00044435121
0.00044213458
0.00043986479
0.0004375437
0.00043517309
0.00043275465
0.00043029005
0.00042778088
0.00042522868
0.00042263495
0.00042000117
0.00041732876
0.00041461912
0.0004118736
0.00040909354
0.00040628024
0.00040343499
0.00040055903
0.0003976536
0.00039471988
0.00039175905
0.00038877226
0.00038576064
0.00038272526
0.0003796672
0.0003765875
0.00037348717
0.00037036719
0.00036722852
0.00036407208
0.00036089878
0.00035770946
0.00035450499
0.00035128615
0.00034805374
0.0003448085
0.00034155115
0.00033828239
0.00033500288
0.00033171325
0.00032841411
0.00032510606
0.00032178963
0.00031846535
0.00031513374
0.00031179527
0.00030845039
0.00030509953
0.00030174311
0.00029838151
0.00029501509
0.00029164421
0.00028826918
0.00028489031
0.0002815079
0.00027812222
0.00027473351
0.00027134202
0.00026794798
0.00026455159
0.00026115306
0.00025775255
0.00025435026
0.00025094633
0.00024754091
0.00024413415
0.00024072616
0.00023731708
0.00023390701
0.00023049605
0.00022708429
0.00022367183
0.00022025875
0.0002168451
0.00021343098
0.00021001643
0.00020660151
0.00020318627
0.00019977077
0.00019635504
0.00019293913
0.00018952307
0.00018610688
0.0001826906
0.00017927426
0.00017585788
0.00017244148
0.00016902507
0.00016560867
0.00016219231
0.00015877598
0.0001553597
0.00015194348
0.00014852732
0.00014511124
0.00014169524
0.00013827932
0.00013486349
0.00013144775
0.0001280321
0.00012461654
0.00012120107
0.0001177857
0.00011437042
0.00011095524
0.00010754015
0.00010412514
0.00010071023
9.7295399e-05
9.3880657e-05
9.0465996e-05
8.7051416e-05
8.3636914e-05
8.0222488e-05
7.6808134e-05
7.3393851e-05
6.9979637e-05
6.6565488e-05
6.3151402e-05
5.9737377e-05
5.6323411e-05
5.2909501e-05
4.9495645e-05
4.6081842e-05
4.2668089e-05
3.9254385e-05
3.5840729e-05
3.2427118e-05
2.9013553e-05
2.5600033e-05
2.2186557e-05
1.8773126e-05
1.5359739e-05
1.1946398e-05
8.5331006e-06
5.1198544e-06
1.706752e-06
0.00041389216
0.00032484264
0.0003145017
0.00033434156
0.00035028244
0.00036276028
0.00037402783
0.00038393522
0.00039243365
0.00039977408
0.00040618985
0.00041185211
0.00041689992
0.00042144944
0.00042559566
0.00042941555
0.00043297112
0.00043631175
0.00043947576
0.00044249196
0.00044538095
0.00044815633
0.00045082589
0.00045339268
0.000455856
0.00045821234
0.00046045616
0.00046258069
0.00046457847
0.00046644193
0.00046816378
0.00046973737
0.00047115692
0.00047241769
0.00047351609
0.00047444972
0.00047521738
0.00047581901
0.00047625561
0.00047652917
0.00047664253
0.00047659928
0.00047640364
0.00047606031
0.00047557438
0.00047495121
0.00047419636
0.00047331543
0.00047231406
0.00047119783
0.0004699722
0.00046864248
0.0004672138
0.00046569106
0.00046407895
0.0004623819
0.00046060413
0.0004587496
0.00045682202
0.00045482489
0.00045276149
0.0004506349
0.00044844799
0.00044620346
0.00044390385
0.00044155153
0.00043914876
0.00043669764
0.00043420017
0.00043165826
0.00042907371
0.00042644823
0.00042378346
0.00042108098
0.00041834229
0.00041556885
0.00041276205
0.00040992326
0.00040705377
0.00040415486
0.00040122774
0.00039827362
0.00039529364
0.00039228894
0.00038926059
0.00038620966
0.00038313719
0.00038004415
0.00037693153
0.00037380026
0.00037065124
0.00036748537
0.00036430348
0.00036110639
0.00035789491
0.0003546698
0.00035143178
0.00034818158
0.00034491987
0.0003416473
0.0003383645
0.00033507207
0.00033177058
0.00032846059
0.0003251426
0.00032181713
0.00031848464
0.00031514559
0.00031180041
0.0003084495
0.00030509325
0.00030173202
0.00029836616
0.00029499599
0.00029162183
0.00028824396
0.00028486266
0.00028147819
0.00027809078
0.00027470066
0.00027130804
0.00026791314
0.00026451612
0.00026111717
0.00025771645
0.00025431411
0.00025091029
0.00024750512
0.00024409874
0.00024069124
0.00023728274
0.00023387333
0.0002304631
0.00022705214
0.00022364053
0.00022022833
0.00021681562
0.00021340244
0.00020998886
0.00020657493
0.00020316068
0.00019974618
0.00019633144
0.00019291652
0.00018950143
0.00018608621
0.00018267089
0.00017925548
0.00017584002
0.0001724245
0.00016900897
0.00016559342
0.00016217787
0.00015876234
0.00015534683
0.00015193135
0.00014851591
0.00014510052
0.00014168518
0.00013826989
0.00013485467
0.00013143951
0.00012802441
0.00012460938
0.00012119442
0.00011777952
0.0001143647
0.00011094994
0.00010753526
0.00010412064
0.00010070609
9.7291605e-05
9.3877185e-05
9.0462829e-05
8.7048535e-05
8.36343e-05
8.0220124e-05
7.6806005e-05
7.3391941e-05
6.997793e-05
6.656397e-05
6.3150059e-05
5.9736196e-05
5.632238e-05
5.2908607e-05
4.9494877e-05
4.6081189e-05
4.2667541e-05
3.9253931e-05
3.5840359e-05
3.2426824e-05
2.9013325e-05
2.5599863e-05
2.2186435e-05
1.8773044e-05
1.5359689e-05
1.1946371e-05
8.5330881e-06
5.1198456e-06
1.7067241e-06
0.00045898854
0.00035660833
0.00032445944
0.00032719645
0.00034019286
0.00035353565
0.00036500726
0.00037471067
0.00038292928
0.00038995454
0.00039607895
0.00040153587
0.00040649398
0.00041107609
0.00041537252
0.00041944934
0.00042335448
0.00042712223
0.00043077614
0.00043433125
0.00043779567
0.00044117196
0.00044445824
0.00044764918
0.00045073686
0.00045371159
0.00045656256
0.00045927852
0.00046184826
0.00046426104
0.000466507
0.00046857739
0.00047046479
0.00047216326
0.00047366835
0.0004749772
0.00047608842
0.00047700209
0.00047771961
0.0004782436
0.00047857776
0.0004787267
0.00047869584
0.0004784912
0.00047811929
0.00047758698
0.00047690136
0.00047606963
0.00047509904
0.00047399672
0.00047276973
0.00047142487
0.00046996876
0.00046840771
0.00046674775
0.0004649946
0.00046315363
0.00046122994
0.00045922827
0.00045715307
0.00045500849
0.00045279839
0.00045052637
0.00044819576
0.00044580968
0.00044337102
0.00044088248
0.00043834655
0.00043576558
0.00043314175
0.00043047712
0.00042777362
0.00042503304
0.00042225711
0.00041944743
0.00041660554
0.00041373289
0.00041083087
0.00040790081
0.00040494397
0.00040196156
0.00039895475
0.00039592466
0.00039287237
0.0003897989
0.00038670527
0.00038359243
0.00038046131
0.00037731281
0.00037414778
0.00037096707
0.00036777147
0.00036456174
0.00036133864
0.00035810288
0.00035485514
0.00035159609
0.00034832635
0.00034504653
0.00034175722
0.00033845896
0.0003351523
0.00033183773
0.00032851573
0.00032518677
0.00032185129
0.00031850969
0.00031516239
0.00031180974
0.00030845211
0.00030508983
0.00030172323
0.00029835259
0.00029497821
0.00029160035
0.00028821926
0.00028483518
0.00028144833
0.00027805893
0.00027466716
0.00027127321
0.00026787725
0.00026447945
0.00026107995
0.0002576789
0.00025427642
0.00025087264
0.00024746766
0.0002440616
0.00024065455
0.00023724661
0.00023383785
0.00023042836
0.0002270182
0.00022360745
0.00022019616
0.0002167844
0.0002133722
0.00020995963
0.00020654671
0.00020313351
0.00019972004
0.00019630635
0.00019289246
0.0001894784
0.0001860642
0.00018264988
0.00017923545
0.00017582095
0.00017240639
0.00016899177
0.00016557712
0.00016216244
0.00015874775
0.00015533306
0.00015191837
0.00014850369
0.00014508903
0.00014167439
0.00013825978
0.0001348452
0.00013143066
0.00012801615
0.00012460169
0.00012118726
0.00011777288
0.00011435854
0.00011094425
0.00010753
0.00010411579
0.00010070163
9.7287516e-05
9.3873443e-05
9.0459414e-05
8.7045426e-05
8.363148e-05
8.0217573e-05
7.6803706e-05
7.3389878e-05
6.9976086e-05
6.656233e-05
6.3148609e-05
5.9734922e-05
5.6321267e-05
5.2907643e-05
4.949405e-05
4.6080487e-05
4.2666952e-05
3.9253445e-05
3.5839965e-05
3.2426512e-05
2.9013086e-05
2.5599685e-05
2.2186311e-05
1.8772963e-05
1.5359642e-05
1.1946347e-05
8.5330789e-06
5.1198387e-06
1.7066887e-06
-0.00063712236
-6.1216457e-05
0.00017341137
0.00025594326
0.0003038756
0.00033394846
0.00035232483
0.00036473189
0.00037398603
0.0003813226
0.00038745883
0.00039284164
0.00039774004
0.00040232098
0.00040669217
0.00041092333
0.00041505881
0.0004191256
0.00042313834
0.00042710264
0.00043101733
0.00043487616
0.00043866905
0.00044238319
0.0004460039
0.00044951543
0.00045290155
0.00045614622
0.000459234
0.00046215048
0.00046488259
0.00046741888
0.00046974964
0.00047186706
0.00047376523
0.00047544018
0.00047688978
0.00047811368
0.00047911314
0.00047989094
0.00048045118
0.00048079911
0.00048094094
0.00048088369
0.00048063501
0.00048020301
0.00047959612
0.00047882294
0.00047789215
0.00047681237
0.00047559208
0.00047423958
0.00047276288
0.00047116969
0.00046946735
0.00046766285
0.00046576279
0.00046377336
0.00046170039
0.0004595493
0.00045732514
0.00045503261
0.00045267607
0.00045025953
0.00044778673
0.00044526112
0.00044268586
0.0004400639
0.00043739797
0.00043469056
0.00043194402
0.00042916051
0.00042634202
0.00042349044
0.00042060751
0.00041769486
0.00041475403
0.00041178645
0.00040879348
0.0004057764
0.00040273641
0.00039967468
0.00039659228
0.00039349025
0.00039036959
0.00038723124
0.0003840761
0.00038090503
0.00037771885
0.00037451835
0.00037130429
0.00036807739
0.00036483835
0.00036158782
0.00035832645
0.00035505484
0.00035177356
0.00034848318
0.00034518422
0.00034187719
0.00033856256
0.0003352408
0.00033191235
0.00032857761
0.00032523699
0.00032189086
0.00031853957
0.00031518346
0.00031182284
0.00030845803
0.0003050893
0.00030171692
0.00029834115
0.00029496222
0.00029158037
0.00028819579
0.00028480869
0.00028141925
0.00027802765
0.00027463405
0.00027123861
0.00026784146
0.00026444275
0.00026104259
0.00025764111
0.0002542384
0.00025083458
0.00024742973
0.00024402394
0.0002406173
0.00023720988
0.00023380174
0.00023039296
0.00022698359
0.00022357369
0.0002201633
0.00021675248
0.00021334126
0.0002099297
0.00020651781
0.00020310565
0.00019969323
0.00019628059
0.00019286775
0.00018945474
0.00018604157
0.00018262827
0.00017921486
0.00017580134
0.00017238774
0.00016897406
0.00016556033
0.00016214654
0.00015873272
0.00015531886
0.00015190498
0.00014849108
0.00014507717
0.00014166326
0.00013824934
0.00013483543
0.00013142152
0.00012800762
0.00012459373
0.00012117986
0.00011776601
0.00011435217
0.00011093835
0.00010752455
0.00010411077
0.00010069701
9.7283276e-05
9.3869562e-05
9.045587e-05
8.7042199e-05
8.3628551e-05
8.0214924e-05
7.6801318e-05
7.3387733e-05
6.9974169e-05
6.6560625e-05
6.31471e-05
5.9733594e-05
5.6320107e-05
5.2906638e-05
4.9493187e-05
4.6079753e-05
4.2666336e-05
3.9252936e-05
3.5839551e-05
3.2426183e-05
2.9012831e-05
2.5599495e-05
2.2186175e-05
1.8772872e-05
1.5359585e-05
1.1946315e-05
8.5330604e-06
5.1198224e-06
1.7066406e-06
-0.00022641493
2.7942821e-05
0.00017523087
0.00024781274
0.00029409008
0.00032440214
0.00034380497
0.00035699853
0.00036664906
0.00037412928
0.00038027494
0.00038561223
0.0003904633
0.00039502765
0.00039943072
0.00040375032
0.00040803278
0.00041230318
0.00041657199
0.00042083933
0.00042509788
0.000429335
0.00043353428
0.00043767678
0.000441742
0.00044570869
0.00044955557
0.0004532619
0.00045680798
0.00046017553
0.00046334803
0.00046631093
0.00046905188
0.00047156075
0.00047382971
0.00047585323
0.00047762794
0.0004791526
0.00048042791
0.00048145635
0.000482242
0.00048279034
0.00048310805
0.0004832028
0.00048308306
0.00048275791
0.00048223686
0.00048152971
0.00048064638
0.00047959679
0.00047839076
0.00047703792
0.00047554762
0.00047392887
0.0004721903
0.00047034012
0.00046838612
0.0004663356
0.00046419545
0.00046197209
0.00045967147
0.00045729916
0.00045486029
0.00045235959
0.00044980144
0.00044718986
0.00044452856
0.00044182094
0.00043907012
0.00043627897
0.00043345013
0.00043058603
0.0004276889
0.0004247608
0.00042180361
0.00041881911
0.00041580892
0.00041277453
0.00040971737
0.00040663872
0.00040353982
0.00040042181
0.00039728575
0.00039413266
0.00039096349
0.00038777912
0.00038458041
0.00038136815
0.00037814311
0.00037490599
0.00037165748
0.00036839823
0.00036512886
0.00036184994
0.00035856203
0.00035526566
0.00035196132
0.00034864951
0.00034533065
0.0003420052
0.00033867354
0.00033533607
0.00033199316
0.00032864514
0.00032529235
0.0003219351
0.00031857367
0.00031520835
0.0003118394
0.00030846705
0.00030509155
0.00030171311
0.00029833193
0.00029494821
0.00029156213
0.00028817385
0.00028478353
0.00028139133
0.00027799738
0.00027460181
0.00027120474
0.00026780629
0.00026440655
0.00026100564
0.00025760364
0.00025420063
0.0002507967
0.00024739191
0.00024398635
0.00024058006
0.00023717312
0.00023376557
0.00023035746
0.00022694885
0.00022353977
0.00022013027
0.00021672037
0.00021331013
0.00020989956
0.0002064887
0.00020307757
0.0001996662
0.00019625461
0.00019284282
0.00018943085
0.00018601872
0.00018260644
0.00017919404
0.00017578151
0.00017236888
0.00016895615
0.00016554334
0.00016213045
0.00015871749
0.00015530448
0.00015189142
0.00014847831
0.00014506515
0.00014165197
0.00013823875
0.00013482551
0.00013141224
0.00012799896
0.00012458566
0.00012117235
0.00011775903
0.00011434569
0.00011093236
0.00010751901
0.00010410567
0.00010069232
9.7278966e-05
9.3865615e-05
9.0452266e-05
8.7038917e-05
8.3625571e-05
8.0212227e-05
7.6798886e-05
7.3385549e-05
6.9972216e-05
6.6558886e-05
6.3145561e-05
5.973224e-05
5.6318924e-05
5.2905612e-05
4.9492305e-05
4.6079002e-05
4.2665705e-05
3.9252413e-05
3.5839126e-05
3.2425844e-05
2.9012567e-05
2.5599296e-05
2.2186031e-05
1.8772772e-05
1.5359519e-05
1.1946273e-05
8.5330332e-06
5.1197981e-06
1.7065821e-06
2.1596819e-05
0.0001147158
0.00019461158
0.0002514048
0.00029145772
0.00031898367
0.00033773411
0.00035091715
0.00036062282
0.00036813045
0.00037426864
0.00037957389
0.00038438944
0.00038893432
0.00039334798
0.00039771698
0.00040209218
0.00040650006
0.00041095018
0.00041544019
0.00041995928
0.00042449067
0.00042901344
0.00043350399
0.00043793708
0.00044228685
0.00044652752
0.00045063406
0.00045458269
0.00045835135
0.00046192
0.00046527089
0.00046838877
0.00047126094
0.00047387733
0.00047623047
0.00047831544
0.0004801297
0.000481673
0.00048294715
0.00048395584
0.00048470444
0.00048519973
0.00048544972
0.00048546342
0.00048525058
0.00048482158
0.00048418717
0.00048335832
0.00048234609
0.0004811615
0.00047981537
0.00047831829
0.00047668049
0.00047491183
0.00047302169
0.000471019
0.00046891218
0.00046670915
0.00046441732
0.00046204359
0.00045959436
0.00045707557
0.0004544927
0.00045185078
0.00044915446
0.00044640799
0.00044361524
0.0004407798
0.00043790491
0.00043499354
0.00043204842
0.00042907203
0.00042606663
0.0004230343
0.00041997693
0.00041689628
0.00041379392
0.00041067133
0.00040752986
0.00040437075
0.00040119515
0.00039800413
0.00039479867
0.0003915797
0.00038834805
0.00038510453
0.00038184988
0.0003785848
0.00037530993
0.00037202588
0.00036873323
0.00036543252
0.00036212425
0.0003588089
0.00035548691
0.0003521587
0.00034882468
0.00034548521
0.00034214065
0.00033879133
0.00033543756
0.00033207963
0.00032871781
0.00032535237
0.00032198355
0.00031861158
0.00031523667
0.00031185902
0.00030847882
0.00030509624
0.00030171146
0.00029832462
0.00029493588
0.00029154536
0.00028815318
0.00028475948
0.00028136435
0.00027796791
0.00027457023
0.00027117142
0.00026777155
0.00026437071
0.00026096895
0.00025756636
0.00025416298
0.00025075888
0.00024735411
0.00024394872
0.00024054276
0.00023713626
0.00023372926
0.00023032181
0.00022691393
0.00022350566
0.00022009703
0.00021668805
0.00021327877
0.00020986919
0.00020645935
0.00020304925
0.00019963893
0.00019622839
0.00019281765
0.00018940673
0.00018599564
0.00018258439
0.00017917299
0.00017576146
0.00017234981
0.00016893803
0.00016552615
0.00016211417
0.00015870209
0.00015528993
0.00015187769
0.00014846537
0.00014505299
0.00014164054
0.00013822803
0.00013481547
0.00013140285
0.00012799019
0.00012457748
0.00012116474
0.00011775195
0.00011433913
0.00011092628
0.0001075134
0.00010410049
0.00010068756
9.7274596e-05
9.3861614e-05
9.0448611e-05
8.7035589e-05
8.3622549e-05
8.0209493e-05
7.6796421e-05
7.3383336e-05
6.9970237e-05
6.6557125e-05
6.3144002e-05
5.9730869e-05
5.6317726e-05
5.2904573e-05
4.9491413e-05
4.6078244e-05
4.2665069e-05
3.9251886e-05
3.5838698e-05
3.2425503e-05
2.9012304e-05
2.5599099e-05
2.2185889e-05
1.8772676e-05
1.5359458e-05
1.1946236e-05
8.53301e-06
5.1197781e-06
1.7065251e-06
8.5198676e-05
0.00015414214
0.00021333481
0.00025905201
0.0002928591
0.00031708405
0.00033432902
0.00034682851
0.00035618775
0.00036350232
0.0003695158
0.0003747304
0.00037947955
0.00038398201
0.00038838062
0.00039276584
0.00039719155
0.00040168589
0.00040625872
0.00041090684
0.00041561765
0.0004203719
0.00042514569
0.00042991206
0.00043464223
0.00043930663
0.00044387576
0.00044832088
0.0004526146
0.00045673135
0.00046064777
0.00046434299
0.00046779884
0.00047099999
0.00047393397
0.00047659122
0.00047896496
0.00048105116
0.00048284828
0.0004843572
0.00048558091
0.00048652435
0.0004871941
0.00048759823
0.00048774596
0.00048764751
0.00048731383
0.0004867564
0.00048598704
0.00048501776
0.00048386056
0.00048252736
0.00048102982
0.00047937931
0.00047758678
0.00047566274
0.00047361719
0.00047145961
0.00046919892
0.00046684349
0.00046440114
0.00046187911
0.00045928416
0.00045662249
0.00045389982
0.00045112141
0.00044829208
0.00044541623
0.00044249787
0.00043954067
0.00043654796
0.00043352277
0.00043046785
0.0004273857
0.00042427859
0.00042114858
0.00041799754
0.00041482718
0.00041163904
0.00040843452
0.00040521491
0.00040198138
0.000398735
0.00039547673
0.00039220749
0.00038892807
0.00038563924
0.00038234169
0.00037903606
0.00037572293
0.00037240285
0.00036907631
0.00036574378
0.0003624057
0.00035906245
0.00035571441
0.00035236193
0.00034900531
0.00034564486
0.00034228084
0.00033891352
0.00033554313
0.00033216988
0.00032879399
0.00032541565
0.00032203502
0.00031865227
0.00031526756
0.00031188101
0.00030849278
0.00030510296
0.00030171169
0.00029831905
0.00029492514
0.00029153006
0.00028813388
0.00028473669
0.00028133854
0.00027793951
0.00027453965
0.00027113902
0.00026773767
0.00026433565
0.00026093299
0.00025752975
0.00025412596
0.00025072164
0.00024731685
0.00024391159
0.00024050591
0.00023709982
0.00023369335
0.00023028652
0.00022687935
0.00022347187
0.00022006408
0.000216656
0.00021324766
0.00020983905
0.00020643021
0.00020302113
0.00019961184
0.00019620234
0.00019279264
0.00018938276
0.0001859727
0.00018256246
0.00017915207
0.00017574153
0.00017233084
0.00016892001
0.00016550905
0.00016209797
0.00015868677
0.00015527545
0.00015186403
0.0001484525
0.00014504088
0.00014162916
0.00013821736
0.00013480547
0.0001313935
0.00012798146
0.00012456934
0.00012115716
0.00011774491
0.0001143326
0.00011092024
0.00010750782
0.00010409534
0.00010068282
9.7270248e-05
9.3857632e-05
9.0444975e-05
8.7032278e-05
8.3619544e-05
8.0206774e-05
7.679397e-05
7.3381134e-05
6.9968269e-05
6.6555375e-05
6.3142454e-05
5.9729507e-05
5.6316536e-05
5.2903543e-05
4.9490528e-05
4.6077493e-05
4.2664439e-05
3.9251366e-05
3.5838275e-05
3.2425168e-05
2.9012045e-05
2.5598906e-05
2.2185752e-05
1.8772583e-05
1.53594e-05
1.1946202e-05
8.5329903e-06
5.1197616e-06
1.7064731e-06
9.7255025e-05
0.00018470199
0.00023747853
0.00027329135
0.00029973076
0.00031937074
0.00033398709
0.00034501676
0.00035354742
0.00036038031
0.00036609509
0.00037110941
0.00037571958
0.00038012892
0.00038447207
0.00038883565
0.00039327208
0.00039780904
0.00040245601
0.00040720907
0.0004120545
0.00041697145
0.00042193402
0.00042691291
0.00043187672
0.00043679306
0.00044162947
0.00044635415
0.00045093665
0.00045534834
0.00045956288
0.0004635565
0.0004673083
0.00047080037
0.00047401788
0.00047694909
0.00047958531
0.00048192082
0.00048395267
0.00048568055
0.00048710655
0.0004882349
0.00048907179
0.00048962503
0.00048990386
0.00048991867
0.00048968076
0.00048920211
0.00048849517
0.00048757268
0.00048644748
0.00048513238
0.00048363999
0.00048198265
0.00048017233
0.00047822052
0.00047613824
0.00047393592
0.00047162344
0.00046921008
0.00046670453
0.00046411488
0.00046144864
0.00045871274
0.00045591359
0.00045305705
0.00045014852
0.00044719291
0.0004441947
0.00044115797
0.00043808643
0.00043498343
0.00043185202
0.00042869493
0.00042551466
0.00042231343
0.00041909327
0.00041585601
0.00041260327
0.00040933655
0.00040605717
0.00040276633
0.00039946511
0.0003961545
0.00039283536
0.0003895085
0.00038617464
0.00038283441
0.00037948841
0.00037613717
0.00037278116
0.00036942083
0.00036605657
0.00036268872
0.00035931762
0.00035594356
0.00035256681
0.00034918761
0.00034580617
0.0003424227
0.00033903737
0.00033565035
0.00033226178
0.0003288718
0.00032548053
0.00032208807
0.00031869453
0.0003153
0.00031190454
0.00030850824
0.00030511117
0.00030171337
0.0002983149
0.00029491582
0.00029151615
0.00028811594
0.00028471522
0.00028131403
0.00027791238
0.00027451031
0.00027110783
0.00026770497
0.00026430174
0.00026089816
0.00025749424
0.00025409
0.00025068544
0.00024728059
0.00024387544
0.00024047
0.00023706429
0.00023365832
0.00023025209
0.0002268456
0.00022343887
0.00022003189
0.00021662469
0.00021321725
0.0002098096
0.00020640173
0.00020299364
0.00019958536
0.00019617687
0.00019276818
0.00018935931
0.00018595025
0.00018254102
0.00017913161
0.00017572203
0.00017231229
0.00016890238
0.00016549233
0.00016208212
0.00015867177
0.00015526128
0.00015185066
0.00014843991
0.00014502903
0.00014161803
0.00013820692
0.00013479569
0.00013138436
0.00012797292
0.00012456138
0.00012114975
0.00011773803
0.00011432622
0.00011091433
0.00010750236
0.00010409031
0.00010067819
9.7265999e-05
9.3853743e-05
9.0441424e-05
8.7029045e-05
8.3616609e-05
8.0204119e-05
7.6791578e-05
7.3378987e-05
6.9966349e-05
6.6553668e-05
6.3140944e-05
5.972818e-05
5.6315378e-05
5.290254e-05
4.9489667e-05
4.6076762e-05
4.2663826e-05
3.925086e-05
3.5837865e-05
3.2424843e-05
2.9011794e-05
2.559872e-05
2.218562e-05
1.8772495e-05
1.5359345e-05
1.1946171e-05
8.5329734e-06
5.1197478e-06
1.7064293e-06
0.00031310533
0.00028151817
0.00028333099
0.0002976217
0.00031259704
0.00032575287
0.00033667229
0.00034553469
0.00035275494
0.00035877377
0.00036397186
0.0003686478
0.00037302642
0.00037727351
0.00038150675
0.00038580325
0.00039020897
0.0003947477
0.00039942662
0.00040424025
0.00040917349
0.00041420406
0.00041930448
0.00042444369
0.00042958829
0.00043470373
0.0004397552
0.00044470846
0.00044953049
0.00045419006
0.00045865822
0.00046290861
0.00046691783
0.00047066553
0.0004741346
0.00047731118
0.00048018464
0.00048274749
0.00048499526
0.00048692632
0.00048854166
0.00048984467
0.00049084085
0.00049153762
0.00049194397
0.00049207025
0.00049192788
0.00049152915
0.00049088692
0.00049001449
0.00048892534
0.00048763301
0.00048615092
0.00048449224
0.00048266983
0.00048069607
0.00047858288
0.0004763416
0.000473983
0.00047151721
0.00046895375
0.0004663015
0.00046356873
0.00046076309
0.00045789163
0.00045496085
0.0004519767
0.00044894462
0.00044586957
0.00044275606
0.00043960816
0.00043642959
0.00043322368
0.00042999345
0.00042674159
0.00042347055
0.00042018252
0.00041687943
0.00041356306
0.00041023495
0.00040689651
0.00040354897
0.00040019346
0.00039683094
0.00039346231
0.00039008833
0.0003867097
0.00038332703
0.00037994086
0.00037655167
0.00037315989
0.00036976587
0.00036636996
0.00036297245
0.00035957357
0.00035617355
0.00035277259
0.00034937084
0.00034596845
0.00034256554
0.00033916222
0.00033575859
0.00033235471
0.00032895065
0.00032554646
0.00032214218
0.00031873785
0.0003153335
0.00031192913
0.00030852478
0.00030512044
0.00030171612
0.00029831182
0.00029490755
0.00029150329
0.00028809904
0.0002846948
0.00028129055
0.00027788628
0.00027448198
0.00027107764
0.00026767326
0.00026426881
0.00026086428
0.00025745967
0.00025405496
0.00025065014
0.00024724521
0.00024384014
0.00024043494
0.0002370296
0.00023362409
0.00023021843
0.0002268126
0.0002234066
0.00022000042
0.00021659406
0.00021318752
0.00020978079
0.00020637387
0.00020296675
0.00019955945
0.00019615195
0.00019274426
0.00018933637
0.0001859283
0.00018252004
0.00017911159
0.00017570295
0.00017229414
0.00016888514
0.00016547597
0.00016206663
0.00015865711
0.00015524743
0.0001518376
0.0001484276
0.00014501745
0.00014160716
0.00013819672
0.00013478614
0.00013137542
0.00012796458
0.00012455361
0.00012114252
0.00011773131
0.00011431999
0.00011090856
0.00010749703
0.0001040854
0.00010067368
9.7261859e-05
9.3849955e-05
9.0437967e-05
8.7025899e-05
8.3613755e-05
8.0201539e-05
7.6789253e-05
7.3376902e-05
6.9964488e-05
6.6552013e-05
6.3139482e-05
5.9726896e-05
5.6314259e-05
5.2901573e-05
4.9488839e-05
4.6076061e-05
4.266324e-05
3.9250379e-05
3.5837478e-05
3.2424539e-05
2.9011563e-05
2.5598551e-05
2.2185504e-05
1.8772422e-05
1.5359306e-05
1.1946156e-05
8.5329719e-06
5.1197485e-06
1.7064053e-06
0.00033119911
0.00031087877
0.0003082819
0.00031543906
0.00032443186
0.00033319343
0.00034105649
0.000347833
0.00035363415
0.00035868262
0.00036320978
0.00036741728
0.00037146769
0.00037548155
0.00037954592
0.00038372226
0.00038804933
0.00039254479
0.0003972115
0.00040204108
0.00040701635
0.00041211332
0.00041730294
0.00042255255
0.00042782715
0.00043309043
0.00043830573
0.00044343682
0.0004484486
0.00045330768
0.00045798291
0.00046244571
0.00046667042
0.00047063455
0.00047431887
0.00047770753
0.000480788
0.00048355109
0.00048599076
0.00048810399
0.0004898906
0.00049135296
0.00049249581
0.00049332594
0.00049385194
0.00049408392
0.00049403324
0.00049371227
0.00049313411
0.00049231242
0.00049126115
0.00048999439
0.00048852618
0.00048687042
0.00048504068
0.00048305014
0.0004809115
0.0004786369
0.00047623791
0.00047372545
0.0004711098
0.00046840059
0.00046560679
0.00046273673
0.0004597981
0.000456798
0.00045374292
0.00045063883
0.00044749114
0.0004443048
0.00044108427
0.00043783361
0.00043455646
0.00043125611
0.0004279355
0.00042459728
0.00042124379
0.00041787715
0.00041449922
0.00041111167
0.00040771596
0.00040431338
0.00040090509
0.0003974921
0.00039407527
0.00039065539
0.00038723312
0.00038380904
0.00038038367
0.00037695742
0.00037353068
0.00037010375
0.00036667691
0.00036325037
0.00035982432
0.0003563989
0.00035297425
0.00034955044
0.00034612755
0.00034270564
0.00033928473
0.00033586485
0.000332446
0.00032902817
0.00032561135
0.00032219551
0.00031878064
0.00031536669
0.00031195362
0.00030854139
0.00030512995
0.00030171926
0.00029830927
0.00029489993
0.00029149119
0.000288083
0.00028467531
0.00028126808
0.00027786125
0.00027445478
0.00027104863
0.00026764276
0.00026423712
0.00026083167
0.00025742638
0.00025402121
0.00025061614
0.00024721112
0.00024380614
0.00024040116
0.00023699615
0.00023359111
0.000230186
0.00022678081
0.00022337551
0.0002199701
0.00021656456
0.00021315887
0.00020975303
0.00020634703
0.00020294085
0.0001995345
0.00019612796
0.00019272122
0.0001893143
0.00018590717
0.00018249985
0.00017909233
0.00017568461
0.00017227668
0.00016886856
0.00016546024
0.00016205173
0.00015864303
0.00015523413
0.00015182505
0.00014841578
0.00014500634
0.00014159672
0.00013818693
0.00013477697
0.00013136686
0.00012795658
0.00012454616
0.00012113559
0.00011772488
0.00011431403
0.00011090305
0.00010749194
0.00010408071
0.00010066936
9.7257903e-05
9.3846336e-05
9.0434666e-05
8.7022897e-05
8.3611033e-05
8.019908e-05
7.678704e-05
7.3374918e-05
6.9962717e-05
6.6550442e-05
6.3138095e-05
5.972568e-05
5.63132e-05
5.2900659e-05
4.9488059e-05
4.6075402e-05
4.2662692e-05
3.924993e-05
3.5837118e-05
3.2424258e-05
2.9011353e-05
2.5598401e-05
2.2185405e-05
1.8772366e-05
1.5359282e-05
1.1946154e-05
8.5329847e-06
5.1197645e-06
1.7064002e-06
0.00033630972
0.00032822816
0.00032659409
0.00033017406
0.00033542867
0.00034103832
0.00034642445
0.0003513384
0.00035576941
0.00035981773
0.00036361441
0.00036728582
0.00037093979
0.00037466069
0.00037850978
0.00038252699
0.00038673733
0.00039115269
0.00039577074
0.00040057918
0.00040555805
0.0004106813
0.00041591815
0.00042123446
0.00042659379
0.00043195838
0.0004372901
0.00044255116
0.00044770482
0.00045271598
0.00045755169
0.00046218153
0.00046657802
0.00047071678
0.00047457677
0.00047814035
0.0004813933
0.00048432483
0.00048692742
0.00048919672
0.00049113135
0.00049273265
0.00049400448
0.00049495295
0.00049558609
0.00049591365
0.00049594678
0.00049569775
0.00049517975
0.0004944066
0.00049339255
0.00049215207
0.00049069968
0.00048904981
0.00048721662
0.00048521393
0.00048305509
0.00048075293
0.0004783197
0.00047576701
0.00047310583
0.00047034644
0.00046749845
0.00046457081
0.00046157181
0.00045850908
0.00045538965
0.00045221996
0.00044900588
0.00044575276
0.00044246545
0.00043914832
0.00043580533
0.00043244003
0.00042905561
0.00042565492
0.00042224048
0.00041881455
0.00041537913
0.00041193598
0.00040848665
0.0004050325
0.00040157471
0.00039811432
0.00039465222
0.00039118919
0.00038772587
0.00038426284
0.00038080056
0.00037733942
0.00037387976
0.00037042182
0.00036696584
0.00036351195
0.0003600603
0.00035661095
0.00035316398
0.00034971939
0.00034627719
0.00034283738
0.0003393999
0.00033596472
0.00033253177
0.00032910099
0.00032567229
0.00032224559
0.0003188208
0.00031539783
0.00031197658
0.00030855696
0.00030513887
0.0003017222
0.00029830688
0.00029489279
0.00029147986
0.00028806798
0.00028465707
0.00028124705
0.00027783783
0.00027442934
0.0002710215
0.00026761424
0.00026420749
0.00026080119
0.00025739528
0.00025398969
0.00025058438
0.0002471793
0.0002437744
0.00024036964
0.00023696497
0.00023356036
0.00023015577
0.00022675118
0.00022334655
0.00021994186
0.00021653709
0.00021313221
0.00020972721
0.00020632207
0.00020291677
0.0001995113
0.00019610565
0.00019269982
0.00018929379
0.00018588755
0.00018248111
0.00017907445
0.00017566758
0.0001722605
0.00016885319
0.00016544567
0.00016203793
0.00015862997
0.00015522181
0.00015181343
0.00014840484
0.00014499605
0.00014158706
0.00013817788
0.0001347685
0.00013135894
0.0001279492
0.00012453928
0.00012112919
0.00011771894
0.00011430853
0.00011089796
0.00010748725
0.00010407639
0.00010066539
9.7254265e-05
9.384301e-05
9.0431634e-05
8.7020141e-05
8.3608536e-05
8.0196825e-05
7.6785011e-05
7.33731e-05
6.9961096e-05
6.6549003e-05
6.3136826e-05
5.9724568e-05
5.6312233e-05
5.2899824e-05
4.9487345e-05
4.60748e-05
4.266219e-05
3.9249519e-05
3.5836789e-05
3.2424002e-05
2.9011159e-05
2.5598263e-05
2.2185314e-05
1.8772313e-05
1.5359259e-05
1.1946154e-05
8.5329979e-06
5.1197823e-06
1.7064066e-06
0.00034855784
0.00034333391
0.00034136223
0.00034265792
0.00034539942
0.00034870717
0.00035214233
0.00035548991
0.00035870127
0.00036181416
0.00036489769
0.00036802548
0.00037126353
0.00037466488
0.00037826841
0.00038209902
0.00038616769
0.0003904761
0.00039501749
0.00039977555
0.00040472719
0.00040984404
0.00041509358
0.00042044016
0.00042584605
0.0004312723
0.00043667956
0.00044202882
0.00044728207
0.00045240288
0.00045735688
0.00046211222
0.00046663989
0.000470914
0.00047491196
0.00047861461
0.00048200628
0.00048507472
0.00048781109
0.00049020978
0.00049226827
0.0004939869
0.00049536864
0.00049641883
0.00049714492
0.00049755618
0.00049766342
0.00049747872
0.00049701518
0.00049628666
0.00049530754
0.00049409254
0.0004926565
0.00049101423
0.00048918033
0.00048716912
0.00048499448
0.00048266981
0.00048020792
0.00047762102
0.00047492065
0.00047211767
0.00046922227
0.00046624394
0.0004631915
0.00046007307
0.00045689618
0.0004536677
0.00045039392
0.00044708057
0.00044373284
0.00044035546
0.00043695265
0.00043352822
0.0004300856
0.00042662784
0.00042315763
0.00041967739
0.00041618923
0.00041269503
0.00040919642
0.00040569481
0.00040219146
0.00039868741
0.00039518359
0.00039168076
0.00038817959
0.0003846806
0.00038118426
0.00037769091
0.00037420085
0.0003707143
0.0003672314
0.00036375228
0.00036027699
0.00035680556
0.00035333799
0.00034987424
0.00034641424
0.00034295792
0.00033950518
0.00033605591
0.00033260999
0.00032916728
0.00032572766
0.00032229097
0.00031885708
0.00031542583
0.00031199708
0.00030857068
0.00030514649
0.00030172436
0.00029830416
0.00029488574
0.00029146898
0.00028805374
0.00028463991
0.00028122736
0.00027781598
0.00027440566
0.00027099629
0.00026758779
0.00026418005
0.000260773
0.00025736653
0.00025396059
0.0002505551
0.00024714998
0.00024374517
0.00024034063
0.00023693628
0.00023353209
0.000230128
0.00022672397
0.00022331997
0.00021991596
0.00021651191
0.00021310778
0.00020970356
0.00020629922
0.00020289473
0.00019949009
0.00019608527
0.00019268026
0.00018927506
0.00018586964
0.00018246401
0.00017905815
0.00017565206
0.00017224575
0.00016883919
0.0001654324
0.00016202537
0.00015861811
0.00015521061
0.00015180287
0.00014839491
0.00014498672
0.00014157831
0.00013816967
0.00013476083
0.00013135177
0.00012794252
0.00012453306
0.00012112341
0.00011771358
0.00011430356
0.00011089337
0.00010748301
0.00010407249
0.00010066182
9.725099e-05
9.3840018e-05
9.0428907e-05
8.7017664e-05
8.3606293e-05
8.0194801e-05
7.6783192e-05
7.3371471e-05
6.9959644e-05
6.6547716e-05
6.3135691e-05
5.9723573e-05
5.6311367e-05
5.2899077e-05
4.9486707e-05
4.607426e-05
4.266174e-05
3.924915e-05
3.5836493e-05
3.242377e-05
2.9010984e-05
2.5598137e-05
2.218523e-05
1.8772263e-05
1.5359237e-05
1.1946152e-05
8.5330102e-06
5.119801e-06
1.7064238e-06
0.00036004257
0.00035573159
0.00035331779
0.00035314614
0.00035415178
0.00035576902
0.00035770143
0.00035978994
0.00036198248
0.00036428629
0.000366733
0.00036936078
0.00037220556
0.00037529651
0.00037865416
0.00038228992
0.00038620592
0.0003903951
0.00039484402
0.00039953315
0.00040443654
0.00040952358
0.00041476003
0.00042010892
0.00042553137
0.00043098743
0.00043643681
0.00044183957
0.00044715673
0.00045235086
0.00045738654
0.00046223079
0.00046685345
0.0004712274
0.00047532883
0.00047913733
0.00048263597
0.00048581129
0.00048865329
0.00049115522
0.00049331354
0.00049512763
0.00049659961
0.00049773407
0.00049853783
0.00049901964
0.0004991899
0.00049906041
0.00049864408
0.00049795468
0.00049700664
0.00049581477
0.00049439409
0.00049275967
0.00049092644
0.00048890908
0.0004867219
0.00048437872
0.00048189282
0.0004792769
0.00047654298
0.00047370243
0.00047076591
0.0004677434
0.00046464416
0.0004614768
0.00045824924
0.00045496875
0.00045164202
0.00044827512
0.00044487357
0.00044144238
0.00043798606
0.00043450866
0.00043101381
0.00042750476
0.00042398439
0.00042045523
0.00041691954
0.00041337929
0.00040983619
0.00040629172
0.00040274718
0.00039920367
0.00039566211
0.00039212329
0.00038858786
0.00038505635
0.00038152919
0.0003780067
0.00037448914
0.0003709767
0.00036746947
0.00036396753
0.00036047089
0.00035697952
0.00035349335
0.00035001229
0.00034653624
0.00034306504
0.00033959855
0.0003361366
0.000332679
0.00032922558
0.00032577614
0.0003223305
0.00031888844
0.00031544978
0.00031201432
0.00030858187
0.00030515224
0.00030172524
0.0002983007
0.00029487843
0.00029145828
0.00028804007
0.00028462365
0.00028120888
0.0002777956
0.00027438368
0.000270973
0.00026756342
0.00026415484
0.00026074715
0.00025734024
0.00025393401
0.00025052838
0.00024712327
0.00024371859
0.00024031427
0.00023691025
0.00023350646
0.00023010285
0.00022669936
0.00022329594
0.00021989256
0.00021648918
0.00021308575
0.00020968224
0.00020627863
0.0002028749
0.00019947101
0.00019606695
0.0001926627
0.00018925824
0.00018585357
0.00018244868
0.00017904354
0.00017563817
0.00017223254
0.00016882667
0.00016542054
0.00016201415
0.00015860751
0.00015520061
0.00015179346
0.00014838606
0.00014497841
0.00014157051
0.00013816238
0.00013475401
0.00013134541
0.00012793659
0.00012452754
0.00012111829
0.00011770883
0.00011429917
0.00011088932
0.00010747928
0.00010406906
0.00010065866
9.7248104e-05
9.3837383e-05
9.0426509e-05
8.7015487e-05
8.3604324e-05
8.0193025e-05
7.6781597e-05
7.3370044e-05
6.9958374e-05
6.654659e-05
6.3134698e-05
5.9722704e-05
5.6310611e-05
5.2898425e-05
4.9486149e-05
4.6073788e-05
4.2661346e-05
3.9248826e-05
3.5836231e-05
3.2423564e-05
2.9010827e-05
2.5598022e-05
2.2185151e-05
1.8772215e-05
1.5359213e-05
1.1946147e-05
8.5330197e-06
5.1198189e-06
1.7064491e-06
0.00037075244
0.00036637925
0.00036326048
0.00036190652
0.00036158438
0.00036191716
0.00036270298
0.00036381876
0.00036521096
0.00036686711
0.00036879344
0.00037100363
0.0003735125
0.00037633216
0.0003794698
0.0003829265
0.00038669681
0.00039076854
0.00039512311
0.0003997371
0.00040458244
0.00040962667
0.00041483411
0.00042016669
0.00042558463
0.00043104723
0.00043651349
0.00044194283
0.00044729559
0.00045253365
0.00045762083
0.00046252336
0.00046721021
0.00047165336
0.00047582804
0.00047971288
0.00048328992
0.00048654474
0.00048946632
0.00049204698
0.00049428226
0.00049617068
0.00049771359
0.00049891489
0.00049978075
0.0005003194
0.00050054083
0.00050045646
0.00050007899
0.00049942202
0.0004984999
0.00049732746
0.00049591981
0.00049429216
0.00049245965
0.00049043723
0.0004882395
0.00048588063
0.00048337428
0.00048073351
0.00047797076
0.0004750978
0.00047212571
0.00046906486
0.00046592492
0.00046271488
0.00045944303
0.00045611702
0.00045274383
0.00044932987
0.00044588095
0.00044240234
0.0004388988
0.00043537461
0.00043183359
0.00042827916
0.00042471436
0.00042114186
0.00041756403
0.00041398293
0.00041040035
0.00040681785
0.00040323676
0.00039965821
0.00039608316
0.0003925124
0.00038894657
0.0003853862
0.0003818317
0.00037828338
0.00037474145
0.00037120607
0.0003676773
0.00036415517
0.00036063964
0.00035713064
0.00035362805
0.00035013173
0.00034664152
0.00034315722
0.00033967862
0.00033620552
0.00033273767
0.00032927485
0.00032581682
0.00032236333
0.00031891414
0.00031546901
0.00031202771
0.00030858999
0.00030515564
0.00030172442
0.00029829613
0.00029487055
0.00029144748
0.00028802673
0.00028460811
0.00028119145
0.00027777657
0.00027436331
0.00027095153
0.00026754108
0.00026413182
0.00026072362
0.00025731637
0.00025390995
0.00025050426
0.0002470992
0.00024369468
0.00024029061
0.00023688691
0.00023348352
0.00023008036
0.00022667738
0.00022327452
0.00021987172
0.00021646895
0.00021306616
0.00020966331
0.00020626038
0.00020285732
0.00019945412
0.00019605074
0.00019264717
0.0001892434
0.0001858394
0.00018243516
0.00017903068
0.00017562594
0.00017222094
0.00016881567
0.00016541013
0.00016200431
0.00015859823
0.00015519186
0.00015178523
0.00014837832
0.00014497115
0.00014156371
0.00013815602
0.00013474807
0.00013133987
0.00012793143
0.00012452275
0.00012111385
0.00011770471
0.00011429537
0.00011088581
0.00010747605
0.00010406609
0.00010065595
9.724562e-05
9.3835119e-05
9.042445e-05
8.7013621e-05
8.3602637e-05
8.0191506e-05
7.6780233e-05
7.3368826e-05
6.9957289e-05
6.654563e-05
6.3133852e-05
5.9721963e-05
5.6309967e-05
5.2897869e-05
4.9485673e-05
4.6073385e-05
4.2661008e-05
3.9248547e-05
3.5836004e-05
3.2423383e-05
2.9010687e-05
2.5597918e-05
2.2185077e-05
1.8772167e-05
1.5359187e-05
1.1946138e-05
8.5330243e-06
5.1198335e-06
1.7064787e-06
0.00038144781
0.00037582772
0.00037146465
0.00036895392
0.00036752294
0.00036686541
0.00036680916
0.00036722568
0.00036804529
0.0003692355
0.00037078273
0.0003726834
0.00037493827
0.00037754835
0.0003805122
0.00038382421
0.00038747372
0.00039144474
0.0003957159
0.00040026103
0.0004050501
0.00041004941
0.00041522226
0.00042052978
0.00042593162
0.00043138657
0.00043685324
0.00044229062
0.00044765868
0.00045291886
0.00045803454
0.00046297141
0.00046769788
0.0004721853
0.00047640823
0.00048034454
0.00048397557
0.00048728607
0.00049026427
0.0004929017
0.00049519314
0.0004971364
0.00049873213
0.00049998359
0.00050089642
0.00050147833
0.00050173886
0.00050168912
0.00050134149
0.00050070941
0.00049980708
0.00049864928
0.00049725112
0.0004956279
0.00049379489
0.00049176719
0.00048955962
0.00048718662
0.00048466212
0.00048199949
0.00047921149
0.00047631021
0.00047330707
0.0004702128
0.00046703738
0.00046379013
0.00046047967
0.00045711394
0.00045370022
0.00045024519
0.00044675491
0.00044323489
0.0004396901
0.00043612502
0.00043254365
0.00042894956
0.00042534592
0.00042173554
0.00041812088
0.00041450409
0.00041088704
0.00040727132
0.00040365832
0.0004000492
0.00039644494
0.00039284632
0.00038925401
0.00038566851
0.00038209023
0.00037851944
0.00037495635
0.00037140106
0.00036785361
0.00036431399
0.00036078211
0.00035725787
0.0003537411
0.00035023162
0.00034672921
0.00034323363
0.00033974464
0.00033626197
0.00033278535
0.00032931449
0.00032584912
0.00032238895
0.0003189337
0.00031548308
0.00031203683
0.00030859468
0.00030515635
0.0003017216
0.00029829017
0.00029486183
0.00029143635
0.0002880135
0.00028459308
0.00028117488
0.00027775871
0.00027434439
0.00027093175
0.00026752062
0.00026411085
0.0002607023
0.00025729483
0.00025388831
0.00025048264
0.00024707768
0.00024367335
0.00024026955
0.00023686619
0.00023346319
0.00023006048
0.00022665798
0.00022325564
0.00021985339
0.00021645119
0.00021304899
0.00020964674
0.00020624441
0.00020284197
0.00019943938
0.00019603662
0.00019263367
0.0001892305
0.0001858271
0.00018242345
0.00017901954
0.00017561537
0.00017221091
0.00016880618
0.00016540116
0.00016199585
0.00015859024
0.00015518435
0.00015177817
0.0001483717
0.00014496494
0.0001415579
0.00013815059
0.00013474301
0.00013133516
0.00012792705
0.00012451869
0.00012111008
0.00011770123
0.00011429215
0.00011088285
0.00010747333
0.0001040636
0.00010065366
9.7243535e-05
9.3833221e-05
9.0422728e-05
8.7012062e-05
8.3601231e-05
8.0190241e-05
7.6779101e-05
7.3367815e-05
6.9956391e-05
6.6544835e-05
6.3133154e-05
5.9721352e-05
5.6309435e-05
5.2897409e-05
4.948528e-05
4.6073051e-05
4.2660727e-05
3.9248313e-05
3.5835812e-05
3.2423228e-05
2.9010565e-05
2.5597824e-05
2.2185008e-05
1.8772118e-05
1.5359156e-05
1.1946122e-05
8.5330219e-06
5.1198425e-06
1.7065085e-06
0.00039411563
0.00038445315
0.00037770241
0.00037399611
0.00037166321
0.0003703113
0.00036972914
0.00036973352
0.00037022106
0.00037113912
0.0003724605
0.00037417199
0.00037626737
0.00037874238
0.00038159147
0.00038480572
0.00038837178
0.00039227148
0.00039648185
0.0004009754
0.0004057208
0.00041068356
0.0004158264
0.00042111002
0.00042649377
0.00043193624
0.00043739587
0.00044283152
0.000448203
0.00045347159
0.00045860045
0.00046355502
0.00046830338
0.00047281652
0.00047706856
0.00048103689
0.00048470231
0.00048804904
0.0004910647
0.00049374025
0.00049606986
0.00049805076
0.00049968304
0.00050096944
0.0005019151
0.00050252728
0.00050281516
0.0005027895
0.00050246242
0.00050184714
0.00050095772
0.00049980885
0.00049841561
0.00049679331
0.00049495728
0.00049292276
0.00049070472
0.00048831776
0.00048577604
0.00048309316
0.00048028213
0.00047735533
0.00047432443
0.00047120042
0.0004679936
0.00046471354
0.00046136912
0.00045796853
0.00045451932
0.00045102838
0.000447502
0.00044394587
0.00044036517
0.00043676452
0.00043314808
0.00042951957
0.00042588227
0.00042223908
0.00041859255
0.00041494491
0.00041129809
0.00040765372
0.00040401323
0.0004003778
0.00039674842
0.0003931259
0.00038951088
0.00038590387
0.00038230525
0.00037871527
0.00037513413
0.00037156188
0.00036799855
0.00036444408
0.00036089835
0.00035736121
0.00035383246
0.00035031188
0.0003467992
0.00034329416
0.00033979645
0.00033630579
0.00033282184
0.00032934429
0.00032587283
0.00032240714
0.00031894688
0.00031549176
0.00031204146
0.00030859568
0.00030515412
0.00030171651
0.00029828257
0.00029485202
0.00029142462
0.00028800013
0.0002845783
0.00028115892
0.00027774178
0.00027432667
0.0002709134
0.00026750181
0.00026409171
0.00026068295
0.00025727539
0.00025386888
0.0002504633
0.00024705852
0.00024365443
0.00024025093
0.00023684792
0.00023344532
0.00023004304
0.00022664101
0.00022323916
0.00021983742
0.00021643575
0.00021303409
0.00020963239
0.00020623062
0.00020282873
0.0001994267
0.00019602449
0.00019262208
0.00018921945
0.00018581658
0.00018241345
0.00017901005
0.00017560637
0.00017220239
0.00016879813
0.00016539356
0.00016198868
0.0001585835
0.00015517802
0.00015177222
0.00014836613
0.00014495973
0.00014155304
0.00013814605
0.00013473878
0.00013133123
0.00012792341
0.00012451531
0.00012110696
0.00011769835
0.0001142895
0.00011088041
0.00010747109
0.00010406155
0.0001006518
9.7241837e-05
9.3831679e-05
9.0421332e-05
8.7010802e-05
8.3600097e-05
8.0189225e-05
7.6778192e-05
7.3367007e-05
6.9955675e-05
6.6544203e-05
6.3132599e-05
5.9720867e-05
5.6309014e-05
5.2897046e-05
4.9484968e-05
4.6072785e-05
4.2660503e-05
3.9248125e-05
3.5835656e-05
3.24231e-05
2.9010461e-05
2.5597741e-05
2.2184943e-05
1.8772069e-05
1.535912e-05
1.1946099e-05
8.5330119e-06
5.1198445e-06
1.7065348e-06
0.00042045076
0.0003947501
0.00038179366
0.0003765223
0.00037359154
0.00037196403
0.00037124884
0.00037116552
0.00037157496
0.00037241629
0.0003736626
0.00037530286
0.00037733269
0.00037974885
0.00038254603
0.00038571501
0.00038924183
0.00039310756
0.00039728852
0.00040175666
0.00040648013
0.000411424
0.00041655075
0.00042182096
0.00042719392
0.00043262823
0.00043808239
0.00044351533
0.00044888694
0.00045415852
0.00045929322
0.00046425646
0.00046901621
0.0004735433
0.00047781165
0.00048179838
0.00048548398
0.00048885231
0.0004918906
0.00049458941
0.00049694248
0.00049894661
0.00050060147
0.00050190939
0.00050287513
0.0005035056
0.00050380965
0.00050379778
0.00050348187
0.00050287495
0.00050199096
0.00050084448
0.00049945056
0.0004978245
0.00049598169
0.00049393742
0.00049170679
0.00048930454
0.00048674498
0.00048404192
0.00048120855
0.00047825747
0.00047520058
0.00047204909
0.00046881352
0.00046550367
0.00046212863
0.00045869682
0.00045521596
0.00045169315
0.00044813486
0.00044454694
0.00044093471
0.00043730295
0.00043365593
0.00042999747
0.00042633096
0.00042265938
0.00041898534
0.00041531113
0.00041163872
0.00040796979
0.00040430579
0.0004006479
0.00039699714
0.0003933543
0.00038972003
0.00038609481
0.00038247902
0.00037887289
0.00037527658
0.00037169012
0.00036811351
0.00036454665
0.0003609894
0.00035744156
0.0003539029
0.00035037316
0.00034685205
0.00034333924
0.00033983441
0.00033633723
0.00033284734
0.00032936439
0.00032588802
0.00032241789
0.00031895365
0.00031549495
0.00031204145
0.00030859283
0.00030514876
0.00030170894
0.00029827307
0.00029484086
0.00029141203
0.00028798632
0.00028456348
0.00028114327
0.00027772545
0.00027430983
0.00027089618
0.00026748433
0.00026407408
0.00026066527
0.00025725775
0.00025385135
0.00025044595
0.00024704141
0.00024363761
0.00024023445
0.00023683182
0.00023342962
0.00023002778
0.0002266262
0.00022322483
0.00021982358
0.0002164224
0.00021302125
0.00020962006
0.00020621879
0.00020281741
0.00019941587
0.00019601416
0.00019261224
0.00018921009
0.00018580768
0.00018240501
0.00017900206
0.00017559881
0.00017219526
0.0001687914
0.00016538722
0.00016198273
0.00015857791
0.00015517277
0.00015176732
0.00014836154
0.00014495545
0.00014154905
0.00013814235
0.00013473534
0.00013132804
0.00012792045
0.00012451259
0.00012110445
0.00011769604
0.00011428738
0.00011087847
0.00010746932
0.00010405993
0.00010065033
9.7240503e-05
9.3830473e-05
9.0420244e-05
8.7009825e-05
8.3599222e-05
8.0188444e-05
7.6777498e-05
7.3366392e-05
6.9955133e-05
6.6543728e-05
6.3132184e-05
5.9720506e-05
5.6308702e-05
5.2896778e-05
4.9484739e-05
4.607259e-05
4.2660337e-05
3.9247985e-05
3.5835539e-05
3.2423002e-05
2.9010379e-05
2.5597672e-05
2.2184886e-05
1.8772023e-05
1.5359084e-05
1.1946072e-05
8.5329953e-06
5.1198396e-06
1.7065553e-06
0.00044471517
0.00039805014
0.00038021371
0.00037474392
0.00037248286
0.0003715145
0.00037126799
0.00037148331
0.00037207103
0.00037301269
0.00037431247
0.00037598005
0.00037802383
0.00038044798
0.00038325113
0.00038642588
0.00038995897
0.00039383152
0.00039801958
0.00040249481
0.00040722512
0.00041217542
0.00041730816
0.00042258388
0.00042796194
0.00043340112
0.0004388601
0.00044429802
0.00044967497
0.00045495243
0.00046009373
0.00046506438
0.00046983244
0.00047436876
0.00047864721
0.00048264485
0.00048634205
0.00048972248
0.00049277319
0.00049548449
0.00049784986
0.00049986584
0.00050153184
0.0005028499
0.00050382454
0.00050446242
0.00050477219
0.00050476413
0.00050444998
0.00050384265
0.00050295597
0.00050180447
0.00050040319
0.00049876743
0.00049691262
0.00049485414
0.00049260717
0.00049018657
0.00048760681
0.00048488183
0.00048202502
0.00047904912
0.00047596623
0.00047278776
0.00046952439
0.00046618611
0.00046278219
0.00045932122
0.00045581109
0.00045225904
0.00044867167
0.00044505499
0.00044141441
0.00043775483
0.00043408062
0.00043039567
0.00042670344
0.00042300697
0.00041930893
0.00041561163
0.00041191708
0.00040822699
0.00040454279
0.0004008657
0.00039719672
0.00039353663
0.00038988608
0.00038624553
0.00038261533
0.00037899569
0.00037538674
0.00037178849
0.0003682009
0.00036462384
0.00036105714
0.00035750056
0.00035395384
0.00035041669
0.00034688876
0.00034336973
0.00033985922
0.00033635687
0.00033286229
0.0003293751
0.00032589492
0.00032242137
0.00031895406
0.00031549264
0.00031203674
0.000308586
0.00030514009
0.00030169867
0.00029826142
0.00029482805
0.00029139824
0.00028797173
0.00028454825
0.00028112754
0.00027770935
0.00027429347
0.00027087968
0.00026746777
0.00026405755
0.00026064884
0.00025724148
0.00025383531
0.00025043018
0.00024702596
0.00024362252
0.00024021974
0.00023681751
0.00023341575
0.00023001435
0.00022661323
0.00022321232
0.00021981155
0.00021641085
0.00021301017
0.00020960945
0.00020620866
0.00020280774
0.00019940667
0.0001960054
0.00019260392
0.0001892022
0.00018580022
0.00018239796
0.0001789954
0.00017559253
0.00017218935
0.00016878585
0.00016538201
0.00016197784
0.00015857334
0.00015516851
0.00015176334
0.00014835784
0.00014495201
0.00014154586
0.00013813939
0.0001347326
0.00013132551
0.00012791813
0.00012451045
0.00012110248
0.00011769425
0.00011428574
0.00011087698
0.00010746796
0.00010405871
0.00010064922
9.7239506e-05
9.3829579e-05
9.0419445e-05
8.7009112e-05
8.359859e-05
8.0187886e-05
7.6777008e-05
7.3365963e-05
6.995476e-05
6.6543405e-05
6.3131905e-05
5.9720268e-05
5.6308499e-05
5.2896606e-05
4.9484593e-05
4.6072468e-05
4.2660234e-05
3.9247899e-05
3.5835465e-05
3.2422939e-05
2.9010324e-05
2.5597624e-05
2.2184844e-05
1.8771985e-05
1.535905e-05
1.1946044e-05
8.5329749e-06
5.1198292e-06
1.7065686e-06
0.0002743898
0.00033490692
0.00035656641
0.00036381617
0.00036712552
0.00036887855
0.00036997277
0.00037087661
0.00037183543
0.00037298644
0.00037441212
0.00037616332
0.00037827025
0.00038074827
0.0003836015
0.00038682482
0.00039040553
0.00039432458
0.00039855754
0.00040307559
0.00040784627
0.00041283413
0.00041800139
0.00042330863
0.00042871533
0.00043418041
0.00043966274
0.00044512169
0.00045051761
0.00045581222
0.00046096908
0.0004659539
0.0004707349
0.00047528307
0.00047957238
0.00048357996
0.00048728618
0.00049067472
0.00049373257
0.00049644998
0.00049882035
0.00050084012
0.00050250858
0.00050382767
0.00050480179
0.00050543751
0.00050574338
0.00050572964
0.00050540795
0.00050479119
0.0005038932
0.00050272851
0.0005013122
0.00049965963
0.00049778631
0.00049570771
0.00049343913
0.00049099557
0.00048839161
0.00048564135
0.00048275833
0.00047975546
0.00047664499
0.00047343847
0.00047014675
0.00046677997
0.00046334753
0.00045985815
0.00045631986
0.00045274001
0.0004491253
0.00044548183
0.00044181512
0.00043813011
0.00043443124
0.00043072246
0.00042700727
0.00042328875
0.00041956959
0.00041585211
0.00041213834
0.00040842998
0.00040472848
0.00040103503
0.00039735061
0.00039367601
0.00039001183
0.00038635852
0.0003827164
0.00037908566
0.00037546637
0.00037185855
0.00036826209
0.00036467685
0.00036110262
0.00035753913
0.00035398608
0.00035044314
0.00034690996
0.00034338615
0.00033987132
0.00033636507
0.00033286699
0.00032937667
0.0003258937
0.00032241768
0.00031894821
0.00031548489
0.00031202734
0.00030857518
0.00030512806
0.00030168563
0.00029824755
0.0002948135
0.00029138316
0.00028795625
0.00028453249
0.0002811116
0.00027769334
0.00027427747
0.00027086375
0.00026745199
0.00026404197
0.00026063352
0.00025722646
0.00025382062
0.00025041586
0.00024701203
0.000243609
0.00024020666
0.00023680488
0.00023340357
0.00023000263
0.00022660198
0.00022320153
0.00021980122
0.00021640098
0.00021300076
0.00020960049
0.00020620014
0.00020279965
0.000199399
0.00019599815
0.00019259706
0.00018919573
0.00018579412
0.00018239222
0.00017899001
0.00017558748
0.00017218461
0.00016878142
0.00016537788
0.00016197399
0.00015856976
0.00015516518
0.00015176025
0.00014835498
0.00014494937
0.00014154342
0.00013813715
0.00013473055
0.00013132363
0.00012791641
0.00012450888
0.00012110106
0.00011769296
0.00011428457
0.00011087593
0.00010746702
0.00010405786
0.00010064847
9.7238841e-05
9.3828992e-05
9.041893e-05
8.7008664e-05
8.3598201e-05
8.0187551e-05
7.6776722e-05
7.3365721e-05
6.9954557e-05
6.6543236e-05
6.3131767e-05
5.9720156e-05
5.630841e-05
5.2896535e-05
4.9484538e-05
4.6072425e-05
4.2660202e-05
3.9247873e-05
3.5835444e-05
3.242292e-05
2.9010305e-05
2.5597605e-05
2.2184822e-05
1.8771961e-05
1.5359025e-05
1.1946019e-05
8.5329521e-06
5.1198135e-06
1.706572e-06
0.00030488307
0.00033516663
0.00035160599
0.00035953843
0.00036412604
0.00036690858
0.00036869629
0.00037003449
0.00037125895
0.00037257595
0.00037411409
0.00037595227
0.00037813627
0.00038068923
0.00038361828
0.00038691884
0.00039057749
0.00039457404
0.00039888292
0.00040347429
0.00040831486
0.00041336861
0.00041859747
0.00042396181
0.00042942107
0.00043493419
0.00044046019
0.0004459586
0.00045138996
0.00045671619
0.00046190107
0.00046691052
0.00047171297
0.00047627957
0.00048058447
0.00048460492
0.00048832142
0.00049171776
0.00049478101
0.00049750147
0.00049987262
0.00050189093
0.00050355574
0.00050486903
0.00050583523
0.00050646097
0.00050675483
0.00050672711
0.00050638954
0.0005057551
0.00050483768
0.00050365194
0.00050221305
0.00050053652
0.00049863798
0.00049653303
0.00049423711
0.00049176538
0.00048913257
0.00048635293
0.00048344015
0.00048040729
0.00047726673
0.00047403016
0.00047070858
0.00046731221
0.00046385061
0.00046033257
0.00045676622
0.00045315899
0.00044951766
0.00044584839
0.00044215675
0.00043844772
0.00043472579
0.00043099492
0.00042725863
0.00042352
0.00041978174
0.00041604617
0.00041231528
0.00040859079
0.00040487411
0.00040116641
0.00039746866
0.0003937816
0.00039010582
0.00038644172
0.0003827896
0.00037914961
0.00037552179
0.00037190611
0.00036830244
0.0003647106
0.00036113034
0.00035756137
0.00035400335
0.00035045591
0.00034691867
0.00034339123
0.00033987315
0.00033636401
0.00033286337
0.00032937081
0.00032588588
0.00032240815
0.00031893722
0.00031547265
0.00031201406
0.00030856105
0.00030511323
0.00030167026
0.00029823177
0.00029479743
0.00029136692
0.00028793994
0.00028451619
0.00028109539
0.00027767728
0.00027426162
0.00027084818
0.00026743672
0.00026402706
0.00026061899
0.00025721234
0.00025380693
0.00025040261
0.00024699924
0.00024359668
0.00024019481
0.00023679351
0.00023339268
0.00022999222
0.00022659204
0.00022319206
0.00021979221
0.00021639242
0.00021299263
0.0002095928
0.00020619286
0.00020279278
0.00019939252
0.00019599205
0.00019259134
0.00018919036
0.00018578908
0.00018238751
0.00017898561
0.00017558338
0.0001721808
0.00016877787
0.00016537459
0.00016197095
0.00015856695
0.00015516259
0.00015175787
0.00014835279
0.00014494737
0.00014154159
0.00013813548
0.00013472904
0.00013132226
0.00012791517
0.00012450777
0.00012110006
0.00011769207
0.00011428379
0.00011087523
0.00010746641
0.00010405733
0.00010064801
9.7238445e-05
9.3828655e-05
9.0418647e-05
8.7008429e-05
8.359801e-05
8.0187399e-05
7.6776604e-05
7.3365633e-05
6.9954495e-05
6.6543197e-05
6.3131746e-05
5.9720151e-05
5.6308417e-05
5.2896553e-05
4.9484563e-05
4.6072454e-05
4.2660232e-05
3.9247903e-05
3.5835472e-05
3.2422943e-05
2.9010323e-05
2.5597615e-05
2.2184825e-05
1.8771955e-05
1.5359012e-05
1.1946e-05
8.532931e-06
5.1197931e-06
1.7065685e-06
0.00033298257
0.00034327084
0.00035210567
0.00035843202
0.00036282598
0.00036574935
0.00036771976
0.00036919219
0.00037050124
0.00037187585
0.00037346514
0.00037536076
0.00037761417
0.00038024943
0.00038327197
0.00038667433
0.00039044003
0.00039454605
0.00039896446
0.00040366352
0.00040860852
0.00041376243
0.00041908646
0.00042454052
0.0004300837
0.00043567481
0.00044127277
0.00044683711
0.00045232842
0.00045770871
0.00046294185
0.00046799389
0.00047283341
0.00047743174
0.00048176319
0.00048580521
0.00048953847
0.00049294694
0.00049601789
0.00049874182
0.00050111238
0.00050312626
0.00050478299
0.00050608476
0.00050703621
0.00050764417
0.00050791744
0.00050786654
0.00050750344
0.0005068413
0.00050589428
0.00050467725
0.00050320562
0.00050149509
0.00049956152
0.00049742074
0.0004950884
0.00049257984
0.00048991
0.00048709331
0.00048414362
0.00048107416
0.00047789745
0.00047462532
0.00047126888
0.00046783848
0.00046434375
0.00046079359
0.00045719617
0.00045355899
0.00044988887
0.00044619202
0.00044247401
0.00043873986
0.00043499404
0.00043124052
0.00042748282
0.00042372399
0.00041996672
0.0004162133
0.0004124657
0.00040872559
0.00040499436
0.00040127314
0.00039756284
0.00039386417
0.00039017767
0.00038650372
0.00038284254
0.00037919425
0.00037555887
0.0003719363
0.00036832638
0.00036472888
0.00036114352
0.00035756996
0.00035400784
0.00035045676
0.0003469163
0.000343386
0.00033986543
0.00033635413
0.00033285163
0.00032935747
0.0003258712
0.00032239237
0.00031892052
0.00031545524
0.0003119961
0.00030854269
0.00030509462
0.00030165151
0.000298213
0.00029477873
0.00029134837
0.00028792162
0.00028449815
0.0002810777
0.00027765999
0.00027424477
0.00027083179
0.00026742083
0.00026401168
0.00026060414
0.00025719803
0.00025379318
0.00025038942
0.00024698661
0.0002435846
0.00024018328
0.00023678253
0.00023338223
0.0002299823
0.00022658263
0.00022318316
0.0002197838
0.00021638448
0.00021298516
0.00020958577
0.00020618626
0.00020278659
0.00019938673
0.00019598664
0.00019258629
0.00018918565
0.00018578471
0.00018238345
0.00017898185
0.0001755799
0.0001721776
0.00016877493
0.00016537189
0.00016196847
0.00015856468
0.00015516053
0.000151756
0.0001483511
0.00014494584
0.00014154022
0.00013813425
0.00013472794
0.00013132129
0.00012791432
0.00012450702
0.00012109942
0.00011769151
0.00011428331
0.00011087483
0.00010746608
0.00010405706
0.0001006478
9.7238286e-05
9.3828542e-05
9.0418575e-05
8.7008393e-05
8.3598005e-05
8.0187421e-05
7.677665e-05
7.3365698e-05
6.9954576e-05
6.6543291e-05
6.3131851e-05
5.9720262e-05
5.6308533e-05
5.289667e-05
4.9484679e-05
4.6072568e-05
4.2660341e-05
3.9248005e-05
3.5835566e-05
3.2423027e-05
2.9010395e-05
2.5597674e-05
2.218487e-05
1.8771986e-05
1.5359029e-05
1.1946005e-05
8.5329254e-06
5.1197803e-06
1.7065654e-06
0.00034153887
0.00034693025
0.00035318112
0.00035866876
0.00036269719
0.00036538066
0.00036714827
0.00036844023
0.00036960389
0.0003708816
0.00037242744
0.00037433038
0.00037663476
0.00037935582
0.00038249023
0.00038602278
0.00038993052
0.00039418532
0.00039875531
0.0004036058
0.0004086999
0.00041399893
0.00041946289
0.00042505081
0.0004307211
0.00043643202
0.00044214211
0.0004478106
0.00045339782
0.00045886567
0.00046417792
0.00046930061
0.00047420231
0.0004788544
0.00048323126
0.00048731054
0.00049107312
0.00049450321
0.00049758837
0.00050031942
0.00050269037
0.00050469827
0.00050634304
0.0005076273
0.0005085561
0.00050913673
0.00050937844
0.00050929217
0.00050889035
0.00050818657
0.00050719543
0.0005059322
0.00050441269
0.000502653
0.00050066935
0.00049847791
0.00049609464
0.00049353519
0.00049081475
0.00048794803
0.00048494907
0.00048183131
0.00047860745
0.00047528946
0.00047188858
0.00046841527
0.00046487923
0.00046128943
0.00045765411
0.00045398077
0.00045027628
0.00044654683
0.00044279798
0.00043903475
0.00043526156
0.00043148237
0.00042770062
0.00042391935
0.00042014117
0.00041636832
0.00041260272
0.00040884596
0.00040509937
0.00040136403
0.00039764077
0.00039393025
0.00039023293
0.00038654914
0.00038287904
0.00037922268
0.00037558003
0.00037195094
0.00036833519
0.00036473251
0.00036114255
0.00035756495
0.00035399929
0.00035044513
0.00034690201
0.00034336946
0.00033984698
0.00033633408
0.00033283028
0.00032933509
0.00032584803
0.00032236861
0.00031889638
0.00031543088
0.00031197167
0.00030851832
0.00030507044
0.00030162761
0.00029818947
0.00029475565
0.00029132581
0.00028789962
0.00028447678
0.00028105698
0.00027763995
0.00027422543
0.00027081317
0.00026740295
0.00026399454
0.00026058774
0.00025718236
0.00025377824
0.0002503752
0.0002469731
0.00024357179
0.00024017115
0.00023677106
0.0002333714
0.00022997209
0.00022657304
0.00022317414
0.00021977535
0.00021637657
0.00021297777
0.00020957887
0.00020617984
0.00020278063
0.0001993812
0.00019598152
0.00019258156
0.00018918129
0.0001857807
0.00018237977
0.00017897849
0.00017557683
0.0001721748
0.00016877239
0.00016536959
0.00016196641
0.00015856283
0.00015515887
0.00015175453
0.0001483498
0.0001449447
0.00014153923
0.0001381334
0.00013472722
0.00013132068
0.00012791381
0.00012450661
0.0001210991
0.00011769127
0.00011428314
0.00011087473
0.00010746603
0.00010405707
0.00010064785
9.7238378e-05
9.3828669e-05
9.0418732e-05
8.7008575e-05
8.3598209e-05
8.0187642e-05
7.6776883e-05
7.3365942e-05
6.9954827e-05
6.6543546e-05
6.3132106e-05
5.9720516e-05
5.6308783e-05
5.2896913e-05
4.9484915e-05
4.6072793e-05
4.2660555e-05
3.9248205e-05
3.583575e-05
3.2423195e-05
2.9010544e-05
2.5597803e-05
2.2184977e-05
1.877207e-05
1.535909e-05
1.1946042e-05
8.5329406e-06
5.1197761e-06
1.7065652e-06
0.00034383421
0.0003483337
0.00035432169
0.00035963876
0.00036334647
0.0003656079
0.00036693761
0.00036784191
0.00036870518
0.00036978098
0.0003712178
0.00037309071
0.00037542778
0.00037822885
0.00038147736
0.00038514745
0.00038920799
0.00039362471
0.00039836119
0.00040337941
0.00040863999
0.0004141024
0.00041972522
0.00042546634
0.00043128329
0.00043713357
0.00044297509
0.00044876654
0.00045446783
0.00046004046
0.00046544795
0.00047065612
0.00047563344
0.00048035132
0.00048478421
0.0004889098
0.00049270915
0.00049616673
0.00049927041
0.00050201136
0.00050438403
0.00050638593
0.00050801748
0.00050928184
0.00051018461
0.00051073364
0.00051093875
0.00051081148
0.0005103648
0.00050961289
0.00050857087
0.00050725455
0.00050568024
0.00050386449
0.00050182399
0.00049957529
0.00049713476
0.00049451837
0.00049174164
0.00048881952
0.00048576634
0.0004825957
0.00047932052
0.0004759529
0.00047250419
0.00046898497
0.000465405
0.0004617733
0.00045809813
0.00045438702
0.00045064683
0.00044688372
0.00044310323
0.00043931033
0.00043550941
0.00043170434
0.00042789853
0.00042409493
0.00042029608
0.00041650415
0.00041272098
0.0004089481
0.00040518674
0.0004014379
0.00039770236
0.00039398069
0.00039027329
0.00038658039
0.00038290211
0.00037923843
0.00037558925
0.00037195437
0.0003683335
0.00036472633
0.00036113246
0.00035755147
0.0003539829
0.00035042627
0.00034688107
0.0003433468
0.00033982293
0.00033630895
0.00033280432
0.00032930854
0.0003258211
0.00032234149
0.00031886924
0.00031540386
0.0003119449
0.00030849192
0.00030504449
0.0003016022
0.00029816467
0.00029473152
0.00029130239
0.00028787696
0.00028445489
0.0002810359
0.00027761969
0.00027420599
0.00027079457
0.00026738517
0.00026397758
0.0002605716
0.00025716703
0.0002537637
0.00025036143
0.00024696008
0.00024355951
0.00024015958
0.00023676018
0.00023336119
0.00022996252
0.00022656408
0.00022316578
0.00021976755
0.00021636932
0.00021297103
0.00020957262
0.00020617406
0.00020277529
0.00019937628
0.000195977
0.00019257742
0.00018917751
0.00018577726
0.00018237664
0.00017897565
0.00017557427
0.0001721725
0.00016877033
0.00016536776
0.00016196479
0.00015856141
0.00015515763
0.00015175345
0.00014834888
0.00014494392
0.00014153858
0.00013813287
0.00013472679
0.00013132036
0.00012791358
0.00012450646
0.00012109902
0.00011769126
0.00011428319
0.00011087483
0.00010746618
0.00010405726
0.00010064807
9.7238632e-05
9.3828949e-05
9.0419032e-05
8.7008892e-05
8.3598538e-05
8.018798e-05
7.6777228e-05
7.336629e-05
6.9955175e-05
6.6543891e-05
6.3132447e-05
5.972085e-05
5.6309109e-05
5.2897229e-05
4.9485218e-05
4.6073083e-05
4.2660829e-05
3.9248463e-05
3.583599e-05
3.2423415e-05
2.9010743e-05
2.559798e-05
2.218513e-05
1.8772198e-05
1.535919e-05
1.1946115e-05
8.5329862e-06
5.1198053e-06
1.7065929e-06
)
;

boundaryField
{
    inlet_drug
    {
        type            zeroGradient;
    }
    inlet_medium
    {
        type            zeroGradient;
    }
    outlet
    {
        type            fixedValue;
        value           uniform 0;
    }
    walls
    {
        type            zeroGradient;
    }
    floor
    {
        type            zeroGradient;
    }
    frontAndBack
    {
        type            empty;
    }
}


// ************************************************************************* //
