/*--------------------------------*- C++ -*----------------------------------*\
| =========                 |                                                 |
| \\      /  F ield         | OpenFOAM: The Open Source CFD Toolbox           |
|  \\    /   O peration     | Version:  2406                                  |
|   \\  /    A nd           | Website:  www.openfoam.com                      |
|    \\/     M anipulation  |                                                 |
\*---------------------------------------------------------------------------*/
FoamFile
{
    version     2.0;
    format      ascii;
    arch        "LSB;label=32;scalar=64";
    class       volScalarField;
    location    "417";
    object      p;
}
// * * * * * * * * * * * * * * * * * * * * * * * * * * * * * * * * * * * * * //

dimensions      [0 2 -2 0 0 0 0];

internalField   nonuniform List<scalar> 
5600
(
-0.014186392
-0.012742882
-0.010015109
-0.0062533367
-0.0019015189
0.0024593797
0.0062958856
0.0093299002
0.011525559
0.012961255
0.013778225
0.014137544
0.014172288
0.013985294
0.013653958
0.013234751
0.012767747
0.012280745
0.011792568
0.01131554
0.010857476
0.010422994
0.010014356
0.0096322748
0.0092764854
0.0089461214
0.008639958
0.0083565793
0.0080944883
0.0078521762
0.0076281665
0.0074210415
0.0072294568
0.0070521494
0.0068879402
0.0067357335
0.0065945151
0.0064633483
0.0063413703
0.0062277875
0.0061218712
0.0060229527
0.0059304192
0.0058437095
0.0057623101
0.0056857512
0.0056136035
0.0055454748
0.0054810068
0.0054198724
0.0053617731
0.0053064368
0.005253615
0.0052030814
0.0051546296
0.0051080717
0.0050632363
0.0050199674
0.004978123
0.0049375736
0.0048982015
0.0048598995
0.00482257
0.0047861242
0.0047504811
0.0047155672
0.0046813154
0.0046476648
0.0046145596
0.0045819492
0.0045497875
0.0045180322
0.004486645
0.0044555906
0.004424837
0.0043943548
0.004364117
0.004334099
0.004304278
0.0042746332
0.0042451454
0.0042157967
0.0041865708
0.0041574524
0.0041284274
0.0040994825
0.0040706054
0.0040417846
0.0040130094
0.0039842693
0.003955555
0.0039268571
0.0038981672
0.0038694768
0.0038407782
0.0038120638
0.0037833263
0.0037545589
0.0037257548
0.0036969075
0.0036680107
0.0036390584
0.0036100447
0.0035809637
0.0035518099
0.0035225777
0.003493262
0.0034638574
0.0034343589
0.0034047614
0.0033750602
0.0033452503
0.0033153273
0.0032852864
0.0032551232
0.0032248333
0.0031944125
0.0031638566
0.0031331614
0.003102323
0.0030713375
0.003040201
0.0030089099
0.0029774606
0.0029458495
0.0029140733
0.0028821285
0.0028500121
0.0028177208
0.0027852518
0.002752602
0.0027197687
0.0026867492
0.0026535409
0.0026201412
0.0025865479
0.0025527587
0.0025187714
0.0024845839
0.0024501944
0.0024156009
0.0023808018
0.0023457955
0.0023105805
0.0022751554
0.002239519
0.00220367
0.0021676076
0.0021313307
0.0020948386
0.0020581307
0.0020212063
0.001984065
0.0019467065
0.0019091307
0.0018713375
0.0018333269
0.0017950991
0.0017566545
0.0017179936
0.0016791169
0.0016400252
0.0016007193
0.0015612003
0.0015214693
0.0014815276
0.0014413768
0.0014010185
0.0013604544
0.0013196866
0.0012787171
0.0012375484
0.0011961828
0.0011546232
0.0011128724
0.0010709336
0.0010288102
0.00098650557
0.00094402367
0.00090136854
0.0008585445
0.00081555613
0.00077240832
0.00072910623
0.00068565535
0.00064206147
0.00059833072
0.00055446955
0.00051048479
0.00046638362
0.00042217358
0.0003778626
0.00033345913
0.00028897165
0.00024441127
0.00019978308
0.00015512263
0.00011036888
6.5819076e-05
2.0235017e-05
-0.016169015
-0.013996117
-0.010976868
-0.0070130472
-0.0024419857
0.0020953959
0.0060341928
0.0091165763
0.011326822
0.012768367
0.013596037
0.013969176
0.014020702
0.013852602
0.013540993
0.013141308
0.012692842
0.01222283
0.011749716
0.011285729
0.010838814
0.010413666
0.01001264
0.0096366347
0.0092856233
0.0089589688
0.0086556481
0.0083744145
0.0081139101
0.007872739
0.0076495151
0.0074428926
0.0072515845
0.0070743736
0.0069101172
0.0067577492
0.0066162791
0.0064847897
0.0063624339
0.0062484311
0.0061420631
0.0060426702
0.0059496466
0.0058624372
0.0057805334
0.0057034695
0.0056308194
0.0055621935
0.0054972358
0.0054356209
0.0053770517
0.005321257
0.0052679892
0.0052170225
0.0051681509
0.0051211866
0.0050759584
0.0050323102
0.0049901
0.004949198
0.0049094863
0.0048708574
0.0048332134
0.0047964651
0.0047605313
0.0047253379
0.0046908175
0.0046569087
0.0046235554
0.0045907067
0.0045583159
0.0045263405
0.0044947416
0.0044634837
0.0044325344
0.0044018639
0.004371445
0.0043412526
0.0043112637
0.0042814571
0.0042518134
0.0042223144
0.0041929435
0.0041636851
0.004134525
0.0041054496
0.0040764464
0.0040475036
0.0040186103
0.003989756
0.003960931
0.0039321259
0.0039033319
0.0038745406
0.0038457441
0.0038169345
0.0037881047
0.0037592474
0.0037303558
0.0037014234
0.0036724438
0.0036434107
0.0036143182
0.0035851605
0.0035559318
0.0035266265
0.0034972394
0.0034677651
0.0034381984
0.0034085343
0.0033787678
0.0033488942
0.0033189087
0.0032888066
0.0032585836
0.003228235
0.0031977567
0.0031671444
0.003136394
0.0031055014
0.0030744627
0.0030432741
0.0030119318
0.0029804322
0.0029487718
0.0029169471
0.0028849548
0.0028527917
0.0028204546
0.0027879405
0.0027552465
0.0027223697
0.0026893075
0.0026560572
0.0026226163
0.0025889825
0.0025551535
0.002521127
0.0024869012
0.0024524739
0.0024178433
0.0023830078
0.0023479657
0.0023127155
0.0022772559
0.0022415856
0.0022057033
0.0021696082
0.0021332992
0.0020967756
0.0020600367
0.002023082
0.0019859109
0.0019485233
0.0019109188
0.0018730975
0.0018350594
0.0017968047
0.0017583337
0.001719647
0.001680745
0.0016416285
0.0016022984
0.0015627558
0.0015230017
0.0014830375
0.0014428647
0.0014024849
0.0013618999
0.0013211118
0.0012801225
0.0012389346
0.0011975504
0.0011559728
0.0011142046
0.0010722489
0.0010301092
0.00098778892
0.00094529202
0.00090262251
0.00085978474
0.00081678331
0.00077362312
0.00073030935
0.0006868475
0.00064324339
0.00059950315
0.00055563327
0.0005116406
0.0004675323
0.00042331594
0.00037899937
0.00033459107
0.00029009868
0.00024553445
0.00020089406
0.00015623436
0.00011137476
6.7000052e-05
2.0000012e-05
-0.022516021
-0.015948297
-0.011647707
-0.0075589324
-0.0028389352
0.0017417853
0.0055918177
0.0085678738
0.010719025
0.012156283
0.013019216
0.013449435
0.01356757
0.013467294
0.013219439
0.012876762
0.012477656
0.012049454
0.01161111
0.011175659
0.010752042
0.010345945
0.0099605683
0.0095974449
0.0092570431
0.0089391327
0.0086430226
0.0083677342
0.008112126
0.007874979
0.0076550519
0.0074511182
0.0072619899
0.0070865317
0.0069236696
0.0067723948
0.0066317651
0.0065009039
0.0063789983
0.0062652968
0.0061591055
0.0060597853
0.0059667484
0.0058794544
0.0057974073
0.0057201523
0.0056472724
0.0055783859
0.0055131432
0.0054512246
0.0053923377
0.0053362154
0.0052826135
0.005231309
0.0051820983
0.0051347957
0.0050892316
0.0050452514
0.0050027138
0.0049614905
0.0049214639
0.0048825272
0.004844583
0.0048075423
0.0047713241
0.0047358546
0.0047010663
0.004666898
0.0046332934
0.0046002015
0.0045675754
0.0045353727
0.0045035542
0.0044720842
0.0044409301
0.0044100619
0.0043794521
0.0043490755
0.0043189089
0.0042889307
0.0042591213
0.0042294624
0.0041999371
0.0041705296
0.0041412254
0.0041120108
0.004082873
0.0040538002
0.004024781
0.0039958049
0.003966862
0.0039379428
0.0039090382
0.0038801397
0.0038512391
0.0038223287
0.0037934009
0.0037644485
0.0037354645
0.0037064422
0.0036773752
0.003648257
0.0036190817
0.0035898433
0.0035605359
0.003531154
0.003501692
0.0034721446
0.0034425066
0.0034127728
0.0033829382
0.0033529979
0.0033229472
0.0032927813
0.0032624958
0.003232086
0.0032015477
0.0031708766
0.0031400685
0.0031091194
0.0030780252
0.0030467821
0.0030153863
0.0029838342
0.0029521222
0.0029202468
0.0028882047
0.0028559926
0.0028236073
0.0027910458
0.0027583052
0.0027253826
0.0026922752
0.0026589806
0.002625496
0.0025918192
0.0025579479
0.0025238798
0.0024896129
0.0024551452
0.0024204749
0.0023856002
0.0023505196
0.0023152314
0.0022797344
0.0022440272
0.0022081087
0.0021719779
0.0021356337
0.0020990755
0.0020623024
0.0020253141
0.0019881099
0.0019506897
0.0019130531
0.0018752002
0.001837131
0.0017988457
0.0017603445
0.001721628
0.0016826968
0.0016435516
0.0016041932
0.0015646226
0.0015248411
0.0014848499
0.0014446506
0.0014042446
0.001363634
0.0013228205
0.0012818064
0.001240594
0.0011991858
0.0011575845
0.0011157931
0.0010738146
0.0010316525
0.00098931027
0.00094679176
0.00090410106
0.0008612425
0.0008182207
0.00077504054
0.00073170723
0.00068822626
0.00064460347
0.00060084502
0.00055695739
0.00051294744
0.00046882235
0.00042458966
0.000380257
0.00033583288
0.00029132313
0.00024674239
0.0002020681
0.00015740485
0.00011235145
6.8328953e-05
1.8910377e-05
-0.012369057
-0.0091319627
-0.0069663762
-0.0044641953
-0.0010775294
0.0024120332
0.0054480471
0.0079001697
0.0097748616
0.011112521
0.011986711
0.012489663
0.012709425
0.012719651
0.012579577
0.012335971
0.012024795
0.011673075
0.011300784
0.010921554
0.010544509
0.010176613
0.0098226858
0.0094855717
0.0091667449
0.0088667862
0.0085856652
0.0083229344
0.0080778776
0.0078496171
0.007637187
0.007439584
0.0072558013
0.007084853
0.0069257882
0.006777701
0.0066397355
0.0065110882
0.0063910086
0.0062787986
0.0061738104
0.0060754448
0.0059831483
0.0058964107
0.0058147622
0.0057377707
0.0056650393
0.0055962036
0.0055309291
0.0054689095
0.0054098638
0.0053535349
0.0052996874
0.0052481058
0.0051985931
0.005150969
0.005105069
0.0050607424
0.0050178519
0.0049762716
0.004935887
0.0048965932
0.0048582945
0.0048209036
0.0047843407
0.0047485328
0.0047134135
0.0046789219
0.0046450025
0.0046116043
0.0045786811
0.0045461901
0.0045140925
0.0044823526
0.0044509376
0.0044198175
0.0043889646
0.0043583535
0.0043279609
0.0042977649
0.0042677458
0.0042378849
0.004208165
0.0041785702
0.0041490857
0.0041196975
0.0040903925
0.0040611587
0.0040319845
0.0040028591
0.0039737722
0.0039447142
0.0039156758
0.0038866482
0.0038576231
0.0038285924
0.0037995484
0.0037704837
0.0037413911
0.0037122638
0.003683095
0.0036538784
0.0036246076
0.0035952765
0.0035658793
0.0035364101
0.0035068633
0.0034772334
0.0034475151
0.0034177032
0.0033877924
0.003357778
0.0033276548
0.0032974183
0.0032670637
0.0032365865
0.0032059822
0.0031752466
0.0031443753
0.0031133642
0.0030822093
0.0030509067
0.0030194525
0.0029878431
0.0029560747
0.002924144
0.0028920475
0.0028597819
0.002827344
0.0027947307
0.0027619391
0.0027289663
0.0026958095
0.0026624661
0.0026289335
0.0025952093
0.0025612912
0.002527177
0.0024928646
0.002458352
0.0024236374
0.0023887189
0.002353595
0.0023182641
0.0022827248
0.0022469759
0.0022110161
0.0021748445
0.00213846
0.0021018618
0.0020650493
0.0020280219
0.0019907791
0.0019533206
0.0019156462
0.0018777557
0.0018396493
0.0018013272
0.0017627895
0.0017240369
0.0016850698
0.0016458889
0.0016064952
0.0015668896
0.0015270733
0.0014870475
0.0014468138
0.0014063737
0.0013657291
0.0013248818
0.001283834
0.001242588
0.0012011464
0.0011595117
0.0011176869
0.0010756752
0.0010334798
0.00099110424
0.00094855241
0.00090582834
0.00086293632
0.00081988097
0.00077666715
0.00073330005
0.00068978516
0.00064612831
0.00060233566
0.00055841373
0.00051436938
0.00047020978
0.00042594249
0.00038157489
0.00033711555
0.00029256784
0.00024795069
0.00020321577
0.00015854338
0.00011321836
6.9720887e-05
1.7022864e-05
-0.0078962135
-0.007134755
-0.0055587891
-0.0032749889
-0.00052782236
0.0022549771
0.0047661724
0.0068853301
0.0085798149
0.0098561834
0.01075377
0.011332278
0.011654855
0.011778674
0.011752609
0.011617217
0.011405134
0.011141988
0.010847183
0.010535066
0.010216403
0.0098991182
0.0095887652
0.0092890176
0.0090021834
0.0087296037
0.0084719186
0.0082292621
0.0080014154
0.007787922
0.0075881715
0.0074014598
0.0072270328
0.0070641176
0.0069119441
0.0067697602
0.0066368412
0.006512496
0.0063960711
0.006286952
0.0061845636
0.0060883697
0.0059978719
0.005912608
0.0058321506
0.0057561044
0.005684105
0.0056158166
0.0055509299
0.0054891606
0.0054302474
0.00537395
0.0053200483
0.00526834
0.0052186396
0.0051707773
0.0051245971
0.0050799566
0.0050367248
0.0049947822
0.0049540191
0.0049143353
0.0048756388
0.0048378457
0.0048008789
0.004764668
0.0047291484
0.004694261
0.0046599517
0.0046261708
0.0045928729
0.004560016
0.0045275619
0.0044954753
0.0044637238
0.0044322775
0.0044011089
0.0043701926
0.0043395052
0.0043090249
0.0042787316
0.0042486065
0.0042186324
0.0041887929
0.0041590729
0.0041294583
0.0040999358
0.0040704928
0.0040411176
0.004011799
0.0039825265
0.00395329
0.00392408
0.0038948875
0.0038657038
0.0038365204
0.0038073295
0.0037781234
0.0037488946
0.0037196359
0.0036903405
0.0036610017
0.0036316129
0.0036021679
0.0035726604
0.0035430845
0.0035134345
0.0034837045
0.0034538892
0.003423983
0.0033939808
0.0033638774
0.0033336677
0.0033033468
0.0032729101
0.0032423527
0.0032116701
0.003180858
0.0031499119
0.0031188276
0.003087601
0.0030562281
0.003024705
0.0029930278
0.002961193
0.0029291969
0.0028970361
0.0028647072
0.0028322069
0.0027995322
0.00276668
0.0027336473
0.0027004315
0.0026670297
0.0026334395
0.0025996584
0.002565684
0.002531514
0.0024971464
0.0024625791
0.0024278103
0.0023928382
0.0023576611
0.0023222774
0.0022866858
0.0022508849
0.0022148736
0.0021786507
0.0021422153
0.0021055666
0.0020687038
0.0020316264
0.0019943338
0.0019568258
0.001919102
0.0018811625
0.0018430072
0.0018046362
0.0017660499
0.0017272487
0.0016882331
0.0016490038
0.0016095617
0.0015699077
0.0015300429
0.0014899686
0.0014496862
0.0014091973
0.0013685037
0.0013276072
0.00128651
0.0012452142
0.0012037224
0.0011620372
0.0011201615
0.0010780982
0.0010358507
0.00099342247
0.00095081724
0.00090803902
0.00086509205
0.00082198088
0.00077871033
0.00073528554
0.00069171198
0.00064799543
0.00060414208
0.00056015846
0.00051605149
0.00047182841
0.00042749697
0.00038306448
0.00033854036
0.00029392558
0.0002492482
0.00020442742
0.00015976321
0.00011411279
7.1460855e-05
1.4524218e-05
-0.0050374623
-0.0044909105
-0.0031114328
-0.0012685902
0.00076176714
0.0028257308
0.0047704427
0.0064786377
0.0078938166
0.0090048331
0.0098284882
0.010397925
0.010753227
0.010934715
0.01097946
0.010919847
0.010783128
0.010591443
0.010362595
0.010110869
0.0098470811
0.0095789986
0.0093122652
0.0090509722
0.0087979625
0.0085550942
0.0083234837
0.0081037017
0.0078959209
0.00770003
0.0075157195
0.0073425477
0.0071799884
0.0070274674
0.0068843872
0.0067501468
0.0066241533
0.0065058321
0.0063946316
0.0062900277
0.0061915253
0.0060986592
0.0060109944
0.0059281252
0.0058496742
0.0057752914
0.0057046526
0.0056374579
0.0055734306
0.0055123151
0.0054538758
0.0053978958
0.0053441755
0.005292531
0.0052427935
0.0051948075
0.0051484303
0.0051035308
0.0050599885
0.0050176927
0.0049765419
0.0049364427
0.0048973095
0.0048590636
0.0048216327
0.0047849505
0.0047489558
0.0047135928
0.0046788097
0.0046445592
0.0046107975
0.0045774846
0.0045445832
0.0045120591
0.0044798809
0.0044480192
0.0044164471
0.0043851394
0.004354073
0.0043232263
0.004292579
0.0042621126
0.0042318094
0.0042016531
0.0041716283
0.0041417206
0.0041119163
0.0040822027
0.0040525676
0.0040229995
0.0039934876
0.0039640213
0.0039345909
0.0039051869
0.0038758001
0.0038464219
0.003817044
0.0037876582
0.0037582568
0.0037288324
0.0036993775
0.0036698853
0.0036403489
0.0036107617
0.0035811172
0.0035514092
0.0035216315
0.0034917784
0.0034618439
0.0034318224
0.0034017084
0.0033714967
0.0033411819
0.0033107589
0.0032802229
0.0032495689
0.0032187921
0.0031878881
0.0031568523
0.0031256804
0.003094368
0.0030629111
0.0030313056
0.0029995477
0.0029676336
0.0029355595
0.0029033219
0.0028709174
0.0028383427
0.0028055946
0.0027726699
0.0027395657
0.0027062791
0.0026728073
0.0026391478
0.0026052981
0.0025712556
0.0025370183
0.0025025838
0.0024679501
0.0024331154
0.0023980777
0.0023628355
0.0023273871
0.002291731
0.002255866
0.0022197908
0.0021835042
0.0021470054
0.0021102934
0.0020733675
0.002036227
0.0019988716
0.0019613007
0.0019235141
0.0018855117
0.0018472935
0.0018088596
0.0017702102
0.0017313457
0.0016922667
0.0016529738
0.0016134677
0.0015737495
0.0015338201
0.0014936807
0.0014533328
0.0014127779
0.0013720175
0.0013310537
0.0012898883
0.0012485236
0.001206962
0.0011652059
0.0011232583
0.0010811219
0.0010388
0.00099629604
0.0009536136
0.00091075658
0.00086772914
0.00082453571
0.00078118102
0.00073767011
0.00069400838
0.00065020158
0.00060625585
0.00056217778
0.00051797441
0.00047365317
0.00042922224
0.00038468933
0.00034006569
0.00029535097
0.00025058679
0.00020565928
0.00016101422
0.00011503369
7.339724e-05
1.1914221e-05
-0.0028290132
-0.0024203785
-0.0014345188
-6.7849587e-05
0.0014763372
0.0030852456
0.0046492468
0.0060653674
0.0072729806
0.0082528574
0.0090096476
0.0095609483
0.0099320982
0.010151775
0.010248293
0.010247516
0.010172064
0.010041041
0.0098703469
0.0096731331
0.0094596736
0.0092375454
0.0090124291
0.0087886244
0.0085692665
0.0083565258
0.008151832
0.0079560625
0.0077696806
0.0075928428
0.0074254831
0.0072673789
0.0071182011
0.0069775512
0.006844989
0.0067200535
0.0066022773
0.0064911977
0.0063863635
0.0062873404
0.0061937141
0.0061050921
0.0060211049
0.0059414056
0.0058656702
0.0057935968
0.0057249047
0.0056593334
0.0055966415
0.0055366057
0.0054790195
0.0054236924
0.0053704483
0.005319125
0.0052695727
0.0052216536
0.0051752406
0.0051302166
0.0050864739
0.005043913
0.0050024426
0.0049619783
0.0049224425
0.0048837636
0.0048458758
0.0048087182
0.0047722348
0.0047363738
0.0047010873
0.0046663313
0.0046320649
0.0045982503
0.0045648526
0.0045318392
0.0044991801
0.0044668472
0.0044348146
0.004403058
0.0043715548
0.0043402838
0.0043092253
0.0042783607
0.0042476726
0.0042171446
0.0041867613
0.0041565081
0.0041263712
0.0040963377
0.0040663949
0.0040365313
0.0040067354
0.0039769966
0.0039473045
0.0039176494
0.0038880217
0.0038584123
0.0038288126
0.0037992139
0.0037696082
0.0037399876
0.0037103444
0.0036806711
0.0036509607
0.003621206
0.0035914004
0.0035615372
0.00353161
0.0035016126
0.0034715388
0.0034413827
0.0034111386
0.0033808008
0.0033503638
0.0033198223
0.0032891711
0.0032584051
0.0032275194
0.0031965092
0.0031653697
0.0031340965
0.0031026851
0.0030711312
0.0030394307
0.0030075795
0.0029755737
0.0029434094
0.0029110832
0.0028785912
0.0028459303
0.0028130969
0.002780088
0.0027469006
0.0027135315
0.0026799781
0.0026462376
0.0026123075
0.0025781853
0.0025438686
0.0025093553
0.0024746432
0.0024397304
0.0024046149
0.0023692951
0.0023337694
0.0022980362
0.0022620942
0.002225942
0.0021895786
0.0021530029
0.0021162141
0.0020792113
0.0020419938
0.0020045612
0.0019669129
0.0019290488
0.0018909686
0.0018526722
0.0018141598
0.0017754316
0.0017364878
0.0016973289
0.0016579555
0.0016183684
0.0015785683
0.0015385563
0.0014983335
0.0014579012
0.0014172608
0.001376414
0.0013353624
0.001294108
0.0012526528
0.0012109992
0.0011691494
0.0011271062
0.0010848724
0.001042451
0.00099984532
0.00095705875
0.00091409506
0.00087095824
0.00082765255
0.00078418258
0.00074055323
0.00069676974
0.00065283779
0.00060876346
0.00056455335
0.00052021464
0.00047575507
0.00043118344
0.00038650827
0.00034174339
0.00029688838
0.00025200043
0.00020693666
0.00016228847
0.00011599034
7.5316351e-05
9.6624934e-06
-0.0011669512
-0.00084843035
-6.3264069e-05
0.0010459917
0.0022834649
0.0035550271
0.0047981029
0.0059419151
0.0069361359
0.0077619883
0.0084187685
0.0089146551
0.0092647701
0.0094887614
0.0096073954
0.009640421
0.0096057513
0.0095191112
0.00939386
0.0092413697
0.0090708935
0.0088894373
0.0087023177
0.0085136501
0.0083265388
0.0081432238
0.0079652636
0.0077936987
0.0076291728
0.007472027
0.0073223767
0.0071801727
0.0070452488
0.0069173576
0.0067961982
0.0066814369
0.0065727225
0.0064696979
0.0063720079
0.0062793055
0.0061912555
0.0061075374
0.0060278469
0.0059518966
0.0058794163
0.0058101534
0.0057438716
0.0056803513
0.0056193879
0.005560792
0.0055043876
0.0054500121
0.0053975148
0.0053467564
0.0052976082
0.0052499513
0.0052036759
0.0051586804
0.0051148711
0.0050721615
0.0050304715
0.0049897271
0.0049498602
0.0049108073
0.0048725101
0.0048349144
0.00479797
0.0047616305
0.0047258526
0.0046905963
0.0046558245
0.0046215024
0.0045875979
0.0045540808
0.004520923
0.0044880983
0.0044555822
0.0044233517
0.004391385
0.0043596619
0.0043281632
0.004296871
0.004265768
0.0042348382
0.0042040663
0.0041734378
0.0041429387
0.004112556
0.004082277
0.0040520897
0.0040219826
0.0039919446
0.0039619652
0.0039320341
0.0039021414
0.0038722777
0.0038424338
0.0038126009
0.0037827704
0.0037529339
0.0037230834
0.0036932111
0.0036633093
0.0036333708
0.0036033883
0.0035733549
0.0035432638
0.0035131083
0.003482882
0.0034525787
0.0034221922
0.0033917167
0.0033611463
0.0033304755
0.0032996986
0.0032688105
0.003237806
0.0032066799
0.0031754274
0.0031440438
0.0031125243
0.0030808646
0.0030490603
0.0030171072
0.0029850011
0.0029527382
0.0029203147
0.0028877268
0.002854971
0.0028220438
0.0027889421
0.0027556626
0.0027222023
0.0026885583
0.0026547278
0.0026207081
0.0025864967
0.0025520912
0.0025174894
0.002482689
0.002447688
0.0024124845
0.0023770767
0.002341463
0.0023056418
0.0022696116
0.0022333712
0.0021969193
0.0021602549
0.0021233771
0.0020862849
0.0020489778
0.002011455
0.0019737161
0.0019357609
0.0018975889
0.0018592002
0.0018205947
0.0017817726
0.0017427341
0.0017034797
0.0016640097
0.0016243249
0.0015844261
0.001544314
0.0015039899
0.0014634547
0.00142271
0.0013817571
0.0013405976
0.0012992334
0.0012576663
0.0012158985
0.0011739322
0.0011317698
0.0010894141
0.0010468679
0.0010041341
0.00096121613
0.00091811743
0.00087484179
0.00083139323
0.00078777612
0.00074399513
0.0007000553
0.00065596212
0.00061172156
0.00056734016
0.00052282517
0.00047818459
0.00043342789
0.00038856448
0.00034361082
0.00029856736
0.0002535051
0.00020826079
0.00016354085
0.00011694392
7.6929681e-05
8.2093153e-06
6.3145876e-05
0.0003552901
0.0010558012
0.0019841848
0.0029701934
0.0039796592
0.0049791637
0.0059047988
0.0067152746
0.0073993912
0.0079556897
0.0083865923
0.0087009088
0.0089123924
0.0090362482
0.0090873005
0.0090794391
0.0090252348
0.0089355719
0.0088199636
0.0086863808
0.0085409336
0.0083883232
0.0082322727
0.0080756667
0.0079206525
0.0077687822
0.007621146
0.0074784746
0.0073412193
0.0072096184
0.0070837511
0.0069635795
0.0068489814
0.006739776
0.006635743
0.0065366375
0.0064422012
0.0063521704
0.0062662822
0.0061842789
0.0061059111
0.0060309395
0.0059591361
0.0058902854
0.0058241843
0.0057606422
0.0056994808
0.0056405334
0.0055836452
0.0055286717
0.0054754791
0.0054239429
0.0053739477
0.0053253866
0.0052781604
0.0052321773
0.0051873522
0.0051436061
0.0051008659
0.0050590638
0.0050181369
0.0049780267
0.004938679
0.0049000434
0.0048620729
0.0048247239
0.0047879556
0.0047517301
0.0047160119
0.0046807679
0.004645967
0.0046115802
0.00457758
0.0045439409
0.0045106386
0.0044776505
0.0044449549
0.0044125317
0.0043803614
0.0043484259
0.0043167079
0.0042851907
0.0042538587
0.0042226969
0.0041916909
0.004160827
0.004130092
0.0040994732
0.0040689586
0.0040385363
0.0040081952
0.0039779243
0.0039477131
0.0039175515
0.0038874296
0.0038573379
0.0038272671
0.0037972083
0.0037671527
0.003737092
0.0037070178
0.0036769222
0.0036467975
0.003616636
0.0035864303
0.0035561734
0.0035258582
0.003495478
0.0034650262
0.0034344962
0.0034038819
0.0033731771
0.003342376
0.0033114727
0.0032804616
0.0032493374
0.0032180947
0.0031867284
0.0031552334
0.003123605
0.0030918385
0.0030599292
0.003027873
0.0029956653
0.0029633023
0.0029307798
0.0028980941
0.0028652416
0.0028322185
0.0027990216
0.0027656475
0.0027320931
0.0026983554
0.0026644315
0.0026303188
0.0025960144
0.0025615161
0.0025268214
0.0024919281
0.002456834
0.0024215373
0.0023860361
0.0023503285
0.0023144131
0.0022782884
0.0022419529
0.0022054055
0.0021686449
0.0021316703
0.0020944807
0.0020570754
0.0020194536
0.0019816149
0.0019435589
0.0019052853
0.0018667938
0.0018280844
0.0017891573
0.0017500125
0.0017106503
0.0016710712
0.0016312758
0.0015912646
0.0015510385
0.0015105984
0.0014699454
0.0014290806
0.0013880053
0.0013467211
0.0013052294
0.0012635322
0.0012216312
0.0011795286
0.0011372265
0.0010947274
0.001052034
0.0010091489
0.00096607523
0.00092281618
0.00087937522
0.00083575609
0.00079196285
0.00074799984
0.00070387183
0.00065958401
0.00061514209
0.0005705524
0.00052582213
0.00048095931
0.00043597378
0.0003908756
0.000345683
0.00030039767
0.00025509892
0.00020961559
0.00016471162
0.00011783693
7.7962051e-05
7.900505e-06
0.0008972521
0.0012598226
0.0020292877
0.0028216043
0.0035480332
0.0043234226
0.0051286359
0.0058762786
0.0065308628
0.0070914929
0.007556037
0.0079225807
0.0081964762
0.0083879507
0.0085082054
0.0085682533
0.008578733
0.0085495003
0.0084892364
0.0084056224
0.0083051002
0.0081926446
0.0080722582
0.007947172
0.0078199235
0.0076924541
0.0075662189
0.0074422842
0.0073214083
0.0072041065
0.0070907044
0.0069813824
0.0068762104
0.0067751762
0.006678208
0.0065851908
0.0064959804
0.006410413
0.0063283136
0.006249502
0.0061737969
0.0061010191
0.0060309945
0.0059635547
0.0058985388
0.0058357938
0.0057751751
0.0057165462
0.0056597789
0.0056047534
0.0055513573
0.0054994858
0.0054490411
0.0053999323
0.0053520744
0.0053053884
0.0052598009
0.0052152433
0.0051716519
0.0051289673
0.0050871341
0.0050461006
0.0050058186
0.0049662431
0.0049273319
0.0048890455
0.004851347
0.0048142017
0.004777577
0.0047414421
0.0047057682
0.0046705281
0.0046356959
0.0046012473
0.0045671592
0.0045334096
0.0044999778
0.0044668439
0.004433989
0.0044013951
0.0043690448
0.0043369218
0.00430501
0.0042732944
0.0042417603
0.0042103937
0.0041791809
0.0041481089
0.004117165
0.0040863371
0.0040556132
0.0040249821
0.0039944324
0.0039639535
0.003933535
0.0039031666
0.0038728385
0.0038425411
0.003812265
0.0037820012
0.0037517408
0.0037214752
0.0036911961
0.0036608953
0.0036305647
0.0036001967
0.0035697838
0.0035393185
0.0035087938
0.0034782027
0.0034475383
0.0034167942
0.0033859638
0.0033550411
0.0033240198
0.0032928941
0.0032616583
0.0032303068
0.0031988343
0.0031672354
0.0031355053
0.0031036389
0.0030716315
0.0030394785
0.0030071756
0.0029747183
0.0029421026
0.0029093245
0.0028763802
0.0028432659
0.0028099783
0.0027765137
0.0027428691
0.0027090413
0.0026750272
0.0026408242
0.0026064294
0.0025718403
0.0025370546
0.0025020698
0.0024668838
0.0024314945
0.0023959001
0.0023600988
0.0023240889
0.0022878688
0.0022514371
0.0022147926
0.002177934
0.0021408603
0.0021035705
0.0020660639
0.0020283397
0.0019903973
0.0019522362
0.0019138561
0.0018752567
0.0018364379
0.0017973996
0.001758142
0.0017186652
0.0016789696
0.0016390555
0.0015989236
0.0015585745
0.001518009
0.001477228
0.0014362326
0.0013950238
0.0013536029
0.0013119715
0.0012701309
0.001228083
0.0011858295
0.0011433724
0.0011007139
0.0010578563
0.001014802
0.00097155384
0.00092811462
0.00088448746
0.00084067575
0.00079668313
0.00075251356
0.00070817138
0.00066366137
0.00061898881
0.00057415965
0.00052918068
0.00048405966
0.00043880624
0.00039343048
0.00034795088
0.00030237008
0.0002567677
0.00021097944
0.00016575248
0.00011862166
7.8236821e-05
8.9154158e-06
0.001264942
0.0018230992
0.0029823872
0.0038459228
0.0044311178
0.0050300483
0.0056313943
0.0061610956
0.0066207714
0.0070223607
0.0073598446
0.007628579
0.0078324945
0.0079785017
0.0080734
0.0081241343
0.0081377612
0.0081207861
0.0080797196
0.0080201336
0.0079460048
0.0078610406
0.0077684663
0.0076708508
0.0075702109
0.0074681354
0.0073658599
0.0072643266
0.0071642403
0.0070661162
0.006970317
0.0068770844
0.0067865655
0.0066988342
0.0066139094
0.0065317674
0.0064523535
0.0063755903
0.0063013848
0.006229634
0.006160229
0.0060930581
0.0060280091
0.0059649714
0.005903837
0.0058445017
0.0057868654
0.0057308326
0.0056763128
0.0056232201
0.0055714738
0.0055209977
0.0054717201
0.0054235738
0.0053764957
0.0053304267
0.0052853111
0.005241097
0.0051977355
0.0051551807
0.0051133895
0.0050723212
0.0050319379
0.0049922034
0.0049530838
0.0049145471
0.004876563
0.0048391026
0.0048021388
0.0047656456
0.0047295984
0.0046939737
0.004658749
0.0046239031
0.0045894154
0.0045552662
0.0045214368
0.0044879089
0.0044546653
0.004421689
0.0043889639
0.0043564743
0.0043242052
0.0042921419
0.0042602703
0.0042285765
0.0041970473
0.0041656697
0.0041344311
0.0041033194
0.0040723226
0.0040414291
0.0040106277
0.0039799073
0.0039492573
0.0039186673
0.003888127
0.0038576265
0.0038271563
0.0037967067
0.0037662687
0.0037358333
0.0037053916
0.0036749353
0.0036444559
0.0036139454
0.0035833958
0.0035527994
0.0035221489
0.0034914367
0.0034606559
0.0034297996
0.0033988609
0.0033678334
0.0033367107
0.0033054866
0.0032741552
0.0032427106
0.0032111472
0.0031794595
0.0031476423
0.0031156904
0.0030835989
0.003051363
0.003018978
0.0029864396
0.0029537434
0.0029208854
0.0028878614
0.0028546677
0.0028213007
0.0027877568
0.0027540326
0.002720125
0.0026860308
0.0026517472
0.0026172713
0.0025826005
0.0025477322
0.0025126642
0.0024773941
0.0024419199
0.0024062395
0.0023703511
0.002334253
0.0022979436
0.0022614214
0.0022246851
0.0021877333
0.0021505651
0.0021131793
0.0020755751
0.0020377517
0.0019997085
0.0019614449
0.0019229604
0.0018842548
0.0018453278
0.0018061792
0.0017668092
0.0017272178
0.0016874051
0.0016473715
0.0016071175
0.0015666436
0.0015259503
0.0014850385
0.0014439089
0.0014025627
0.0013610008
0.0013192244
0.0012772349
0.0012350338
0.0011926225
0.0011500028
0.0011071766
0.0010641458
0.0010209126
0.00097747934
0.00093384846
0.00089002271
0.00084600501
0.00080179855
0.0007574068
0.00071283356
0.00066808305
0.00062315998
0.00057806964
0.00053281814
0.0004874125
0.00044186149
0.00039617438
0.00035036805
0.00030444555
0.00025847796
0.00021232267
0.00016663345
0.00011926859
7.7717182e-05
1.1222393e-05
0.0011210539
0.0022233936
0.00329203
0.0037632196
0.0043294389
0.0050451492
0.0056366014
0.0060795775
0.0064572163
0.0067894026
0.0070630289
0.0072778392
0.0074427166
0.0075646421
0.0076483588
0.0076989236
0.0077217791
0.0077216255
0.0077020846
0.0076661866
0.0076170497
0.0075577381
0.0074908144
0.0074182999
0.0073418274
0.0072627327
0.0071820941
0.0071007696
0.0070194368
0.0069386236
0.0068587334
0.006780066
0.0067028376
0.0066271985
0.0065532467
0.0064810382
0.0064105958
0.0063419164
0.0062749785
0.0062097462
0.0061461739
0.0060842087
0.0060237931
0.0059648672
0.0059073701
0.0058512406
0.0057964187
0.0057428455
0.0056904641
0.0056392197
0.0055890597
0.0055399341
0.0054917948
0.0054445965
0.0053982959
0.0053528519
0.0053082257
0.0052643802
0.0052212802
0.0051788925
0.0051371852
0.0050961281
0.0050556924
0.0050158505
0.0049765762
0.0049378442
0.0048996306
0.004861912
0.0048246663
0.0047878722
0.0047515088
0.0047155564
0.0046799958
0.0046448082
0.0046099758
0.004575481
0.0045413069
0.0045074371
0.0044738555
0.0044405467
0.0044074953
0.0043746867
0.0043421065
0.0043097405
0.0042775752
0.004245597
0.004213793
0.0041821503
0.0041506564
0.0041192991
0.0040880666
0.0040569471
0.0040259291
0.0039950016
0.0039641536
0.0039333744
0.0039026536
0.003871981
0.0038413465
0.0038107405
0.0037801535
0.003749576
0.0037189991
0.0036884138
0.0036578115
0.0036271837
0.0035965222
0.003565819
0.0035350662
0.0035042562
0.0034733815
0.0034424351
0.0034114098
0.0033802987
0.0033490954
0.0033177933
0.0032863861
0.0032548679
0.0032232327
0.0031914748
0.0031595888
0.0031275693
0.0030954112
0.0030631095
0.0030306594
0.0029980562
0.0029652956
0.0029323732
0.002899285
0.0028660269
0.0028325952
0.0027989862
0.0027651965
0.0027312227
0.0026970617
0.0026627104
0.002628166
0.0025934257
0.0025584869
0.0025233473
0.0024880044
0.0024524561
0.0024167003
0.0023807352
0.0023445589
0.0023081698
0.0022715663
0.002234747
0.0021977107
0.0021604562
0.0021229823
0.0020852881
0.0020473729
0.0020092358
0.0019708762
0.0019322937
0.0018934877
0.0018544581
0.0018152045
0.0017757269
0.0017360254
0.0016960998
0.0016559506
0.0016155779
0.0015749821
0.0015341638
0.0014931234
0.0014518618
0.0014103796
0.0013686777
0.0013267572
0.001284619
0.0012422645
0.0011996948
0.0011569114
0.0011139158
0.0010707097
0.0010272948
0.00098367307
0.00093984662
0.00089581767
0.00085158868
0.0008071623
0.00076254143
0.00071772926
0.00067272933
0.00062754558
0.00058218246
0.0005366451
0.00049093935
0.00044507248
0.00039905216
0.00035289194
0.00030659467
0.00026021525
0.00021364507
0.00016738007
0.00011980222
7.6537577e-05
1.4602513e-05
-0.0012502859
0.0060676936
0.0072684437
0.005923448
0.0057230162
0.0061365302
0.0063894997
0.0065252111
0.0066855986
0.0068607204
0.0070130584
0.0071369427
0.007237608
0.0073167618
0.0073742322
0.0074108234
0.0074286704
0.0074304492
0.0074184012
0.0073943056
0.0073600514
0.00731748
0.0072681863
0.0072135378
0.007154725
0.0070927697
0.007028535
0.0069627453
0.0068960049
0.0068288121
0.0067615694
0.0066945944
0.0066281346
0.0065623818
0.006497481
0.0064335378
0.0063706249
0.0063087887
0.0062480555
0.0061884364
0.0061299303
0.0060725264
0.0060162071
0.0059609498
0.0059067287
0.0058535156
0.0058012808
0.0057499939
0.0056996244
0.0056501422
0.0056015172
0.0055537203
0.0055067231
0.0054604979
0.005415018
0.0053702576
0.0053261917
0.0052827961
0.0052400473
0.0051979229
0.0051564009
0.0051154601
0.0050750798
0.0050352401
0.0049959214
0.0049571048
0.0049187718
0.0048809043
0.0048434847
0.0048064957
0.0047699204
0.0047337423
0.0046979451
0.0046625129
0.0046274301
0.0045926813
0.0045582514
0.0045241256
0.0044902893
0.0044567283
0.0044234283
0.0043903756
0.0043575565
0.0043249576
0.0042925657
0.0042603679
0.0042283513
0.0041965036
0.0041648122
0.0041332652
0.0041018507
0.0040705569
0.0040393724
0.0040082858
0.0039772863
0.0039463629
0.0039155049
0.003884702
0.003853944
0.0038232209
0.0037925228
0.0037618402
0.0037311638
0.0037004843
0.0036697929
0.0036390808
0.0036083394
0.0035775605
0.0035467359
0.0035158577
0.0034849183
0.0034539102
0.003422826
0.0033916586
0.0033604013
0.0033290473
0.0032975901
0.0032660234
0.0032343412
0.0032025375
0.0031706067
0.0031385432
0.0031063417
0.0030739971
0.0030415043
0.0030088586
0.0029760555
0.0029430904
0.0029099592
0.0028766577
0.002843182
0.0028095284
0.0027756933
0.0027416733
0.0027074651
0.0026730655
0.0026384717
0.0026036808
0.0025686901
0.0025334972
0.0024980995
0.002462495
0.0024266814
0.0023906569
0.0023544195
0.0023179675
0.0022812993
0.0022444135
0.0022073087
0.0021699837
0.0021324373
0.0020946684
0.0020566763
0.0020184601
0.0019800191
0.0019413527
0.0019024605
0.0018633419
0.0018239968
0.0017844249
0.001744626
0.0017046003
0.0016643477
0.0016238684
0.0015831627
0.0015422308
0.0015010732
0.0014596904
0.0014180829
0.0013762515
0.0013341968
0.0012919198
0.0012494213
0.0012067023
0.001163764
0.0011206075
0.0010772341
0.0010336453
0.00098984259
0.00094582754
0.00090160195
0.00085716775
0.00081252703
0.00076768207
0.00072263538
0.00067738972
0.00063194819
0.00058631422
0.00054049172
0.00049448511
0.0004482997
0.00040194098
0.00035541806
0.00030873298
0.00026191977
0.00021491072
0.00016800563
0.00012022918
7.4931847e-05
1.8626411e-05
-0.013770148
0.002906318
0.0065017848
0.0054988211
0.0056010865
0.006126023
0.0063656612
0.0064807287
0.0066210173
0.0067709454
0.0069013648
0.0070098469
0.0070998791
0.007171411
0.0072244166
0.0072601961
0.0072801951
0.0072861538
0.0072796106
0.0072619796
0.0072349054
0.0071999438
0.0071584616
0.0071116871
0.007060701
0.0070064257
0.0069496484
0.0068910414
0.0068311726
0.0067705162
0.0067094587
0.0066483067
0.0065873038
0.0065266443
0.0064664805
0.0064069284
0.0063480721
0.0062899712
0.0062326669
0.0061761863
0.0061205444
0.0060657465
0.0060117911
0.0059586714
0.0059063769
0.0058548944
0.0058042084
0.0057543023
0.0057051587
0.0056567596
0.0056090869
0.0055621223
0.0055158477
0.0054702453
0.0054252974
0.0053809865
0.0053372955
0.0052942076
0.0052517061
0.0052097747
0.0051683973
0.0051275579
0.0050872409
0.0050474307
0.0050081119
0.0049692694
0.0049308881
0.004892953
0.0048554495
0.0048183627
0.0047816781
0.0047453813
0.0047094579
0.0046738938
0.0046386747
0.0046037868
0.004569216
0.0045349487
0.0045009712
0.00446727
0.0044338317
0.004400643
0.0043676909
0.0043349623
0.0043024444
0.0042701246
0.0042379903
0.0042060292
0.004174229
0.0041425778
0.0041110637
0.004079675
0.0040484001
0.0040172279
0.0039861472
0.003955147
0.0039242165
0.0038933453
0.003862523
0.0038317394
0.0038009846
0.0037702488
0.0037395225
0.0037087964
0.0036780613
0.0036473083
0.0036165286
0.0035857139
0.0035548557
0.0035239461
0.003492977
0.003461941
0.0034308304
0.0033996381
0.003368357
0.0033369802
0.0033055012
0.0032739134
0.0032422108
0.0032103871
0.0031784366
0.0031463536
0.0031141328
0.0030817687
0.0030492564
0.003016591
0.0029837678
0.0029507822
0.0029176299
0.0028843067
0.0028508087
0.002817132
0.002783273
0.0027492282
0.0027149942
0.0026805678
0.0026459462
0.0026111263
0.0025761054
0.0025408811
0.0025054508
0.0024698123
0.0024339634
0.0023979021
0.0023616265
0.0023251349
0.0022884256
0.0022514971
0.002214348
0.0021769769
0.0021393829
0.0021015647
0.0020635215
0.0020252523
0.0019867565
0.0019480333
0.0019090823
0.001869903
0.001830495
0.001790858
0.0017509919
0.0017108964
0.0016705717
0.0016300178
0.0015892348
0.0015482229
0.0015069824
0.0014655137
0.0014238171
0.0013818933
0.0013397428
0.0012973662
0.0012547643
0.0012119379
0.0011688878
0.0011256151
0.0010821206
0.0010384055
0.00099447114
0.00095031867
0.00090594953
0.00086136524
0.00081656745
0.00077155797
0.00072633877
0.000680912
0.00063528005
0.00058944556
0.00054341147
0.000497181
0.00045075789
0.00040414582
0.00035735035
0.0003103726
0.00026323034
0.00021588672
0.00016848912
0.00012056028
7.3670744e-05
2.1913778e-05
-0.011632713
0.0026685259
0.0059681383
0.0053586227
0.0055431608
0.0060427156
0.0062942812
0.0064309807
0.0065779428
0.0067249223
0.006849826
0.0069523836
0.0070366356
0.0071033682
0.0071529051
0.0071864702
0.0072056055
0.0072119489
0.0072067405
0.0071911554
0.0071667215
0.0071348567
0.0070968019
0.0070536939
0.0070065278
0.0069561358
0.0069032308
0.0068484324
0.0067922718
0.0067351974
0.0066775751
0.0066196947
0.0065617904
0.0065040519
0.006446631
0.0063896449
0.00633318
0.0062772996
0.00622205
0.0061674649
0.0061135662
0.0060603665
0.0060078715
0.0059560824
0.0059049964
0.005854608
0.0058049093
0.0057558908
0.0057075423
0.0056598525
0.0056128098
0.0055664021
0.0055206172
0.0054754428
0.0054308664
0.0053868755
0.0053434577
0.0053006002
0.0052582907
0.0052165164
0.0051752647
0.005134523
0.0050942786
0.0050545186
0.0050152302
0.0049764007
0.004938017
0.0049000663
0.0048625355
0.0048254116
0.0047886816
0.0047523323
0.0047163506
0.0046807234
0.0046454376
0.0046104801
0.0045758378
0.0045414977
0.0045074467
0.0044736719
0.0044401603
0.0044068993
0.0043738759
0.0043410776
0.0043084917
0.0042761059
0.0042439077
0.0042118851
0.0041800258
0.0041483179
0.0041167498
0.0040853096
0.0040539859
0.0040227674
0.003991643
0.0039606016
0.0039296325
0.0038987251
0.0038678688
0.0038370536
0.0038062693
0.0037755061
0.0037447544
0.0037140047
0.0036832479
0.0036524747
0.0036216766
0.0035908447
0.0035599708
0.0035290466
0.0034980642
0.0034670157
0.0034358937
0.0034046907
0.0033733996
0.0033420135
0.0033105256
0.0032789295
0.0032472187
0.0032153872
0.003183429
0.0031513384
0.0031191099
0.0030867382
0.0030542181
0.0030215447
0.0029887132
0.002955719
0.0029225577
0.0028892251
0.0028557171
0.00282203
0.0027881599
0.0027541034
0.002719857
0.0026854176
0.0026507821
0.0026159476
0.0025809113
0.0025456706
0.0025102232
0.0024745666
0.0024386987
0.0024026174
0.0023663208
0.0023298072
0.0022930748
0.0022561221
0.0022189478
0.0021815504
0.0021439287
0.0021060818
0.0020680086
0.0020297082
0.0019911798
0.0019524228
0.0019134366
0.0018742206
0.0018347745
0.0017950979
0.0017551906
0.0017150524
0.0016746832
0.0016340831
0.0015932521
0.0015521903
0.0015108979
0.0014693752
0.0014276226
0.0013856404
0.0013434291
0.0013009893
0.0012583215
0.0012154264
0.0011723047
0.0011289572
0.0010853847
0.0010415882
0.00099756859
0.000953327
0.00090886456
0.00086418253
0.00081928224
0.00077416518
0.00072883294
0.00068328726
0.00063753007
0.00059156345
0.00054538967
0.00049901118
0.00045243061
0.00040565051
0.00035867389
0.00031150194
0.00026413953
0.00021657778
0.00016883882
0.00012086003
7.274376e-05
2.441221e-05
-0.0022618922
0.0033794346
0.0053975215
0.0052836376
0.0054333387
0.005844052
0.0061311534
0.0063099618
0.0064697674
0.0066200547
0.0067477503
0.0068519753
0.0069366116
0.0070034678
0.0070533718
0.0070875913
0.0071075797
0.0071147768
0.0071109578
0.007097848
0.0070766959
0.0070486139
0.0070146573
0.0069758327
0.0069330877
0.0068872049
0.0068388355
0.006788542
0.0067368142
0.0066840761
0.006630664
0.0065768338
0.006522798
0.0064687368
0.0064147985
0.0063610987
0.0063077237
0.0062547388
0.006202195
0.0061501317
0.0060985771
0.00604755
0.0059970631
0.005947125
0.0058977407
0.0058489126
0.0058006406
0.0057529234
0.0057057584
0.005659142
0.00561307
0.0055675376
0.0055225393
0.0054780694
0.0054341218
0.0053906898
0.0053477666
0.005305345
0.0052634173
0.0052219758
0.0051810122
0.0051405178
0.005100484
0.0050609014
0.0050217606
0.0049830519
0.0049447651
0.0049068899
0.0048694159
0.0048323321
0.0047956277
0.0047592912
0.0047233115
0.0046876768
0.0046523756
0.004617396
0.0045827261
0.0045483539
0.0045142673
0.0044804542
0.0044469025
0.0044135999
0.0043805344
0.0043476938
0.0043150659
0.0042826388
0.0042504004
0.0042183388
0.0041864421
0.0041546986
0.0041230966
0.0040916247
0.0040602713
0.0040290253
0.0039978756
0.0039668111
0.0039358211
0.0039048949
0.003874022
0.0038431922
0.0038123954
0.0037816216
0.0037508611
0.0037201043
0.003689342
0.0036585651
0.0036277644
0.0035969314
0.0035660576
0.0035351345
0.0035041542
0.0034731087
0.0034419903
0.0034107916
0.0033795053
0.0033481244
0.003316642
0.0032850514
0.0032533464
0.0032215205
0.0031895679
0.0031574827
0.0031252592
0.0030928921
0.0030603762
0.0030277063
0.0029948778
0.0029618858
0.002928726
0.002895394
0.0028618858
0.0028281973
0.002794325
0.0027602651
0.0027260142
0.0026915691
0.0026569267
0.002622084
0.0025870382
0.0025517868
0.0025163271
0.0024806568
0.0024447738
0.0024086758
0.0023723611
0.0023358277
0.0022990739
0.0022620982
0.0022248991
0.0021874753
0.0021498255
0.0021119485
0.0020738434
0.0020355093
0.0019969453
0.0019581506
0.0019191247
0.0018798669
0.0018403768
0.001800654
0.0017606982
0.0017205091
0.0016800866
0.0016394305
0.0015985409
0.0015574177
0.0015160611
0.0014744712
0.0014326482
0.0013905924
0.001348304
0.0013057834
0.001263031
0.0012200473
0.0011768328
0.001133388
0.0010897135
0.00104581
0.0010016781
0.00095731852
0.00091273214
0.00086791978
0.00082288236
0.00077762088
0.00073213643
0.00068643015
0.0006405033
0.00059435718
0.00054799315
0.00050141254
0.0004546165
0.00040760603
0.00036038069
0.00031294173
0.00026527702
0.00021741404
0.00016921211
0.00012114137
7.143571e-05
2.766144e-05
0.0014673912
0.0029795874
0.0044974972
0.0050636362
0.0053721861
0.0057400266
0.0060464254
0.0062586193
0.0064284396
0.0065781366
0.0067044927
0.0068066506
0.006888004
0.0069511934
0.0069977332
0.007029138
0.0070470796
0.0070532052
0.0070491181
0.0070362347
0.0070157531
0.0069887985
0.0069564504
0.0069196182
0.0068790676
0.0068355329
0.0067896673
0.0067419921
0.0066929395
0.006642926
0.0065922904
0.0065412551
0.0064899939
0.006438658
0.0063873805
0.0063362602
0.006285361
0.0062347341
0.0061844259
0.0061344744
0.006084907
0.0060357431
0.0059869971
0.0059386809
0.0058908036
0.0058433709
0.0057963874
0.0057498561
0.0057037796
0.0056581593
0.0056129962
0.0055682905
0.0055240419
0.0054802498
0.0054369128
0.0053940291
0.0053515964
0.0053096118
0.0052680719
0.0052269729
0.0051863103
0.005146079
0.0051062737
0.0050668883
0.0050279163
0.0049893506
0.0049511839
0.0049134083
0.0048760153
0.0048389964
0.0048023424
0.0047660439
0.0047300911
0.004694474
0.0046591822
0.0046242052
0.0045895321
0.0045551522
0.004521054
0.0044872266
0.0044536583
0.0044203377
0.0043872533
0.0043543934
0.0043217463
0.0042893005
0.0042570442
0.0042249659
0.0041930538
0.0041612965
0.0041296824
0.0040982002
0.0040668386
0.0040355864
0.0040044324
0.0039733657
0.0039423756
0.0039114513
0.0038805824
0.0038497585
0.0038189693
0.003788205
0.0037574557
0.0037267117
0.0036959636
0.0036652022
0.0036344184
0.0036036033
0.0035727484
0.0035418451
0.0035108853
0.003479861
0.0034487642
0.0034175875
0.0033863235
0.0033549649
0.0033235049
0.0032919366
0.0032602536
0.0032284494
0.0031965181
0.0031644535
0.0031322502
0.0030999024
0.0030674049
0.0030347526
0.0030019406
0.002968964
0.0029358185
0.0029024995
0.002869003
0.0028353249
0.0028014615
0.002767409
0.0027331639
0.002698723
0.0026640832
0.0026292413
0.0025941946
0.0025589404
0.0025234761
0.0024877993
0.0024519078
0.0024157995
0.0023794723
0.0023429243
0.002306154
0.0022691595
0.0022319395
0.0021944925
0.0021568172
0.0021189125
0.0020807773
0.0020424106
0.0020038116
0.0019649793
0.0019259132
0.0018866126
0.001847077
0.0018073058
0.0017672987
0.0017270553
0.0016865754
0.0016458587
0.0016049052
0.0015637147
0.0015222871
0.0014806225
0.0014387208
0.0013965823
0.0013542069
0.0013115948
0.0012687463
0.0012256614
0.0011823406
0.0011387839
0.0010949917
0.0010509643
0.001006702
0.00096220508
0.00091747399
0.00087250907
0.00082731072
0.00078187935
0.00073621541
0.00069031935
0.00064419159
0.00059783255
0.00055124252
0.0005044216
0.00045736938
0.00041008523
0.00036256537
0.00031481115
0.00026679396
0.000218578
0.00016985879
0.0001216558
7.0254619e-05
3.1340059e-05
0.0029711909
0.0035675057
0.004526606
0.005100273
0.0054124124
0.0057172484
0.0060006678
0.0062200792
0.0063938065
0.0065413174
0.006664858
0.0067643913
0.0068427254
0.00690276
0.0069464747
0.0069755824
0.006991816
0.0069968285
0.0069921418
0.0069791366
0.0069590462
0.0069329774
0.0069019229
0.0068667524
0.0068282077
0.0067869482
0.0067435484
0.0066985034
0.0066522119
0.0066049393
0.0065569116
0.0065083688
0.0064594974
0.0064104375
0.0063613376
0.0063123183
0.0062634394
0.0062147426
0.0061662704
0.0061180614
0.0060701398
0.0060225212
0.0059752211
0.0059282549
0.0058816353
0.0058353719
0.0057894732
0.0057439467
0.005698799
0.0056540357
0.0056096618
0.0055656814
0.0055220983
0.0054789156
0.0054361355
0.00539376
0.00535179
0.0053102261
0.0052690678
0.0052283144
0.0051879642
0.0051480148
0.0051084633
0.0050693061
0.0050305389
0.0049921567
0.0049541542
0.0049165251
0.004879263
0.0048423607
0.0048058106
0.0047696045
0.0047337341
0.0046981905
0.0046629643
0.0046280461
0.0045934259
0.0045590936
0.0045250388
0.0044912509
0.0044577192
0.0044244326
0.0043913802
0.0043585508
0.004325933
0.0042935156
0.0042612873
0.0042292366
0.0041973522
0.0041656227
0.0041340369
0.0041025833
0.004071251
0.0040400287
0.0040089054
0.0039778702
0.0039469123
0.0039160211
0.0038851861
0.0038543968
0.0038236431
0.003792915
0.0037622025
0.003731496
0.0037007859
0.003670063
0.0036393181
0.0036085423
0.0035777268
0.0035468632
0.0035159432
0.0034849586
0.0034539015
0.0034227643
0.0033915394
0.0033602197
0.0033287981
0.0032972678
0.0032656221
0.0032338545
0.003201959
0.0031699296
0.0031377603
0.0031054457
0.0030729803
0.003040359
0.0030075768
0.0029746289
0.0029415106
0.0029082176
0.0028747456
0.0028410907
0.0028072488
0.0027732163
0.0027389897
0.0027045657
0.002669941
0.0026351126
0.0026000776
0.0025648333
0.0025293771
0.0024937066
0.0024578195
0.0024217136
0.0023853869
0.0023488375
0.0023120637
0.0022750637
0.0022378361
0.0022003794
0.0021626922
0.0021247735
0.002086622
0.0020482368
0.0020096168
0.0019707614
0.0019316696
0.0018923408
0.0018527744
0.0018129699
0.0017729268
0.0017326446
0.0016921231
0.0016513618
0.0016103606
0.0015691193
0.0015276376
0.0014859154
0.0014439527
0.0014017493
0.0013593051
0.0013166203
0.0012736947
0.0012305283
0.0011871211
0.0011434731
0.0010995843
0.0010554548
0.0010110844
0.00096647319
0.00092162113
0.00087652815
0.00083119419
0.00078561914
0.00073980288
0.00069374523
0.00064744597
0.00060090473
0.00055412098
0.00050709393
0.0004598221
0.0004123039
0.00036453363
0.00031651329
0.00026820425
0.0002196976
0.00017057731
0.00012225355
6.9607998e-05
3.4237342e-05
0.0038092231
0.0040881265
0.0046362407
0.0051030767
0.0054293982
0.0057202977
0.0059889154
0.0062096779
0.006386016
0.0065312781
0.0066506091
0.0067456724
0.0068192645
0.0068744714
0.0069137042
0.0069389443
0.0069520253
0.0069546334
0.0069482767
0.0069342927
0.0069138568
0.0068879984
0.0068576221
0.0068235157
0.0067863537
0.0067467186
0.0067051108
0.0066619526
0.0066175873
0.006572285
0.0065262788
0.0064797802
0.0064329673
0.0063859746
0.0063388658
0.0062916898
0.0062445217
0.0061974157
0.0061504231
0.0061036022
0.006056987
0.0060105942
0.0059644406
0.0059185449
0.0058729223
0.005827584
0.0057825413
0.0057378059
0.0056933886
0.0056492988
0.0056055451
0.0055621354
0.005519077
0.005476376
0.0054340379
0.0053920674
0.0053504684
0.0053092439
0.0052683961
0.0052279263
0.0051878351
0.0051481221
0.0051087864
0.005069826
0.0050312384
0.0049930202
0.0049551673
0.0049176751
0.0048805381
0.0048437504
0.0048073055
0.0047711963
0.0047354152
0.0046999541
0.0046648047
0.0046299579
0.0045954047
0.0045611355
0.0045271404
0.0044934093
0.0044599319
0.0044266976
0.0043936958
0.0043609156
0.004328346
0.004295976
0.0042637944
0.00423179
0.0041999517
0.0041682682
0.0041367284
0.004105321
0.004074035
0.0040428593
0.0040117829
0.003980795
0.0039498848
0.0039190416
0.0038882549
0.0038575143
0.0038268097
0.0037961308
0.0037654679
0.0037348111
0.0037041509
0.003673478
0.0036427832
0.0036120574
0.0035812919
0.0035504782
0.0035196077
0.0034886725
0.0034576644
0.0034265758
0.0033953991
0.003364127
0.0033327523
0.0033012683
0.0032696681
0.0032379453
0.0032060937
0.0031741072
0.0031419799
0.0031097062
0.0030772807
0.0030446982
0.0030119535
0.0029790418
0.0029459586
0.0029126993
0.0028792596
0.0028456356
0.0028118231
0.0027778187
0.0027436186
0.0027092194
0.002674618
0.0026398114
0.0026047964
0.0025695706
0.0025341311
0.0024984756
0.0024626017
0.0024265073
0.0023901902
0.0023536487
0.0023168808
0.002279885
0.0022426595
0.002205203
0.0021675142
0.0021295917
0.0020914345
0.0020530414
0.0020144115
0.001975544
0.0019364379
0.0018970926
0.0018575073
0.0018176816
0.0017776149
0.0017373066
0.0016967564
0.0016559638
0.0016149286
0.0015736503
0.0015321288
0.0014903638
0.001448355
0.0014061022
0.0013636053
0.0013208641
0.0012778783
0.0012346477
0.0011911722
0.0011474515
0.0011034853
0.0010592735
0.0010148156
0.00097011145
0.00092516054
0.00087996249
0.00083451682
0.00078882298
0.00074288037
0.00069668829
0.00065024594
0.0006035524
0.00055660651
0.0005094069
0.00046195152
0.00041423841
0.00036626137
0.00031802353
0.00026948293
0.00022074644
0.00017134419
0.00012289914
6.9513746e-05
3.6188464e-05
0.0042857644
0.0044389214
0.004790369
0.005174824
0.0054951769
0.0057732325
0.0060237326
0.0062358968
0.006407701
0.0065465995
0.0066582168
0.0067455604
0.0068116746
0.0068597668
0.0068925508
0.0069122402
0.006920756
0.0069197904
0.0069108095
0.0068950746
0.0068736695
0.0068475255
0.0068174435
0.0067841091
0.0067481046
0.0067099239
0.0066699858
0.006628641
0.0065861782
0.006542832
0.0064987962
0.0064542358
0.0064092878
0.0063640591
0.0063186272
0.0062730626
0.006227438
0.0061818215
0.0061362517
0.0060907405
0.0060453134
0.0060000014
0.0059548334
0.0059098418
0.0058650526
0.0058204818
0.0057761448
0.0057320582
0.0056882361
0.0056446914
0.0056014366
0.0055584834
0.0055158424
0.0054735231
0.0054315341
0.0053898829
0.0053485757
0.0053076181
0.0052670145
0.0052267682
0.0051868815
0.0051473561
0.0051081923
0.0050693897
0.0050309472
0.0049928625
0.0049551328
0.0049177543
0.0048807228
0.004844033
0.0048076793
0.0047716553
0.0047359542
0.0047005685
0.0046654902
0.0046307111
0.0045962225
0.004562015
0.0045280794
0.0044944059
0.0044609844
0.0044278047
0.0043948563
0.0043621286
0.0043296108
0.004297292
0.0042651613
0.0042332076
0.0042014198
0.0041697867
0.0041382974
0.0041069405
0.0040757052
0.0040445803
0.0040135549
0.0039826182
0.0039517593
0.0039209677
0.0038902328
0.0038595442
0.0038288916
0.003798265
0.0037676543
0.0037370498
0.003706442
0.0036758213
0.0036451786
0.0036145049
0.0035837912
0.003553029
0.0035222098
0.0034913254
0.0034603678
0.0034293291
0.0033982019
0.0033669786
0.0033356522
0.0033042157
0.0032726624
0.0032409856
0.0032091792
0.003177237
0.0031451532
0.0031129219
0.0030805379
0.0030479956
0.0030152902
0.0029824167
0.0029493705
0.0029161469
0.0028827418
0.002849151
0.0028153706
0.0027813968
0.002747226
0.0027128548
0.0026782799
0.0026434983
0.0026085071
0.0025733033
0.0025378846
0.0025022482
0.002466392
0.0024303136
0.0023940111
0.0023574824
0.0023207258
0.0022837396
0.0022465221
0.0022090719
0.0021713876
0.002133468
0.0020953118
0.002056918
0.0020182855
0.0019794135
0.0019403011
0.0019009475
0.001861352
0.001821514
0.0017814329
0.0017411081
0.0017005392
0.0016597256
0.001618667
0.0015773631
0.0015358133
0.0014940174
0.0014519751
0.001409686
0.0013671498
0.0013243661
0.0012813347
0.0012380552
0.0011945272
0.0011507502
0.0011067239
0.0010624478
0.0010179212
0.0009731436
0.00092811434
0.00088283267
0.00083729776
0.0007915087
0.00074546448
0.00069916398
0.00065260595
0.00060578902
0.00055871162
0.00051137202
0.00046376797
0.0004158976
0.00036775531
0.00031934554
0.00027062892
0.00022171748
0.00017214135
0.00012356787
6.9920227e-05
3.7177462e-05
0.004545616
0.0046538628
0.0049228747
0.0052599171
0.0055726779
0.0058469514
0.0060887007
0.0062931512
0.0064579558
0.0065880282
0.0066892529
0.0067659117
0.0068217137
0.0068601847
0.0068843384
0.0068966067
0.0068989902
0.0068931627
0.0068805166
0.0068622052
0.0068391861
0.0068122567
0.0067820832
0.0067492221
0.0067141378
0.006677218
0.0066387868
0.006599114
0.0065584225
0.0065168955
0.0064746851
0.0064319209
0.0063887125
0.0063451508
0.0063013097
0.0062572525
0.0062130372
0.0061687163
0.0061243297
0.006079911
0.0060354987
0.0059911341
0.0059468498
0.0059026641
0.005858597
0.0058146733
0.0057709189
0.0057273598
0.0056840163
0.0056409057
0.0055980446
0.0055554483
0.0055131307
0.0054711045
0.005429381
0.0053879705
0.0053468819
0.0053061227
0.0052656994
0.0052256173
0.0051858803
0.0051464914
0.0051074525
0.0050687645
0.0050304272
0.0049924395
0.0049547993
0.004917504
0.0048805497
0.0048439322
0.0048076463
0.0047716862
0.0047360455
0.0047007173
0.004665694
0.0046309678
0.0045965301
0.0045623721
0.0045284847
0.0044948583
0.0044614831
0.0044283491
0.0043954459
0.004362763
0.0043302899
0.0042980156
0.0042659294
0.0042340202
0.004202277
0.0041706888
0.0041392444
0.0041079328
0.0040767429
0.0040456637
0.0040146843
0.0039837938
0.0039529814
0.0039222365
0.0038915484
0.0038609069
0.0038303015
0.0037997221
0.0037691588
0.0037386017
0.0037080413
0.0036774679
0.0036468725
0.0036162458
0.0035855791
0.0035548636
0.0035240908
0.0034932526
0.0034623407
0.0034313474
0.003400265
0.0033690862
0.0033378036
0.0033064104
0.0032748996
0.0032432649
0.0032114997
0.003179598
0.0031475539
0.0031153615
0.0030830155
0.0030505105
0.0030178413
0.0029850031
0.0029519911
0.0029188009
0.002885428
0.0028518685
0.0028181182
0.0027841734
0.0027500304
0.002715686
0.0026811367
0.0026463795
0.0026114114
0.0025762296
0.0025408315
0.0025052146
0.0024693766
0.0024333151
0.0023970281
0.0023605137
0.00232377
0.0022867952
0.0022495879
0.0022121465
0.0021744695
0.0021365557
0.002098404
0.0020600131
0.0020213821
0.0019825099
0.0019433959
0.001904039
0.0018644386
0.001824594
0.0017845046
0.0017441697
0.0017035889
0.0016627616
0.0016216874
0.0015803658
0.0015387963
0.0014969787
0.0014549123
0.0014125969
0.0013700319
0.001327217
0.0012841518
0.0012408356
0.0011972681
0.0011534486
0.0011093765
0.0010650512
0.0010204719
0.0009756378
0.00093054797
0.00088520143
0.00083959707
0.00079373369
0.00074760994
0.00070122437
0.00065457537
0.00060766121
0.00056048001
0.00051302983
0.00046530842
0.00041731414
0.00036904261
0.00032049935
0.00027165177
0.00022260792
0.00017294176
0.00012422367
7.0712326e-05
3.727089e-05
0.0046459989
0.0047479942
0.005006883
0.0053409227
0.0056606823
0.0059415714
0.006182822
0.0063813356
0.0065369588
0.00665517
0.0067427888
0.0068054825
0.0068479478
0.0068742305
0.0068876506
0.0068908068
0.0068857267
0.0068740075
0.0068569087
0.0068354215
0.0068103301
0.0067822593
0.0067517106
0.006719089
0.0066847239
0.0066488847
0.0066117936
0.0065736348
0.0065345617
0.0064947025
0.0064541662
0.0064130476
0.0063714297
0.0063293847
0.0062869759
0.00624426
0.0062012905
0.0061581175
0.0061147865
0.0060713385
0.0060278132
0.0059842495
0.0059406823
0.0058971424
0.0058536617
0.0058102742
0.0057670083
0.0057238858
0.0056809296
0.0056381633
0.0055956095
0.0055532885
0.0055112174
0.005469412
0.0054278866
0.0053866536
0.0053457243
0.0053051083
0.0052648138
0.0052248477
0.0051852155
0.0051459215
0.0051069688
0.0050683591
0.0050300934
0.0049921714
0.0049545918
0.0049173524
0.0048804503
0.0048438815
0.0048076415
0.0047717248
0.0047361254
0.0047008368
0.0046658517
0.0046311624
0.0045967607
0.004562638
0.0045287853
0.0044951932
0.004461852
0.0044287518
0.0043958825
0.0043632335
0.0043307943
0.0042985542
0.0042665023
0.0042346277
0.0042029194
0.0041713664
0.0041399575
0.0041086818
0.004077528
0.0040464853
0.0040155427
0.0039846893
0.0039539143
0.0039232069
0.0038925567
0.0038619532
0.003831386
0.0038008449
0.00377032
0.0037398015
0.0037092795
0.0036787447
0.0036481877
0.0036175994
0.0035869709
0.0035562935
0.0035255586
0.003494758
0.0034638835
0.0034329272
0.0034018815
0.003370739
0.0033394923
0.0033081345
0.0032766587
0.0032450583
0.003213327
0.0031814586
0.003149447
0.0031172867
0.003084972
0.0030524976
0.0030198583
0.0029870492
0.0029540657
0.002920903
0.002887557
0.0028540234
0.0028202982
0.0027863776
0.002752258
0.002717936
0.0026834082
0.0026486716
0.0026137232
0.0025785601
0.0025431797
0.0025075795
0.0024717571
0.0024357103
0.002399437
0.0023629352
0.0023262031
0.0022892388
0.0022520409
0.0022146078
0.002176938
0.0021390304
0.0021008835
0.0020624964
0.002023868
0.0019849972
0.0019458833
0.0019065253
0.0018669226
0.0018270743
0.0017869799
0.0017466386
0.00170605
0.0016652135
0.0016241285
0.0015827946
0.0015412113
0.001499378
0.0014572944
0.0014149599
0.0013723741
0.0013295363
0.0012864462
0.001243103
0.0011995062
0.001155655
0.0011115488
0.0010671868
0.0010225679
0.0009776913
0.00093255583
0.00088716032
0.00084150343
0.00079558371
0.00074939958
0.00070294928
0.00065623094
0.00060924253
0.00056198191
0.00051444692
0.0004666353
0.00041854555
0.00037017451
0.00032152808
0.00027258242
0.00022343418
0.00017373137
0.0001248429
7.1755846e-05
3.6596192e-05
0.0045982166
0.0047030107
0.005028003
0.0054252255
0.0057809492
0.0060778496
0.0063199272
0.0065088001
0.0066491771
0.0067494252
0.0068181287
0.006862449
0.0068881038
0.0068996184
0.0069004719
0.0068932511
0.0068798549
0.0068616805
0.0068397565
0.006814839
0.0067874864
0.0067581147
0.0067270378
0.006694496
0.0066606765
0.0066257283
0.0065897727
0.0065529112
0.0065152305
0.0064768068
0.0064377086
0.0063979996
0.0063577396
0.006316985
0.0062757896
0.0062342051
0.0061922821
0.0061500701
0.0061076163
0.0060649657
0.0060221621
0.0059792483
0.0059362651
0.005893251
0.0058502423
0.0058072745
0.0057643797
0.0057215876
0.0056789277
0.0056364276
0.0055941111
0.0055519994
0.005510113
0.005468471
0.0054270905
0.0053859863
0.0053451715
0.0053046572
0.0052644535
0.0052245684
0.0051850087
0.0051457797
0.0051068855
0.0050683287
0.0050301111
0.0049922328
0.0049546934
0.0049174912
0.0048806235
0.004844087
0.0048078772
0.0047719893
0.0047364175
0.0047011553
0.0046661958
0.0046315315
0.0045971543
0.0045630558
0.004529227
0.0044956587
0.0044623414
0.0044292651
0.0043964197
0.0043637949
0.0043313801
0.0042991646
0.0042671376
0.0042352882
0.0042036054
0.0041720781
0.0041406953
0.004109446
0.0040783189
0.0040473032
0.0040163878
0.0039855618
0.0039548145
0.0039241351
0.003893513
0.0038629377
0.0038323989
0.0038018864
0.0037713901
0.0037409002
0.0037104069
0.0036799007
0.0036493723
0.0036188126
0.0035882125
0.0035575634
0.0035268567
0.003496084
0.0034652373
0.0034343085
0.0034032901
0.0033721745
0.0033409544
0.0033096228
0.0032781729
0.003246598
0.0032148918
0.003183048
0.0031510606
0.0031189239
0.0030866324
0.0030541806
0.0030215634
0.0029887759
0.0029558133
0.002922671
0.0028893447
0.0028558302
0.0028221235
0.0027882207
0.0027541183
0.0027198128
0.0026853008
0.0026505793
0.0026156453
0.0025804959
0.0025451285
0.0025095405
0.0024737296
0.0024376935
0.0024014302
0.0023649376
0.0023282138
0.0022912572
0.0022540661
0.002216639
0.0021789744
0.0021410711
0.0021029278
0.0020645433
0.0020259167
0.0019870468
0.0019479329
0.001908574
0.0018689693
0.0018291182
0.00178902
0.0017486739
0.0017080795
0.001667236
0.0016261431
0.0015848
0.0015432064
0.0015013616
0.0014592652
0.0014169166
0.0013743153
0.0013314607
0.0012883522
0.0012449891
0.0012013708
0.0011574964
0.0011133651
0.001068976
0.0010243282
0.00097942036
0.00093425142
0.00088882
0.0008431246
0.00079716359
0.00075093517
0.00070443739
0.00065766813
0.00061062511
0.00056330593
0.00051570816
0.00046782936
0.00041966784
0.00037122113
0.00032249438
0.00027347209
0.00022423387
0.00017451635
0.00012542255
7.2921594e-05
3.5316738e-05
0.0044485388
0.0045167598
0.0049162064
0.0054173006
0.0058607735
0.0062089631
0.0064673102
0.0066511937
0.006776085
0.0068559723
0.0069030836
0.0069268461
0.0069341614
0.0069300026
0.0069179005
0.0069002748
0.0068787455
0.0068543933
0.0068279348
0.0067998391
0.0067704092
0.0067398395
0.0067082544
0.006675735
0.0066423359
0.006608097
0.0065730513
0.0065372291
0.0065006612
0.0064633806
0.006425423
0.0063868274
0.0063476358
0.0063078929
0.0062676452
0.0062269405
0.0061858279
0.0061443572
0.0061025775
0.0060605374
0.0060182846
0.0059758658
0.0059333259
0.0058907076
0.0058480518
0.0058053975
0.0057627813
0.0057202372
0.0056777973
0.0056354912
0.0055933458
0.0055513862
0.0055096354
0.005468114
0.0054268401
0.0053858301
0.0053450986
0.0053046586
0.005264521
0.0052246949
0.005185188
0.0051460066
0.0051071552
0.0050686373
0.0050304551
0.0049926093
0.0049550997
0.0049179252
0.0048810834
0.0048445712
0.0048083845
0.0047725185
0.0047369678
0.0047017259
0.0046667862
0.0046321413
0.0045977831
0.0045637033
0.0045298932
0.0044963434
0.0044630445
0.0044299867
0.0043971599
0.0043645536
0.0043321575
0.0042999609
0.0042679529
0.0042361226
0.0042044591
0.0041729513
0.004141588
0.0041103584
0.0040792512
0.0040482555
0.0040173602
0.0039865545
0.0039558274
0.0039251684
0.0038945667
0.0038640119
0.0038334936
0.0038030016
0.0037725258
0.0037420563
0.0037115834
0.0036810975
0.0036505893
0.0036200497
0.0035894696
0.0035588403
0.0035281532
0.0034974
0.0034665724
0.0034356627
0.003404663
0.0033735658
0.003342364
0.0033110503
0.003279618
0.0032480604
0.003216371
0.0031845438
0.0031525726
0.0031204517
0.0030881756
0.0030557388
0.0030231362
0.0029903629
0.002957414
0.002924285
0.0028909715
0.0028574693
0.0028237745
0.0027898832
0.0027557917
0.0027214966
0.0026869945
0.0026522824
0.0026173573
0.0025822163
0.0025468567
0.0025112761
0.002475472
0.0024394422
0.0024031845
0.0023666971
0.002329978
0.0022930254
0.0022558378
0.0022184136
0.0021807514
0.0021428498
0.0021047077
0.0020663238
0.0020276971
0.0019888266
0.0019497114
0.0019103506
0.0018707435
0.0018308892
0.001790787
0.0017504364
0.0017098367
0.0016689873
0.0016278876
0.0015865371
0.0015449351
0.0015030813
0.001460975
0.0014186156
0.0013760025
0.0013331353
0.0012900131
0.0012466353
0.0012030011
0.0011591097
0.0011149603
0.0010705518
0.0010258831
0.00098095303
0.00093576032
0.0008903035
0.00084458096
0.00079859094
0.00075233151
0.00070580054
0.00065899573
0.00061191457
0.00056455441
0.00051691247
0.00046898596
0.00042077257
0.00037226973
0.00032348043
0.00027439514
0.00022507238
0.00017533586
0.00012599676
7.4113373e-05
3.3632421e-05
0.0039047267
0.0045303899
0.0050926008
0.0055867036
0.0060476322
0.0064075574
0.0066531541
0.0068116573
0.0069083052
0.0069607318
0.0069828585
0.0069851998
0.0069748607
0.006956456
0.0069330951
0.0069067602
0.006878643
0.0068494327
0.0068195067
0.0067890486
0.0067581245
0.0067267342
0.0066948434
0.0066624041
0.0066293673
0.0065956903
0.0065613404
0.0065262966
0.0064905502
0.0064541043
0.0064169722
0.0063791768
0.0063407489
0.0063017255
0.006262149
0.0062220653
0.0061815233
0.0061405732
0.0060992665
0.0060576542
0.006015787
0.0059737145
0.0059314847
0.0058891437
0.0058467355
0.0058043019
0.0057618823
0.0057195133
0.0056772292
0.0056350617
0.0055930401
0.0055511911
0.0055095389
0.0054681055
0.0054269106
0.0053859717
0.0053453046
0.0053049226
0.0052648375
0.0052250592
0.005185596
0.0051464545
0.00510764
0.0050691562
0.0050310057
0.0049931895
0.0049557079
0.0049185597
0.0048817429
0.0048452545
0.0048090907
0.0047732468
0.0047377173
0.0047024962
0.0046675766
0.0046329513
0.0045986125
0.0045645517
0.0045307602
0.004497229
0.0044639483
0.0044309086
0.0043980997
0.0043655112
0.0043331328
0.0043009537
0.0042689632
0.0042371502
0.004205504
0.0041740133
0.0041426672
0.0041114545
0.0040803642
0.0040493852
0.0040185066
0.0039877174
0.0039570068
0.0039263641
0.0038957786
0.0038652398
0.0038347373
0.0038042609
0.0037738006
0.0037433464
0.0037128886
0.0036824177
0.0036519242
0.003621399
0.0035908331
0.0035602178
0.0035295444
0.0034988046
0.0034679903
0.0034370934
0.0034061063
0.0033750215
0.0033438316
0.0033125297
0.0032811087
0.0032495622
0.0032178836
0.0031860668
0.0031541056
0.0031219945
0.0030897277
0.0030573
0.003024706
0.002991941
0.002959
0.0029258786
0.0028925723
0.0028590769
0.0028253885
0.0027915033
0.0027574175
0.0027231277
0.0026886306
0.0026539231
0.0026190021
0.0025838649
0.0025485087
0.0025129311
0.0024771296
0.0024411021
0.0024048463
0.0023683603
0.0023316423
0.0022946905
0.0022575032
0.0022200789
0.0021824162
0.0021445138
0.0021063704
0.0020679849
0.0020293561
0.0019904832
0.0019513651
0.0019120011
0.0018723903
0.0018325319
0.0017924252
0.0017520697
0.0017114646
0.0016706093
0.0016295033
0.0015881461
0.0015465369
0.0015046753
0.0014625608
0.0014201926
0.0013775703
0.0013346932
0.0012915605
0.0012481717
0.0012045258
0.0011606221
0.0011164596
0.0010720373
0.001027354
0.00098240858
0.00093719959
0.00089172555
0.0008459848
0.00079997548
0.00075369559
0.00070714289
0.00066031494
0.00061320907
0.00056582238
0.00051815178
0.00047019397
0.00042194581
0.00037340386
0.000324568
0.00027543104
0.00022602863
0.00017625438
0.00012663905
7.5275621e-05
3.1808101e-05
0.000432815
0.0029568913
0.0044265951
0.005326727
0.0060002166
0.0064585042
0.0067377397
0.0068987516
0.0069848083
0.0070225198
0.0070298028
0.0070187891
0.0069972838
0.0069700562
0.0069398817
0.0069083805
0.0068764414
0.0068444931
0.0068126889
0.0067810248
0.006749413
0.0067177279
0.0066858347
0.0066536054
0.0066209276
0.0065877091
0.0065538792
0.0065193879
0.0064842047
0.0064483166
0.0064117256
0.0063744467
0.0063365055
0.0062979363
0.0062587799
0.0062190822
0.0061788927
0.0061382632
0.0060972466
0.0060558962
0.0060142647
0.005972404
0.0059303642
0.0058881935
0.005845938
0.0058036412
0.0057613443
0.0057190856
0.0056769009
0.0056348231
0.0055928826
0.0055511073
0.0055095222
0.0054681502
0.0054270118
0.0053861252
0.0053455064
0.0053051694
0.0052651263
0.0052253875
0.0051859617
0.0051468557
0.0051080752
0.0050696239
0.0050315047
0.0049937187
0.0049562664
0.0049191466
0.0048823575
0.0048458961
0.0048097588
0.0047739408
0.0047384367
0.0047032406
0.0046683456
0.0046337446
0.0045994296
0.0045653923
0.004531624
0.0044981156
0.0044648576
0.0044318401
0.0043990532
0.0043664864
0.0043341294
0.0043019714
0.0042700016
0.0042382092
0.0042065831
0.0041751123
0.0041437857
0.0041125922
0.0040815208
0.0040505604
0.0040197001
0.0039889288
0.0039582357
0.0039276102
0.0038970415
0.0038665192
0.0038360329
0.0038055723
0.0037751273
0.0037446881
0.003714245
0.0036837883
0.0036533087
0.003622797
0.0035922442
0.0035616415
0.0035309805
0.0035002526
0.0034694498
0.0034385641
0.0034075877
0.0033765132
0.0033453333
0.0033140409
0.0032826291
0.0032510913
0.0032194211
0.0031876122
0.0031556587
0.0031235547
0.0030912948
0.0030588734
0.0030262856
0.0029935262
0.0029605905
0.002927474
0.0028941723
0.0028606811
0.0028269966
0.0027931148
0.0027590321
0.0027247451
0.0026902504
0.0026555449
0.0026206257
0.0025854899
0.0025501348
0.002514558
0.0024787569
0.0024427295
0.0024064735
0.0023699871
0.0023332683
0.0022963153
0.0022591266
0.0022217007
0.002184036
0.0021461313
0.0021079854
0.0020695971
0.0020309653
0.001992089
0.0019529673
0.0019135994
0.0018739844
0.0018341217
0.0017940104
0.00175365
0.0017130397
0.0016721791
0.0016310674
0.0015897043
0.001548089
0.001506221
0.0014640998
0.0014217247
0.0013790952
0.0013362107
0.0012930703
0.0012496735
0.0012060194
0.0011621071
0.0011179358
0.0010735044
0.0010288116
0.00098385641
0.00093863729
0.00089315275
0.00084740109
0.00080138046
0.00075508879
0.00070852382
0.00066168303
0.00061456366
0.00056716268
0.00051947675
0.0004715022
0.00042323516
0.00037467119
0.00032580714
0.00027663531
0.00022717116
0.00017734925
0.00012747511
7.6419319e-05
3.0285755e-05
0.002223864
0.0033841404
0.0044677167
0.005360261
0.0060401431
0.0065018068
0.0067844101
0.0069431544
0.0070221924
0.0070513669
0.0070504631
0.0070323168
0.0070049142
0.0069730285
0.0069393556
0.006905332
0.0068716543
0.0068385809
0.0068061208
0.006774152
0.0067424927
0.0067109439
0.006679314
0.0066474315
0.0066151511
0.0065823563
0.0065489581
0.0065148935
0.0064801231
0.0064446277
0.0064084055
0.0063714694
0.0063338441
0.0062955639
0.0062566706
0.0062172113
0.0061772369
0.0061368011
0.0060959584
0.006054764
0.0060132725
0.0059715373
0.0059296101
0.0058875408
0.0058453767
0.0058031627
0.0057609409
0.0057187509
0.0056766291
0.0056346094
0.0055927229
0.005550998
0.0055094604
0.0054681334
0.0054270378
0.0053861921
0.0053456127
0.005305314
0.0052653081
0.0052256057
0.0051862154
0.0051471445
0.0051083983
0.0050699811
0.0050318955
0.0049941428
0.0049567235
0.0049196364
0.0048828798
0.0048464508
0.0048103455
0.0047745593
0.0047390868
0.0047039221
0.0046690582
0.004634488
0.0046002036
0.0045661967
0.0045324584
0.0044989797
0.004465751
0.0044327625
0.0044000042
0.0043674657
0.0043351365
0.0043030059
0.0042710632
0.0042392973
0.0042076974
0.0041762522
0.0041449508
0.004113782
0.0040827348
0.0040517981
0.0040209609
0.0039902123
0.0039595414
0.0039289374
0.0038983898
0.0038678879
0.0038374215
0.0038069803
0.0037765542
0.0037461333
0.0037157078
0.0036852683
0.0036548053
0.0036243096
0.0035937723
0.0035631846
0.0035325379
0.0035018238
0.0034710343
0.0034401613
0.0034091971
0.0033781342
0.0033469654
0.0033156836
0.0032842818
0.0032527536
0.0032210924
0.003189292
0.0031573465
0.0031252501
0.0030929971
0.0030605824
0.0030280006
0.0029952468
0.0029623163
0.0029292045
0.002895907
0.0028624197
0.0028287386
0.0027948598
0.0027607797
0.0027264949
0.0026920021
0.002657298
0.0026223799
0.0025872448
0.00255189
0.0025163132
0.0024805118
0.0024444837
0.0024082268
0.002371739
0.0023350186
0.0022980638
0.0022608729
0.0022234445
0.0021857771
0.0021478695
0.0021097204
0.0020713286
0.0020326931
0.0019938129
0.0019546871
0.0019153149
0.0018756954
0.0018358279
0.0017957118
0.0017553463
0.0017147308
0.0016738648
0.0016327477
0.0015913789
0.0015497578
0.0015078839
0.0014657567
0.0014233756
0.0013807399
0.0013378491
0.0012947024
0.0012512992
0.0012076386
0.0011637198
0.0011195419
0.0010751038
0.0010304045
0.00098544264
0.00094021688
0.00089472569
0.0008489674
0.00080294015
0.00075664188
0.00071007033
0.00066322298
0.00061609705
0.00056868948
0.00052099684
0.00047301533
0.00042474071
0.00037616807
0.00032729238
0.00027810552
0.00022860837
0.00017876058
0.00012869477
7.7885239e-05
2.9339815e-05
0.002990894
0.0036854595
0.004597762
0.0054387359
0.006091653
0.0065411609
0.0068187408
0.0069723169
0.007045009
0.0070676573
0.007060817
0.0070376723
0.007006316
0.0069714747
0.0069357211
0.0069003331
0.0068658454
0.0068323753
0.0067998171
0.006767959
0.0067365508
0.0067053423
0.0066741039
0.0066426366
0.0066107757
0.0065783911
0.0065453846
0.0065116878
0.0064772577
0.0064420737
0.006406134
0.006369452
0.006332054
0.006293976
0.0062552616
0.0062159601
0.0061761246
0.0061358107
0.006095075
0.0060539745
0.0060125656
0.0059709031
0.0059290404
0.0058870284
0.0058449157
0.0058027482
0.0057605689
0.005718418
0.0056763328
0.0056343477
0.0055924941
0.0055508009
0.0055092942
0.0054679976
0.005426932
0.0053861162
0.0053455668
0.005305298
0.0052653225
0.0052256506
0.0051862912
0.0051472514
0.0051085369
0.0050701516
0.0050320982
0.0049943782
0.0049569918
0.0049199381
0.004883215
0.0048468197
0.0048107483
0.0047749961
0.0047395578
0.0047044272
0.0046695976
0.0046350616
0.0046008113
0.0045668383
0.0045331339
0.0044996888
0.0044664936
0.0044335383
0.0044008128
0.0043683069
0.0043360098
0.0043039111
0.0042719997
0.0042402648
0.0042086953
0.0041772801
0.0041460082
0.0041148684
0.0040838497
0.0040529408
0.0040221309
0.003991409
0.0039607642
0.0039301858
0.003899663
0.0038691855
0.0038387427
0.0038083245
0.0037779207
0.0037475215
0.0037171172
0.003686698
0.0036562548
0.0036257782
0.0035952594
0.0035646895
0.0035340599
0.0035033624
0.0034725887
0.0034417309
0.0034107814
0.0033797325
0.003348577
0.0033173079
0.0032859183
0.0032544016
0.0032227513
0.0031909613
0.0031590256
0.0031269384
0.0030946941
0.0030622874
0.0030297132
0.0029969664
0.0029640424
0.0029309366
0.0028976446
0.0028641623
0.0028304857
0.002796611
0.0027625345
0.0027282528
0.0026937627
0.0026590609
0.0026241446
0.002589011
0.0025536573
0.0025180811
0.0024822801
0.002446252
0.0024099946
0.0023735062
0.0023367847
0.0022998285
0.002262636
0.0022252057
0.0021875361
0.002149626
0.0021114741
0.0020730794
0.0020344407
0.0019955571
0.0019564277
0.0019170516
0.0018774282
0.0018375565
0.001797436
0.0017570661
0.001716446
0.0016755753
0.0016344534
0.0015930796
0.0015514536
0.0015095747
0.0014674424
0.0014250561
0.0013824153
0.0013395193
0.0012963674
0.0012529591
0.0012092934
0.0011653696
0.0011211868
0.0010767439
0.0010320398
0.00098707338
0.00094184318
0.00089634775
0.00085058542
0.00080455437
0.00075825255
0.00071167774
0.00066482745
0.00061769894
0.00057028915
0.0005225947
0.00047461181
0.0004263362
0.00037776289
0.00032888619
0.00027969789
0.00023019127
0.00018033392
0.00013015611
7.945748e-05
2.9251653e-05
)
;

boundaryField
{
    inlet_drug
    {
        type            zeroGradient;
    }
    inlet_medium
    {
        type            zeroGradient;
    }
    outlet
    {
        type            fixedValue;
        value           uniform 0;
    }
    walls
    {
        type            zeroGradient;
    }
    floor
    {
        type            zeroGradient;
    }
    frontAndBack
    {
        type            empty;
    }
}


// ************************************************************************* //
