/*--------------------------------*- C++ -*----------------------------------*\
| =========                 |                                                 |
| \\      /  F ield         | OpenFOAM: The Open Source CFD Toolbox           |
|  \\    /   O peration     | Version:  2406                                  |
|   \\  /    A nd           | Website:  www.openfoam.com                      |
|    \\/     M anipulation  |                                                 |
\*---------------------------------------------------------------------------*/
FoamFile
{
    version     2.0;
    format      ascii;
    arch        "LSB;label=32;scalar=64";
    class       volScalarField;
    location    "1446";
    object      T;
}
// * * * * * * * * * * * * * * * * * * * * * * * * * * * * * * * * * * * * * //

dimensions      [0 0 0 0 0 0 0];

internalField   nonuniform List<scalar> 
9800
(
0.99999999
0.99999999
0.99999999
0.99999999
0.99999999
0.99999999
0.99999999
0.99999999
0.99999999
0.99999999
0.99999999
0.99999999
0.99999999
0.99999999
0.99999999
0.99999999
0.99999999
0.99999999
0.99999999
0.99999998
0.99999998
0.99999998
0.99999998
0.99999997
0.99999997
0.99999997
0.99999997
0.99999997
0.99999997
0.99999997
0.99999997
0.99999997
0.99999997
0.99999997
0.99999997
0.99999997
0.99999997
0.99999997
0.99999997
0.99999997
0.99999997
0.99999997
0.99999997
0.99999997
0.99999997
0.99999997
0.99999997
0.99999997
0.99999997
0.99999997
0.99999997
0.99999997
0.99999997
0.99999997
0.99999997
0.99999997
0.99999997
0.99999997
0.99999997
0.99999997
0.99999997
0.99999997
0.99999997
0.99999997
0.99999997
0.99999997
0.99999997
0.99999997
0.99999997
0.99999997
0.99999997
0.99999997
0.99999997
0.99999997
0.99999997
0.99999997
0.99999997
0.99999997
0.99999997
0.99999997
0.99999997
0.99999997
0.99999997
0.99999997
0.99999997
0.99999997
0.99999997
0.99999997
0.99999997
0.99999997
0.99999997
0.99999997
0.99999997
0.99999997
0.99999997
0.99999997
0.99999997
0.99999997
0.99999997
0.99999997
0.99999997
0.99999997
0.99999997
0.99999997
0.99999997
0.99999997
0.99999997
0.99999997
0.99999997
0.99999997
0.99999997
0.99999997
0.99999997
0.99999997
0.99999997
0.99999997
0.99999997
0.99999997
0.99999997
0.99999997
0.99999997
0.99999997
0.99999997
0.99999997
0.99999997
0.99999997
0.99999997
0.99999997
0.99999997
0.99999997
0.99999997
0.99999997
0.99999997
0.99999997
0.99999997
0.99999997
0.99999997
0.99999997
0.99999997
0.99999997
0.99999997
0.99999997
0.99999997
0.99999997
0.99999997
0.99999997
0.99999997
0.99999997
0.99999997
0.99999997
0.99999997
0.99999997
0.99999997
0.99999997
0.99999997
0.99999997
0.99999997
0.99999997
0.99999997
0.99999997
0.99999997
0.99999997
0.99999997
0.99999997
0.99999997
0.99999997
0.99999997
0.99999997
0.99999997
0.99999997
0.99999997
0.99999997
0.99999997
0.99999997
0.99999997
0.99999997
0.99999997
0.99999997
0.99999997
0.99999997
0.99999997
0.99999997
0.99999997
0.99999997
0.99999997
0.99999997
0.99999997
0.99999997
0.99999997
0.99999997
0.99999997
0.99999997
0.99999997
0.99999997
0.99999997
0.99999997
0.99999997
0.99999997
0.99999997
0.99999997
0.99999999
0.99999999
0.99999999
0.99999999
0.99999999
0.99999999
0.99999999
0.99999999
0.99999999
0.99999999
0.99999999
0.99999999
0.99999999
0.99999999
0.99999999
0.99999999
0.99999999
0.99999999
0.99999999
0.99999999
0.99999999
0.99999999
0.99999999
0.99999999
0.99999999
0.99999999
0.99999999
0.99999999
0.99999999
0.99999999
0.99999998
0.99999998
0.99999998
0.99999998
0.99999998
0.99999998
0.99999998
0.99999998
0.99999998
0.99999998
0.99999998
0.99999998
0.99999998
0.99999998
0.99999998
0.99999998
0.99999998
0.99999998
0.99999998
0.99999998
0.99999998
0.99999998
0.99999998
0.99999998
0.99999998
0.99999998
0.99999998
0.99999998
0.99999998
0.99999998
0.99999998
0.99999998
0.99999998
0.99999998
0.99999998
0.99999998
0.99999998
0.99999998
0.99999998
0.99999998
0.99999998
0.99999998
0.99999998
0.99999998
0.99999998
0.99999998
0.99999998
0.99999998
0.99999998
0.99999998
0.99999998
0.99999998
0.99999998
0.99999998
0.99999998
0.99999998
0.99999998
0.99999998
0.99999998
0.99999998
0.99999998
0.99999998
0.99999998
0.99999998
0.99999998
0.99999998
0.99999998
0.99999998
0.99999998
0.99999998
0.99999998
0.99999998
0.99999998
0.99999998
0.99999998
0.99999998
0.99999998
0.99999998
0.99999998
0.99999998
0.99999998
0.99999998
0.99999998
0.99999998
0.99999998
0.99999998
0.99999998
0.99999998
0.99999998
0.99999998
0.99999998
0.99999998
0.99999998
0.99999998
0.99999998
0.99999998
0.99999998
0.99999998
0.99999998
0.99999998
0.99999998
0.99999998
0.99999998
0.99999998
0.99999998
0.99999998
0.99999998
0.99999998
0.99999998
0.99999998
0.99999998
0.99999998
0.99999998
0.99999998
0.99999998
0.99999998
0.99999998
0.99999998
0.99999998
0.99999998
0.99999998
0.99999998
0.99999998
0.99999998
0.99999998
0.99999998
0.99999998
0.99999998
0.99999998
0.99999998
0.99999998
0.99999998
0.99999998
0.99999998
0.99999998
0.99999998
0.99999998
0.99999998
0.99999998
0.99999998
0.99999998
0.99999998
0.99999998
0.99999998
0.99999998
0.99999998
0.99999998
0.99999998
0.99999998
0.99999998
0.99999998
0.99999998
0.99999998
0.99999998
0.99999998
0.99999998
0.99999998
0.99999998
0.99999998
0.99999998
0.99999998
0.99999998
0.99999998
0.99999998
0.99999998
0.99999998
0.99999998
0.99999998
0.99999998
0.99999998
0.99999999
0.99999999
0.99999999
0.99999999
0.99999999
0.99999999
0.99999999
0.99999999
0.99999999
0.99999999
0.99999999
0.99999999
0.99999999
0.99999999
0.99999999
0.99999999
0.99999999
0.99999999
0.99999999
0.99999999
0.99999999
0.99999999
0.99999999
0.99999999
0.99999999
0.99999999
0.99999999
0.99999999
0.99999999
0.99999999
0.99999999
0.99999999
0.99999999
0.99999999
0.99999999
0.99999999
0.99999999
0.99999999
0.99999999
0.99999999
0.99999999
0.99999999
0.99999999
0.99999999
0.99999999
0.99999999
0.99999999
0.99999999
0.99999999
0.99999999
0.99999999
0.99999999
0.99999999
0.99999999
0.99999999
0.99999999
0.99999999
0.99999999
0.99999999
0.99999999
0.99999999
0.99999999
0.99999999
0.99999999
0.99999999
0.99999999
0.99999999
0.99999999
0.99999999
0.99999999
0.99999999
0.99999999
0.99999999
0.99999999
0.99999999
0.99999999
0.99999999
0.99999999
0.99999999
0.99999999
0.99999999
0.99999999
0.99999999
0.99999999
0.99999999
0.99999999
0.99999999
0.99999999
0.99999999
0.99999999
0.99999999
0.99999999
0.99999999
0.99999999
0.99999999
0.99999999
0.99999999
0.99999999
0.99999999
0.99999999
0.99999999
0.99999999
0.99999999
0.99999999
0.99999999
0.99999999
0.99999999
0.99999999
0.99999999
0.99999999
0.99999999
0.99999999
0.99999999
0.99999999
0.99999999
0.99999999
0.99999999
0.99999999
0.99999999
0.99999999
0.99999999
0.99999999
0.99999999
0.99999999
0.99999999
0.99999999
0.99999999
0.99999999
0.99999999
0.99999999
0.99999999
0.99999999
0.99999999
0.99999999
0.99999999
0.99999999
0.99999999
0.99999999
0.99999999
0.99999999
0.99999999
0.99999999
0.99999999
0.99999999
0.99999999
0.99999999
0.99999999
0.99999999
0.99999999
0.99999999
0.99999999
0.99999999
0.99999999
0.99999999
0.99999999
0.99999999
0.99999999
0.99999999
0.99999999
0.99999999
0.99999999
0.99999999
0.99999999
0.99999999
0.99999999
0.99999999
0.99999999
0.99999999
0.99999999
0.99999999
0.99999999
0.99999999
0.99999999
0.99999999
0.99999999
0.99999999
0.99999999
0.99999999
0.99999999
0.99999999
0.99999999
0.99999999
0.99999999
0.99999999
0.99999999
0.99999999
0.99999999
0.99999999
0.99999999
0.99999999
0.99999999
0.99999999
0.99999999
0.99999999
0.99999999
0.99999999
0.99999999
0.99999999
0.99999999
0.99999999
0.99999999
0.99999999
0.99999999
0.99999999
0.99999999
0.99999999
0.99999999
0.99999999
0.99999999
0.99999999
0.99999999
0.99999999
0.99999999
0.99999999
0.99999999
0.99999999
0.99999999
0.99999999
0.99999999
0.99999999
0.99999999
1
1
1
1
1
1
1
1
1
1
1
1
1
1
1
1
1
1
1
1
1
1
1
1
1
1
1
1
1
1
1
1
1
1
0.99999999
0.99999999
0.99999999
0.99999999
0.99999999
0.99999999
0.99999999
0.99999999
0.99999999
0.99999999
0.99999999
0.99999999
0.99999999
0.99999999
0.99999999
0.99999999
0.99999999
0.99999999
0.99999999
0.99999999
0.99999999
0.99999999
0.99999999
0.99999999
0.99999999
0.99999999
0.99999999
0.99999999
0.99999999
0.99999999
0.99999999
0.99999999
0.99999999
0.99999999
0.99999999
0.99999999
0.99999999
0.99999999
0.99999999
0.99999999
0.99999999
0.99999999
0.99999999
0.99999999
0.99999999
0.99999999
0.99999999
0.99999999
0.99999999
0.99999999
0.99999999
0.99999999
0.99999999
0.99999999
0.99999999
0.99999999
0.99999999
0.99999999
0.99999999
0.99999999
0.99999999
0.99999999
0.99999999
0.99999999
0.99999999
0.99999999
0.99999999
0.99999999
0.99999999
0.99999999
0.99999999
0.99999999
0.99999999
0.99999999
0.99999999
0.99999999
0.99999999
0.99999999
0.99999999
0.99999999
0.99999999
0.99999999
0.99999999
0.99999999
0.99999999
0.99999999
0.99999999
0.99999999
0.99999999
0.99999999
0.99999999
0.99999999
0.99999999
0.99999999
0.99999999
0.99999999
0.99999999
0.99999999
0.99999999
0.99999999
0.99999999
0.99999999
0.99999999
0.99999999
0.99999999
0.99999999
0.99999999
0.99999999
0.99999999
0.99999999
0.99999999
0.99999999
0.99999999
0.99999999
0.99999999
0.99999999
0.99999999
0.99999999
0.99999999
0.99999999
0.99999999
0.99999999
0.99999999
0.99999999
0.99999999
0.99999999
0.99999999
0.99999999
0.99999999
0.99999999
0.99999999
0.99999999
0.99999999
0.99999999
0.99999999
0.99999999
0.99999999
0.99999999
0.99999999
0.99999999
0.99999999
0.99999999
0.99999999
0.99999999
0.99999999
0.99999999
0.99999999
0.99999999
0.99999999
0.99999999
0.99999999
0.99999999
0.99999999
0.99999999
0.99999999
0.99999999
0.99999999
0.99999999
0.99999999
0.99999999
0.99999999
0.99999999
1
1
1
1
1
1
1
1
1
1
1
1
1
1
1
1
1
1
1
1
1
1
1
1
1
1
1
1
1
1
1
1
1
1
1
1
1
1
1
1
1
1
1
1
1
1
1
1
1
1
1
1
1
1
1
1
1
1
1
1
1
1
1
1
1
1
1
1
1
1
1
1
1
1
1
1
1
1
1
1
1
1
1
1
1
1
1
1
1
1
1
1
1
1
1
1
1
1
1
1
1
1
1
1
1
1
1
1
1
1
1
1
1
1
1
1
1
1
1
1
1
1
1
1
1
1
1
1
1
1
1
1
1
1
1
1
1
1
1
1
1
1
1
1
1
1
1
1
1
1
1
1
1
1
1
1
1
1
1
1
1
1
1
1
1
1
1
1
1
1
1
1
1
1
1
1
1
1
1
1
1
1
1
0.99999999
0.99999999
0.99999999
0.99999999
0.99999999
0.99999999
0.99999999
0.99999999
0.99999999
0.99999999
0.99999999
0.99999999
0.99999999
0.99999999
0.99999999
1
1
1
1
1
1
1
1
1
1
1
1
1
1
1
1
1
1
1
1
1
1
1
1
1
1
1
1
1
1
1
1
1
1
1
1
1
1
1
1
1
1
1
1
1
1
1
1
1
1
1
1
1
1
1
1
1
1
1
1
1
1
1
1
1
1
1
1
1
1
1
1
1
1
1
1
1
1
1
1
1
1
1
1
1
1
1
1
1
1
1
1
1
1
1
1
1
1
1
1
1
1
1
1
1
1
1
1
1
1
1
1
1
1
1
1
1
1
1
1
1
1
1
1
1
1
1
1
1
1
1
1
1
1
1
1
1
1
1
1
1
1
1
1
1
1
1
1
1
1
1
1
1
1
1
1
1
1
1
1
1
1
1
1
1
1
1
1
1
1
1
1
1
1
1
1
1
1
1
1
1
1
1
1
1
0.99999998
0.99999999
0.99999999
0.99999999
0.99999999
0.99999999
0.99999999
0.99999999
0.99999999
0.99999999
0.99999999
0.99999999
1
1
1
1
1
1
1
1
1
1
1
1
1
1
1
1
1
1
1
1
1
1
1
1
1
1
1
1
1
1
1
1
1
1
1
1
1
1
1
1
1
1
1
1
1
1
1
1
1
1
1
1
1
1
1
1
1
1
1
1
1
1
1
1
1
1
1
1
1
1
1
1
1
1
1
1
1
1
1
1
1
1
1
1
1
1
1
1
1
1
1
1
1
1
1
1
1
1
1
1
1
1
1
1
1
1
1
1
1
1
1
1
1
1
1
1
1
1
1
1
1
1
1
1
1
1
1
1
1
1
1
1
1
1
1
1
1
1
1
1
1
1
1
1
1
1
1
1
1
1
1
1
1
1
1
1
1
1
1
1
1
1
1
1
1
1
1
1
1
1
1
1
1
1
1
1
1
1
1
1
1
1
1
1
1
1
1
1
0.99999998
0.99999998
0.99999999
0.99999999
0.99999999
0.99999999
0.99999999
0.99999999
0.99999999
0.99999999
1
1
1
1
1
1
1
1
1
1
1
1
1
1
1
1
1
1
1
1
1
1
1
1
1
1
1
1
1
1
1
1
1
1
1
1
1
1
1
1
1
1
1
1
1
1
1
1
1
1
1
1
1
1
1
1
1
1
1
1
1
1
1
1
1
1
1
1
1
1
1
1
1
1
1
1
1
1
1
1
1
1
1
1
1
1
1
1
1
1
1
1
1
1
1
1
1
1
1
1
1
1
1
1
1
1
1
1
1
1
1
1
1
1
1
1
1
1
1
1
1
1
1
1
1
1
1
1
1
1
1
1
1
1
1
1
1
1
1
1
1
1
1
1
1
1
1
1
1
1
1
1
1
1
1
1
1
1
1
1
1
1
1
1
1
1
1
1
1
1
1
1
1
1
1
1
1
1
1
1
1
1
1
1
1
1
1
1
1
1
0.99999998
0.99999998
0.99999999
0.99999999
0.99999999
0.99999999
0.99999999
1
1
1
1
1
1
1
1
1
1
1
1
1
1
1
1
1
1
1
1
1
1
1
1
1
1
1
1
1
1
1
1
1
1
1
1
1
1
1
1
1
1
1
1
1
1
1
1
1
1
1
1
1
1
1
1
1
1
1
1
1
1
1
1
1
1
1
1
1
1
1
1
1
1
1
1
1
1
1
1
1
1
1
1
1
1
1
1
1
1
1
1
1
1
1
1
1
1
1
1
1
1
1
1
1
1
1
1
1
1
1
1
1
1
1
1
1
1
1
1
1
1
1
1
1
1
1
1
1
1
1
1
1
1
1
1
1
1
1
1
1
1
1
1
1
1
1
1
1
1
1
1
1
1
1
1
1
1
1
1
1
1
1
1
1
1
1
1
1
1
1
1
1
1
1
1
1
1
1
1
1
1
1
1
1
1
1
1
1
1
1
1
1
0.99999998
0.99999999
0.99999999
1
1
1
1
1
1
1
1
1
1
1
1
1
1
1
1
1
1
1
1
1
1
1
1
1
1
1
1
1
1
1
1
1
1
1
1
1
1
1
1
1
1
1
1
1
1
1
1
1
1
1
1
1
1
1
1
1
1
1
1
1
1
1
1
1
1
1
1
1
1
1
1
1
1
1
1
1
1
1
1
1
1
1
1
1
1
1
1
1
1
1
1
1
1
1
1
1
1
1
1
1
1
1
1
1
1
1
1
1
1
1
1
1
1
1
1
1
1
1
1
1
1
1
1
1
1
1
1
1
1
1
1
1
1
1
1
1
1
1
1
1
1
1
1
1
1
1
1
1
1
1
1
1
1
1
1
1
1
1
1
1
1
1
1
1
1
1
1
1
1
1
1
1
1
1
1
1
1
1
1
1
1
1
1
1
1
1
1
1
1
1
1
1
1
1
1
1
1
1
1
1
1
1
1
1
1
1
1
1
1
1
1
1
1
1
1
1
1
1
1
1
1
1
1
1
1
1
1
1
1
1
1
1
1
1
1
1
1
1
1
1
1
1
1
1
1
1
1
1
1
1
1
1
1
1
1
1
1
1
1
1
1
1
1
1
1
1
1
1
1
1
1
1
1
1
1
1
1
1
1
1
1
1
1
1
1
1
1
1
1
1
1
1
1
1
1
1
1
1
1
1
1
1
1
1
1
1
1
1
1
1
1
1
1
1
1
1
1
1
1
1
1
1
1
1
1
1
1
1
1
1
1
1
1
1
1
1
1
1
1
1
1
1
1
1
1
1
1
1
1
1
1
1
1
1
1
1
1
1
1
1
1
1
1
1
1
1
1
1
1
1
1
1
1
1
1
1
1
1
1
1
1
1
1
1
1
1
1
1
1
1
1
1
1
1
1
1
1
1
1
1
1
1
1
1
1
1
1
1
1
1
1
1
1
1
1
1
1
1
1
1
1
1
1
1
1
1
1
1
1
1
1
1
1
1
1
1
1
1
1
1
1
1
1
1
1
1
1
1
1
1
1
1
1
1
1
1
1
1
1
1
1
1
1
1
1
1
1
1
1
1
1
1
1
1
1
1
1
1
1
1
1
1
1
1
1
1
1
1
1
1
1
1
1
1
1
1
1
1
1
1
1
1
1
1
1
1
1
1
1
1
1
1
1
1
1
1
1
1
1
1
1
1
1
1
1
1
1
1
1
1
1
1
1
1
1
1
1
1
1
1
1
1
1
1
1
1
1
1
1
1
1
1
1
1
1
1
1
1
1
1
1
1
1
1
1
1
1
1
1
1
1
1
1
1
1
1
1
1
1
1
1
1
1
1
1
1
1
1
1
1
1
1
1
1
1
1
1
1
1
1
1
1
1
1
1
1
1
1
1
1
1
1
1
1
1
1
1
1
1
1
1
1
1
1
1
1
1
1
1
1
1
1
1
1
1
1
1
1
1
1
1
1
1
1
1
1
1
1
1
1
1
1
1
1
1
1
1
1
1
1
1
1
1
1
1
1
1
1
1
1
1
1
1
1
1
1
1
1
1
1
1
1
1
1
1
1
1
1
1
1
1
1
1
1
1
1
1
1
1
1
1
1
1
1
1
1
1
1
1
1
1
1
1
1
1
1
1
1
1
1
1
1
1
1
1
1
1
1
1
1
1
1
1
1
1
1
1
1
1
1
1
1
1
1
1
1
1
1
1
1
1
1
1
1
1
1
1
1
1
1
1
1
1
1
1
1
1
1
1
1
1
1
1
1
1
1
1
1
1
1
1
1
1
1
1
1
1
1
1
1
1
1
1
1
1
1
1
1
1
1
1
1
1
1
1
1
1
1
1
1
1
1
1
1
1
1
1
1
1
1
1
1
1
1
1
1
1
1
1
1
1
1
1
1
1
1
1
1
1
1
1
1
1
1
1
1
1
1
1
1
1
1
1
1
1
1
1
1
1
1
1
1
1
1
1
1
1
1
1
1
1
1
1
1
1
1
1
1
1
1
1
1
1
1
1
1
1
1
1
1
1
1
1
1
1
1
1
1
1
1
1
1
1
1
1
1
1
1
1
1
1
1
1
1
1
1
1
1
1
1
1
1
1
1
1
1
1
1
1
1
1
1
1
1
1
1
1
1
1
1
1
1
1
1
1
1
1
1
1
1
1
1
1
1
1
1
1
1
1
1
1
1
1
1
1
1
1
1
1
1
1
1
1
1
1
1
1
1
1
1
1
1
1
1
1
1
1
1
1
1
1
1
1
1
1
1
1
1
1
1
1
1
1
1
1
1
1
1
1
1
1
1
1
1
1
1
1
1
1
1
1
1
1
1
1
1
1
1
1
1
1
1
1
1
1
1
1
1
1
1
1
1
1
1
1
1
1
1
1
1
1
1
1
1
1
1
1
1
1
1
1
1
1
1
1
1
1
1
1
1
1
1
1
1
1
1
1
1
1
1
1
1
1
1
1
1
1
1
1
1
1
1
1
1
1
1
1
1
1
1
1
1
1
1
1
1
1
1
1
1
1
1
1
1
1
1
1
1
1
1
1
1
1
1
1
1
1
1
1
1
1
1
1
1
1
1
1
1
1
1
1
1
1
1
1
1
1
1
1
1
1
1
1
1
1
1
1
1
1
1
1
1
1
1
1
1
1
1
1
1
1
1
1
1
1
1
1
1
1
1
1
1
1
1
1
1
1
1
1
1
1
1
1
1
1
1
1
1
1
1
1
1
1
1
1
1
1
1
1
1
1
1
1
1
1
1
1
1
1
1
1
1
1
1
1
1
1
1
1
1
1
1
1
1
1
1
1
1
1
1
1
1
1
1
1
1
1
1
1
1
1
1
1
1
1
1
1
1
1
1
1
1
1
1
1
1
1
1
1
1
1
1
1
1
1
1
1
1
1
1
1
1
1
1
1
1
1
1
1
1
1
1
1
1
1
1
1
1
1
1
1
1
1
1
1
1
1
1
1
1
1
1
1
1
1
1
1
1
1
1
1
1
1
1
1
1
1
1
1
1
1
1
1
1
1
1
1
1
1
1
1
1
1
1
1
1
1
1
1
1
1
1
1
1
1
1
1
1
1
1
1
1
1
1
1
1
1
1
1
1
1
1
1
1
1
1
1
1
1
1
1
1
1
1
1
1
1
1
1
1
1
1
1
1
1
1
1
1
1
1
1
1
1
1
1
1
1
1
1
1
1
1
1
1
1
1
1
1
1
1
1
1
1
1
1
1
1
1
1
1
1
1
1
1
1
1
1
1
1
1
1
1
1
1
1
1
1
1
1
1
1
1
1
1
1
1
1
1
1
1
1
1
1
1
1
1
1
1
1
1
1
1
1
1
1
1
1
1
1
1
1
1
1
1
1
1
1
1
1
1
1
1
1
1
1
1
1
1
1
1
1
1
1
1
1
1
1
1
1
1
1
1
1
1
1
1
1
1
1
1
1
1
1
1
1
1
1
1
1
1
1
1
1
1
1
1
1
1
1
1
1
1
1
1
1
1
1
1
1
1
1
1
1
1
1
1
1
1
1
1
1
1
1
1
1
1
1
1
1
1
1
1
1
1
1
1
1
1
1
1
1
1
1
1
1
1
1
1
1
1
1
1
1
1
1
1
1
1
1
1
1
1
1
1
1
1
1
1
1
1
1
1
1
1
1
1
1
1
1
1
1
1
1
1
1
1
1
1
1
1
1
1
1
1
1
1
1
1
1
1
1
1
1
1
1
1
1
1
1
1
1
1
1
1
1
1
1
1
1
1
1
1
1
1
1
1
1
1
1
1
1
1
1
1
1
1
1
1
1
1
1
1
1
1
1
1
1
1
1
1
1
1
1
1
1
1
1
1
1
1
1
1
1
1
1
1
1
1
1
1
1
1
1
1
1
1
1
1
1
1
1
1
1
1
1
1
1
1
1
1
1
1
1
1
1
1
1
1
1
1
1
1
1
1
1
1
1
1
1
1
1
1
1
1
1
1
1
1
1
1
1
1
1
1
1
1
1
1
1
1
1
1
1
1
1
1
1
1
1
1
1
1
1
1
1
1
1
1
1
1
1
1
1
1
1
1
1
1
1
1
1
1
1
1
1
1
1
1
1
1
1
1
1
1
1
1
1
1
1
1
1
1
1
1
1
1
1
1
1
1
1
1
1
1
1
1
1
1
1
1
1
1
1
1
1
1
1
1
1
1
1
1
1
1
1
1
1
1
1
1
1
1
1
1
1
1
1
1
1
1
1
1
1
1
1
1
1
1
1
1
1
1
1
1
1
1
1
1
1
1
1
1
1
1
1
1
1
1
1
1
1
1
1
1
1
1
1
1
1
1
1
1
1
1
1
1
1
1
1
1
1
1
1
1
1
1
1
1
1
1
1
1
1
1
1
1
1
1
1
1
1
1
1
1
1
1
1
1
1
1
1
1
1
1
1
1
1
1
1
1
1
1
1
1
1
1
1
1
1
1
1
1
1
1
1
1
1
1
1
1
1
1
1
1
1
1
0.99999999
0.99999999
0.99999999
0.99999999
0.99999999
0.99999999
0.99999999
0.99999999
0.99999999
0.99999999
1
1
1
1
1
1
0.99999999
0.99999999
0.99999999
0.99999999
0.99999999
0.99999999
0.99999999
0.99999998
0.99999998
0.99999998
0.99999998
0.99999998
0.99999998
0.99999997
0.99999997
0.99999997
0.99999997
0.99999997
0.99999997
0.99999997
0.99999997
0.99999997
0.99999997
0.99999997
0.99999997
0.99999997
0.99999997
0.99999997
0.99999997
0.99999997
0.99999998
0.99999998
0.99999998
0.99999998
0.99999998
0.99999998
0.99999998
0.99999999
0.99999999
0.99999999
0.99999999
0.99999999
0.99999999
0.99999999
0.99999999
0.99999999
0.99999999
0.99999999
0.99999999
0.99999999
1
1
1
1
1
1
1
1
1
1
1
1
1
1
1
1
1
1
1
1
1
1
1
1
1
1
1
1
1
1
1
1
1
1
1
1
1
1
1
1
1
1
1
1
1
1
1
1
1
1
1
1
1
1
1
1
1
1
1
1
1
1
1
1
1
1
1
1
1
1
1
1
1
1
1
1
1
1
1
1
1
1
1
1
1
1
1
0.99999999
0.99999999
0.99999999
0.99999999
0.99999999
0.99999999
0.99999999
0.99999999
0.99999999
0.99999998
0.99999998
0.99999998
0.99999998
0.99999998
0.99999998
0.99999997
0.99999997
0.99999997
0.99999997
0.99999996
0.99999996
0.99999996
0.99999996
0.99999996
0.99999995
0.99999995
0.99999995
0.99999995
0.99999994
0.99999994
0.99999994
0.99999994
0.99999993
0.99999993
0.99999993
0.99999992
0.99999992
0.99999992
0.99999992
0.99999992
0.99999991
0.99999991
0.99999991
0.99999991
0.9999999
0.9999999
0.9999999
0.9999999
0.99999989
0.99999989
0.99999989
0.99999989
0.99999989
0.99999988
0.99999988
0.99999988
0.99999988
0.99999163
0.99998727
0.99998474
0.99998327
0.99998235
0.99998171
0.99998118
0.99998069
0.99998019
0.99997967
0.99997911
0.99997854
0.99997795
0.99997737
0.99997682
0.9999763
0.99997585
0.99997548
0.99997521
0.99997506
0.99997503
0.99997513
0.99997538
0.99997577
0.99997629
0.99997694
0.99997771
0.99997858
0.99997953
0.99998056
0.99998164
0.99998275
0.99998387
0.999985
0.99998612
0.9999872
0.99998825
0.99998926
0.99999021
0.99999111
0.99999195
0.99999273
0.99999345
0.99999411
0.99999471
0.99999526
0.99999576
0.99999621
0.99999661
0.99999697
0.9999973
0.99999759
0.99999785
0.99999808
0.99999828
0.99999846
0.99999862
0.99999877
0.99999889
0.999999
0.9999991
0.99999919
0.99999927
0.99999934
0.9999994
0.99999946
0.9999995
0.99999955
0.99999959
0.99999962
0.99999965
0.99999968
0.9999997
0.99999972
0.99999974
0.99999976
0.99999978
0.99999979
0.9999998
0.99999982
0.99999983
0.99999984
0.99999984
0.99999985
0.99999986
0.99999986
0.99999987
0.99999988
0.99999988
0.99999988
0.99999989
0.99999989
0.9999999
0.9999999
0.9999999
0.9999999
0.99999991
0.99999991
0.99999991
0.99999991
0.99999991
0.99999991
0.99999991
0.99999991
0.99999992
0.99999992
0.99999992
0.99999992
0.99999992
0.99999992
0.99999992
0.99999992
0.99999992
0.99999992
0.99999992
0.99999992
0.99999992
0.99999992
0.99999992
0.99999992
0.99999992
0.99999992
0.99999991
0.99999991
0.99999991
0.99999991
0.99999991
0.99999991
0.99999991
0.99999991
0.99999991
0.99999991
0.9999999
0.9999999
0.99999989
0.99999988
0.99999987
0.99999985
0.99999984
0.99999982
0.99999981
0.99999979
0.99999977
0.99999975
0.99999973
0.9999997
0.99999968
0.99999965
0.99999963
0.9999996
0.99999958
0.99999955
0.99999952
0.99999949
0.99999946
0.99999943
0.9999994
0.99999937
0.99999934
0.99999931
0.99999927
0.99999924
0.99999921
0.99999918
0.99999915
0.99999912
0.99999908
0.99999905
0.99999902
0.99999899
0.99999896
0.99999893
0.9999989
0.99999887
0.99999884
0.99999881
0.99999878
0.99999875
0.99999873
0.9999987
0.99999867
0.99999865
0.99999862
0.99999859
0.99999857
0.99999855
0.99999852
0.9999985
0.99999847
0.99999845
0.99999843
0.99999841
0.99999839
0.99999836
0.99999834
0.99999832
0.9999983
0.99999828
0.99999826
0.99999824
0.84038159
0.91384342
0.93981154
0.95366541
0.96222314
0.96795572
0.97201469
0.97500632
0.97728149
0.97905938
0.98048475
0.98165726
0.9826479
0.9835085
0.98427765
0.98498437
0.98565048
0.98629224
0.98692139
0.987546
0.98817106
0.98879905
0.98943033
0.99006361
0.99069633
0.99132505
0.99194581
0.99255437
0.99314659
0.99371854
0.99426674
0.99478828
0.99528085
0.99574278
0.99617308
0.99657133
0.99693769
0.99727278
0.99757762
0.99785355
0.99810216
0.99832518
0.99852445
0.99870187
0.9988593
0.99899859
0.9991215
0.9992297
0.99932475
0.9994081
0.99948109
0.99954491
0.99960066
0.99964933
0.99969179
0.99972881
0.9997611
0.99978925
0.99981379
0.99983521
0.9998539
0.99987023
0.9998845
0.99989699
0.99990792
0.99991751
0.99992592
0.99993332
0.99993983
0.99994556
0.99995063
0.9999551
0.99995906
0.99996258
0.9999657
0.99996848
0.99997095
0.99997316
0.99997513
0.9999769
0.99997849
0.99997991
0.99998119
0.99998235
0.99998339
0.99998433
0.99998518
0.99998595
0.99998665
0.99998729
0.99998786
0.99998839
0.99998887
0.9999893
0.9999897
0.99999007
0.9999904
0.9999907
0.99999098
0.99999123
0.99999147
0.99999168
0.99999187
0.99999205
0.99999221
0.99999236
0.9999925
0.99999262
0.99999273
0.99999283
0.99999293
0.99999301
0.99999308
0.99999315
0.99999321
0.99999327
0.99999331
0.99999336
0.99999339
0.99999342
0.99999345
0.99999347
0.99999349
0.99999351
0.99999352
0.99999353
0.99999353
0.99999353
0.99999353
0.99999353
0.99999353
0.99999352
0.9999935
0.99999346
0.99999341
0.99999334
0.99999326
0.99999317
0.99999306
0.99999294
0.99999282
0.99999268
0.99999253
0.99999238
0.99999222
0.99999205
0.99999188
0.9999917
0.99999151
0.99999132
0.99999113
0.99999093
0.99999073
0.99999053
0.99999032
0.99999012
0.99998991
0.9999897
0.99998949
0.99998928
0.99998907
0.99998886
0.99998865
0.99998844
0.99998823
0.99998803
0.99998782
0.99998762
0.99998742
0.99998722
0.99998703
0.99998684
0.99998665
0.99998646
0.99998628
0.9999861
0.99998593
0.99998575
0.99998558
0.99998542
0.99998525
0.99998509
0.99998494
0.99998479
0.99998464
0.99998449
0.99998435
0.99998421
0.99998407
0.99998393
0.9999838
0.99998367
0.99998355
0.99998342
0.9999833
0.99998318
0.99998306
0.99998295
0.99998283
0.99998272
0.00133873
0.38270449
0.59851583
0.70683592
0.76656842
0.80389659
0.82909696
0.84707808
0.86047818
0.87083978
0.87912519
0.88596646
0.89179577
0.89691795
0.90155285
0.90586101
0.90995987
0.91393433
0.91784397
0.92172814
0.92560991
0.92949915
0.93339524
0.93728937
0.94116671
0.94500829
0.94879275
0.95249781
0.95610161
0.95958371
0.96292589
0.96611275
0.96913202
0.97197476
0.97463526
0.97711096
0.97940214
0.98151161
0.98344435
0.98520708
0.98680791
0.98825594
0.98956096
0.99073313
0.99178272
0.99271992
0.99355464
0.99429639
0.99495421
0.99553657
0.99605132
0.99650574
0.99690645
0.9972595
0.99757036
0.99784393
0.99808461
0.99829634
0.9984826
0.99864649
0.99879075
0.99891778
0.99902971
0.9991284
0.99921549
0.99929242
0.99936044
0.99942064
0.99947398
0.99952131
0.99956336
0.99960075
0.99963406
0.99966377
0.99969031
0.99971405
0.99973531
0.99975438
0.99977151
0.99978693
0.99980081
0.99981334
0.99982466
0.9998349
0.99984417
0.99985258
0.99986022
0.99986716
0.99987348
0.99987924
0.99988449
0.99988928
0.99989366
0.99989766
0.99990133
0.99990468
0.99990776
0.99991057
0.99991315
0.99991552
0.99991769
0.99991968
0.99992151
0.99992318
0.99992472
0.99992612
0.99992741
0.99992858
0.99992965
0.99993063
0.99993152
0.99993233
0.99993307
0.99993373
0.99993433
0.99993487
0.99993535
0.99993578
0.99993616
0.99993649
0.99993678
0.99993703
0.99993725
0.99993743
0.99993757
0.99993769
0.99993778
0.99993784
0.99993788
0.99993789
0.99993788
0.99993786
0.99993781
0.99993767
0.99993744
0.99993714
0.99993676
0.99993632
0.99993581
0.99993524
0.99993463
0.99993396
0.99993325
0.9999325
0.99993171
0.99993089
0.99993004
0.99992916
0.99992825
0.99992733
0.99992639
0.99992544
0.99992447
0.99992349
0.9999225
0.99992151
0.99992051
0.99991951
0.99991851
0.99991751
0.99991652
0.99991553
0.99991455
0.99991357
0.9999126
0.99991165
0.9999107
0.99990976
0.99990884
0.99990793
0.99990704
0.99990616
0.9999053
0.99990445
0.99990362
0.9999028
0.999902
0.99990122
0.99990045
0.9998997
0.99989897
0.99989825
0.99989755
0.99989686
0.9998962
0.99989554
0.9998949
0.99989428
0.99989367
0.99989307
0.99989249
0.99989192
0.99989136
0.99989081
0.99989028
0.99988975
0.99988924
0.99988873
0.99988823
0.99988773
3.9264366e-05
0.00032304357
0.00059873956
0.081315654
0.16367042
0.23208957
0.2877052
0.33357284
0.37251499
0.40681301
0.43565322
0.46062788
0.48299071
0.50364637
0.52325184
0.54228172
0.56107151
0.57984758
0.5987486
0.61784216
0.63713832
0.65660128
0.67616
0.69571782
0.71516131
0.73436833
0.753215
0.77158174
0.7893581
0.80644643
0.82276447
0.83824675
0.85284518
0.86652869
0.87928234
0.89110584
0.90201186
0.91202404
0.92117499
0.92950438
0.93705701
0.94388121
0.95002727
0.95554621
0.96048869
0.9649042
0.96884035
0.97234242
0.975453
0.9782118
0.98065552
0.9828179
0.9847297
0.98641884
0.98791054
0.98922746
0.9903899
0.99141599
0.99232186
0.99312181
0.99382851
0.99445317
0.99500566
0.99549466
0.99592785
0.99631193
0.99665281
0.99695567
0.99722505
0.99746494
0.99767882
0.99786975
0.99804043
0.99819318
0.9983301
0.99845297
0.99856339
0.99866277
0.99875232
0.99883312
0.99890613
0.99897219
0.99903204
0.99908632
0.99913561
0.99918044
0.99922124
0.99925842
0.99929234
0.99932331
0.99935162
0.99937751
0.99940122
0.99942294
0.99944286
0.99946113
0.99947789
0.99949328
0.99950742
0.9995204
0.99953233
0.99954329
0.99955336
0.99956261
0.9995711
0.99957888
0.99958603
0.99959257
0.99959856
0.99960403
0.99960903
0.99961358
0.99961773
0.99962148
0.99962489
0.99962796
0.99963071
0.99963319
0.99963539
0.99963734
0.99963905
0.99964055
0.99964184
0.99964294
0.99964386
0.99964462
0.99964523
0.99964569
0.99964601
0.99964622
0.9996463
0.99964628
0.99964618
0.99964584
0.99964517
0.9996442
0.99964294
0.99964142
0.99963965
0.99963767
0.99963549
0.99963312
0.99963059
0.99962791
0.99962508
0.99962214
0.99961909
0.99961594
0.99961271
0.9996094
0.99960604
0.99960262
0.99959916
0.99959566
0.99959214
0.99958861
0.99958507
0.99958152
0.99957798
0.99957446
0.99957095
0.99956746
0.999564
0.99956057
0.99955718
0.99955383
0.99955052
0.99954726
0.99954405
0.99954089
0.99953778
0.99953473
0.99953174
0.99952881
0.99952593
0.99952312
0.99952036
0.99951767
0.99951504
0.99951247
0.99950995
0.9995075
0.99950511
0.99950277
0.99950049
0.99949826
0.99949609
0.99949397
0.9994919
0.99948988
0.99948791
0.99948598
0.99948409
0.99948225
0.99948044
0.99947866
0.99947693
0.99947522
0.99947353
0.99947187
1.0468364e-07
2.6301978e-07
4.4580406e-07
4.5859604e-05
9.2584979e-05
0.00013991301
0.00018851711
0.00023908689
0.00029227709
0.00034954827
0.0037234896
0.010064374
0.019188659
0.031130605
0.046050326
0.063824666
0.084154125
0.10697061
0.13217615
0.15963665
0.18917939
0.22059365
0.25363373
0.28802408
0.32346599
0.35964534
0.39624106
0.43293366
0.4694135
0.50538829
0.54058958
0.5747779
0.60774646
0.63932346
0.66937289
0.69779404
0.72452
0.74951517
0.77277222
0.79430849
0.81416232
0.83238925
0.84905838
0.86424893
0.87804717
0.89054363
0.90183076
0.91200095
0.92114492
0.92935049
0.93670159
0.94327763
0.94915307
0.95439712
0.95907373
0.96324158
0.96695426
0.97026045
0.97320421
0.97582524
0.97815924
0.98023817
0.98209061
0.98374202
0.98521509
0.98652997
0.98770454
0.98875465
0.98969434
0.99053604
0.99129074
0.99196813
0.99257683
0.9931244
0.99361756
0.99406225
0.99446369
0.99482653
0.99515488
0.99545236
0.9957222
0.99596725
0.99619004
0.99639282
0.99657759
0.99674613
0.99690001
0.99704066
0.99716932
0.99728712
0.99739507
0.99749406
0.99758491
0.99766834
0.99774499
0.99781545
0.99788026
0.99793987
0.99799473
0.99804521
0.99809168
0.99813445
0.9981738
0.99821001
0.99824331
0.99827391
0.99830202
0.99832783
0.99835149
0.99837316
0.99839298
0.99841108
0.99842758
0.99844259
0.99845621
0.99846853
0.99847965
0.99848964
0.99849858
0.99850653
0.99851357
0.99851976
0.99852514
0.99852978
0.99853373
0.99853703
0.99853972
0.99854185
0.99854346
0.99854458
0.99854524
0.99854549
0.99854535
0.99854486
0.99854337
0.99854096
0.9985377
0.99853367
0.99852892
0.99852351
0.99851751
0.99851096
0.99850393
0.99849645
0.99848857
0.99848034
0.9984718
0.99846298
0.99845392
0.99844465
0.99843522
0.99842564
0.99841595
0.99840617
0.99839633
0.99838645
0.99837656
0.99836667
0.9983568
0.99834698
0.99833721
0.99832752
0.99831791
0.9983084
0.998299
0.99828973
0.99828058
0.99827158
0.99826272
0.99825401
0.99824546
0.99823707
0.99822884
0.99822079
0.99821291
0.9982052
0.99819766
0.99819029
0.9981831
0.99817608
0.99816923
0.99816255
0.99815603
0.99814968
0.99814348
0.99813744
0.99813155
0.9981258
0.99812019
0.99811472
0.99810938
0.99810417
0.99809907
0.99809409
0.99808921
0.99808443
0.99807975
0.99807515
0.99807062
0.99806614
1.9828821e-10
1.957784e-10
2.6203857e-10
2.1347243e-08
4.2611688e-08
6.6652812e-08
9.4805583e-08
1.2809852e-07
1.675182e-07
2.1450971e-07
9.9345018e-07
2.9588346e-06
6.4940176e-06
1.2010544e-05
2.0081932e-05
0.00045319159
0.0019823372
0.0050222096
0.0099022987
0.016953999
0.026468175
0.038682063
0.053767767
0.071823337
0.092867187
0.11683633
0.14358861
0.17290871
0.20451749
0.23808389
0.27323863
0.30958864
0.34673143
0.3842686
0.42181785
0.45902297
0.49556168
0.53115114
0.56555121
0.59856572
0.63004196
0.65986874
0.68797332
0.71431765
0.73889406
0.76172079
0.78283757
0.8023013
0.8201821
0.83655973
0.8515204
0.86515409
0.87755224
0.88880592
0.89900434
0.9082337
0.91657638
0.92411034
0.93090874
0.93703979
0.94256667
0.94754758
0.95203592
0.95608043
0.9597255
0.96301138
0.96597451
0.96864778
0.97106082
0.97324028
0.97521009
0.97699171
0.9786044
0.98006538
0.98139006
0.98259222
0.98368421
0.98467703
0.98558056
0.98640359
0.98715401
0.98783887
0.98846447
0.98903646
0.9895599
0.99003933
0.9904788
0.99088197
0.99125212
0.99159219
0.99190484
0.99219246
0.99245719
0.99270098
0.99292559
0.9931326
0.99332345
0.99349944
0.99366176
0.99381147
0.99394955
0.9940769
0.99419432
0.99430254
0.99440226
0.99449408
0.99457858
0.99465627
0.99472764
0.99479312
0.99485312
0.99490801
0.99495815
0.99500385
0.99504541
0.9950831
0.99511718
0.9951479
0.99517546
0.99520008
0.99522196
0.99524127
0.99525818
0.99527286
0.99528544
0.99529608
0.9953049
0.99531203
0.99531759
0.99532168
0.99532441
0.99532588
0.99532617
0.99532561
0.99532301
0.99531818
0.9953113
0.99530254
0.99529206
0.99528
0.9952665
0.99525171
0.99523573
0.9952187
0.99520073
0.99518191
0.99516235
0.99514215
0.99512138
0.99510014
0.9950785
0.99505653
0.99503431
0.9950119
0.99498935
0.99496672
0.99494407
0.99492144
0.99489889
0.99487644
0.99485413
0.99483201
0.99481011
0.99478845
0.99476705
0.99474595
0.99472516
0.9947047
0.99468459
0.99466484
0.99464547
0.99462647
0.99460787
0.99458966
0.99457185
0.99455445
0.99453745
0.99452085
0.99450465
0.99448885
0.99447345
0.99445843
0.99444379
0.99442953
0.99441563
0.99440209
0.99438889
0.99437602
0.99436348
0.99435125
0.99433931
0.99432766
0.99431629
0.99430516
0.99429429
0.99428364
0.9942732
0.99426294
0.99425286
0.99424288
3.4493611e-13
1.2419491e-13
1.2577934e-13
7.2623959e-12
1.5507426e-11
2.5716162e-11
3.8886737e-11
5.6028305e-11
7.8264247e-11
1.0705547e-10
3.114104e-10
9.1344354e-10
2.1823659e-09
4.455542e-09
8.2054373e-09
9.990443e-08
4.9238632e-07
5.4373668e-06
0.00016726776
0.00067431102
0.0017673224
0.0037370687
0.0069073622
0.011616916
0.01819932
0.026962694
0.038170608
0.052025743
0.068657458
0.088114063
0.11036013
0.13527874
0.16267809
0.19230175
0.22384148
0.25695155
0.29126347
0.32640029
0.36198968
0.39767515
0.43312524
0.46804039
0.50215762
0.53525312
0.567143
0.59768254
0.62676421
0.65431479
0.68029194
0.70468037
0.72748795
0.74874184
0.7684848
0.78677178
0.80366688
0.81924063
0.83356762
0.8467246
0.85878877
0.86983655
0.87994249
0.88917852
0.89761336
0.90531214
0.91233618
0.91874282
0.92458545
0.92991354
0.93477274
0.93920506
0.94324901
0.94693983
0.95030969
0.95338791
0.95620115
0.95877363
0.96112734
0.9632822
0.96525628
0.96706592
0.96872592
0.97024967
0.97164928
0.97293572
0.9741189
0.97520779
0.97621051
0.97713443
0.9779862
0.97877186
0.97949689
0.98016626
0.98078449
0.98135566
0.98188352
0.98237146
0.98282256
0.98323966
0.98362531
0.98398189
0.98431153
0.98461621
0.98489772
0.98515773
0.98539776
0.98561921
0.98582335
0.9860114
0.98618443
0.98634346
0.98648943
0.98662321
0.9867456
0.98685736
0.98695917
0.98705169
0.98713552
0.98721123
0.98727933
0.98734033
0.98739469
0.98744284
0.98748519
0.98752211
0.98755397
0.9875811
0.98760383
0.98762244
0.98763724
0.98764848
0.98765641
0.98766127
0.9876633
0.98766269
0.98765898
0.98765076
0.98763838
0.9876222
0.98760254
0.9875797
0.98755397
0.98752563
0.98749494
0.98746214
0.98742745
0.9873911
0.98735329
0.9873142
0.98727403
0.98723292
0.98719106
0.98714857
0.98710561
0.98706229
0.98701874
0.98697507
0.98693138
0.98688776
0.98684431
0.9868011
0.98675821
0.98671571
0.98667365
0.98663209
0.98659108
0.98655067
0.98651088
0.98647177
0.98643335
0.98639565
0.9863587
0.9863225
0.98628707
0.98625243
0.98621858
0.98618551
0.98615324
0.98612176
0.98609105
0.98606113
0.98603197
0.98600357
0.9859759
0.98594896
0.98592272
0.98589717
0.98587229
0.98584804
0.98582442
0.9858014
0.98577895
0.98575704
0.98573565
0.98571476
0.98569432
0.98567432
0.98565473
0.98563549
0.98561656
0.98559785
2.2395135e-16
1.0802987e-16
7.4616062e-17
1.786387e-15
4.4752746e-15
8.2468526e-15
1.3552613e-14
2.1043001e-14
3.1568488e-14
4.6274398e-14
1.0586863e-13
2.9189235e-13
7.3292646e-13
1.6197458e-12
3.2428119e-12
2.5218546e-11
1.3225143e-10
1.3255866e-09
3.8577315e-08
3.830318e-06
4.4510082e-05
0.00018625426
0.00053538408
0.0012456009
0.0025178176
0.0045947265
0.0077503558
0.012275571
0.018460935
0.026578592
0.0368649
0.04950532
0.0646228
0.082270411
0.10242853
0.12500646
0.14984795
0.17673985
0.20542302
0.23560449
0.26696996
0.29919589
0.33196057
0.36495363
0.39788391
0.43048538
0.46252128
0.49378655
0.52410882
0.55334806
0.58139532
0.60817063
0.63362047
0.65771486
0.68044433
0.70181689
0.72185508
0.74059324
0.75807495
0.7743508
0.78947639
0.80351061
0.81651419
0.82854848
0.83967449
0.84995209
0.85943941
0.86819238
0.87626443
0.88370623
0.8905656
0.89688745
0.90271378
0.90808371
0.9130336
0.91759712
0.92180539
0.92568712
0.92926875
0.9325746
0.93562698
0.93844638
0.94105157
0.94345977
0.94568671
0.94774682
0.94965329
0.95141819
0.95305256
0.95456652
0.95596931
0.95726941
0.95847456
0.95959188
0.96062789
0.96158854
0.96247934
0.96330531
0.96407108
0.96478091
0.96543872
0.96604811
0.96661242
0.96713471
0.96761783
0.9680644
0.96847684
0.96885741
0.96920821
0.96953116
0.96982806
0.97010061
0.97035036
0.97057877
0.97078719
0.97097691
0.97114911
0.97130491
0.97144535
0.97157142
0.97168402
0.97178404
0.97187228
0.97194952
0.97201647
0.97207381
0.97212219
0.97216222
0.97219447
0.97221949
0.97223777
0.97224982
0.97225608
0.97225699
0.97225293
0.97224165
0.97222373
0.97219972
0.97217014
0.97213547
0.97209619
0.97205273
0.97200549
0.97195487
0.97190124
0.97184493
0.97178627
0.97172557
0.97166311
0.97159917
0.97153398
0.9714678
0.97140083
0.97133328
0.97126534
0.97119719
0.971129
0.97106091
0.97099306
0.97092558
0.9708586
0.9707922
0.9707265
0.97066158
0.97059752
0.97053439
0.97047224
0.97041114
0.97035113
0.97029225
0.97023453
0.970178
0.97012269
0.9700686
0.97001575
0.96996413
0.96991376
0.96986463
0.96981673
0.96977004
0.96972456
0.96968026
0.96963711
0.9695951
0.96955419
0.96951436
0.96947557
0.96943779
0.96940098
0.96936509
0.9693301
0.96929595
0.96926262
0.96923004
0.96919819
0.969167
0.96913643
0.96910642
0.96907687
0.96904767
4.0100757e-20
4.9226694e-20
4.5702043e-20
3.7826247e-19
1.132133e-18
2.3986895e-18
4.3807428e-18
7.4266441e-18
1.2062839e-17
1.9069079e-17
3.9400125e-17
1.0283645e-16
2.6939344e-16
6.4683028e-16
1.4195223e-15
7.8860602e-15
4.1688315e-14
3.8693125e-13
1.0705723e-11
1.0129134e-09
1.3530263e-08
3.5715417e-06
2.3761196e-05
9.0345792e-05
0.00025822933
0.00061486018
0.0012852653
0.0024334805
0.004259691
0.0069930269
0.010880578
0.016173691
0.023112926
0.031913152
0.042750176
0.055750007
0.070981531
0.088452939
0.10811189
0.12984903
0.15350431
0.17887536
0.20572709
0.23380183
0.2628294
0.29253635
0.32265434
0.35292703
0.38311561
0.41300293
0.44239616
0.47112826
0.49905843
0.52607154
0.55207703
0.5770072
0.60081519
0.62347271
0.64496782
0.66530251
0.68449057
0.70255546
0.71952841
0.73544667
0.750352
0.76428934
0.77730565
0.78944896
0.80076755
0.81130934
0.8211213
0.83024915
0.83873694
0.84662693
0.85395935
0.8607724
0.86710214
0.8729825
0.87844532
0.8835204
0.88823556
0.8926167
0.89668793
0.90047163
0.90398857
0.90725799
0.9102977
0.91312419
0.91575269
0.91819731
0.92047105
0.92258597
0.92455316
0.92638293
0.92808475
0.92966741
0.93113903
0.93250712
0.93377864
0.93496002
0.93605724
0.93707582
0.9380209
0.93889725
0.93970928
0.94046113
0.94115662
0.94179933
0.94239258
0.94293947
0.94344293
0.94390564
0.94433015
0.94471884
0.94507394
0.94539753
0.94569157
0.94595792
0.94619829
0.94641434
0.94660758
0.94677948
0.94693139
0.94706461
0.94718036
0.94727978
0.94736396
0.94743394
0.94749067
0.94753509
0.94756806
0.94759041
0.94760291
0.94760631
0.94760126
0.94758458
0.94755722
0.94752005
0.94747393
0.94741965
0.94735796
0.94728957
0.94721516
0.94713535
0.94705074
0.94696188
0.94686931
0.94677351
0.94667495
0.94657406
0.94647124
0.94636688
0.94626132
0.9461549
0.94604791
0.94594065
0.94583336
0.94572629
0.94561966
0.94551368
0.94540852
0.94530435
0.94520132
0.94509958
0.94499924
0.94490041
0.94480318
0.94470764
0.94461385
0.94452189
0.94443179
0.94434359
0.94425733
0.94417303
0.9440907
0.94401034
0.94393195
0.94385553
0.94378105
0.9437085
0.94363784
0.94356905
0.94350209
0.94343691
0.94337347
0.94331172
0.94325159
0.94319305
0.94313601
0.94308044
0.94302624
0.94297337
0.94292175
0.94287131
0.94282198
0.94277368
0.94272633
0.94267983
0.94263404
0.94258877
7.7149458e-24
1.5227826e-23
1.960106e-23
8.318163e-23
2.723655e-22
6.5934866e-22
1.3614384e-21
2.6177546e-21
6.3150886e-21
4.0764907e-20
3.9303979e-19
3.3621786e-18
2.0085157e-17
8.5024544e-17
2.7183788e-16
6.945311e-16
1.4788121e-15
2.7755921e-15
7.5340614e-15
3.0979966e-13
4.6643798e-12
1.1948875e-09
4.3168235e-07
3.9207527e-06
1.8399539e-05
6.1919884e-05
0.00016858621
0.00039474814
0.00082431966
0.0015720908
0.0027841351
0.0046348322
0.0073205236
0.011050299
0.016034798
0.022474127
0.030546061
0.040395581
0.052126589
0.065796344
0.081412844
0.0989351
0.11827599
0.13930724
0.16186594
0.18576207
0.21078635
0.23671807
0.26333241
0.29040694
0.31772722
0.34509125
0.37231296
0.39922452
0.42567779
0.45154497
0.47671846
0.50111026
0.5246509
0.54728805
0.56898498
0.58971887
0.60947913
0.62826569
0.64608743
0.66296066
0.67890772
0.69395577
0.70813563
0.72148083
0.73402676
0.74580995
0.75686748
0.76723644
0.77695354
0.7860548
0.79457527
0.80254883
0.81000807
0.81698417
0.82350687
0.82960439
0.83530347
0.84062935
0.84560584
0.85025528
0.85459871
0.8586558
0.86244499
0.86598354
0.86928757
0.87237214
0.87525131
0.8779382
0.88044506
0.88278331
0.8849636
0.88699588
0.88888942
0.89065288
0.89229434
0.89382135
0.89524096
0.89655977
0.89778393
0.89891921
0.89997102
0.90094442
0.90184415
0.90267466
0.90344013
0.90414448
0.9047914
0.90538437
0.90592665
0.90642131
0.90687126
0.90727923
0.9076478
0.90797941
0.90827636
0.90854083
0.90877486
0.90898042
0.90915934
0.90931336
0.90944414
0.90955324
0.90964213
0.90971222
0.90976484
0.90980125
0.90982264
0.90983014
0.90982453
0.90980288
0.9097665
0.90971663
0.90965444
0.90958103
0.90949745
0.90940468
0.90930365
0.90919524
0.90908027
0.90895952
0.90883371
0.90870352
0.9085696
0.90843253
0.90829289
0.90815119
0.90800791
0.90786351
0.90771839
0.90757295
0.90742755
0.9072825
0.90713811
0.90699465
0.90685237
0.9067115
0.90657224
0.90643478
0.90629928
0.90616588
0.9060347
0.90590586
0.90577946
0.90565556
0.90553423
0.90541553
0.90529948
0.90518612
0.90507546
0.90496751
0.90486225
0.90475967
0.90465975
0.90456245
0.90446774
0.90437556
0.90428587
0.9041986
0.90411368
0.90403105
0.90395063
0.90387233
0.90379608
0.90372178
0.90364934
0.90357867
0.90350968
0.90344225
0.9033763
0.90331171
0.90324836
0.90318613
0.90312482
0.90306419
1.522019e-27
6.6553851e-27
4.525252e-26
2.6895234e-25
1.1014687e-24
5.907768e-24
4.5183437e-23
2.7147443e-22
5.0232214e-21
9.2991085e-20
1.1036008e-18
1.0290245e-17
6.4900167e-17
2.8686553e-16
9.5434768e-16
2.531094e-15
5.5797617e-15
1.0537235e-14
1.7427401e-14
2.5750471e-14
3.5770715e-14
4.9324575e-13
1.69907e-10
7.8644236e-08
8.478018e-07
4.5917383e-06
1.7443531e-05
5.2709015e-05
0.00013515164
0.00030572034
0.00062595555
0.0011812182
0.002081978
0.0034626475
0.0054777988
0.0082959742
0.012091627
0.017035961
0.023287531
0.030983457
0.04023197
0.051106813
0.063643797
0.077839587
0.093652586
0.11100565
0.12979024
0.14987161
0.1710946
0.1932896
0.2162784
0.23987968
0.26391382
0.28820706
0.31259487
0.33692455
0.36105701
0.38486802
0.4082487
0.4311056
0.45336035
0.47494897
0.49582096
0.51593824
0.53527396
0.55381127
0.57154217
0.58846626
0.60458965
0.61992391
0.63448509
0.64829287
0.66136977
0.67374046
0.68543119
0.69646922
0.70688243
0.71669892
0.72594673
0.73465356
0.74284659
0.75055232
0.75779643
0.7646037
0.77099797
0.77700205
0.78263776
0.78792585
0.79288608
0.79753717
0.80189687
0.80598197
0.80980832
0.81339092
0.81674388
0.81988051
0.82281337
0.82555427
0.82811433
0.83050404
0.83273326
0.83481127
0.83674681
0.83854812
0.84022296
0.84177862
0.84322199
0.84455958
0.84579749
0.84694151
0.84799709
0.84896938
0.84986325
0.85068329
0.85143385
0.85211905
0.85274277
0.8533087
0.85382032
0.85428095
0.85469372
0.85506158
0.85538737
0.85567374
0.85592323
0.85613823
0.85632103
0.85647378
0.85659853
0.85669723
0.85677172
0.85682374
0.85685495
0.85686692
0.85685989
0.85683262
0.85678678
0.85672393
0.85664557
0.85655311
0.85644786
0.85633109
0.85620398
0.85606764
0.8559231
0.85577137
0.85561336
0.85544992
0.85528188
0.85510999
0.85493495
0.85475741
0.85457799
0.85439726
0.85421573
0.85403388
0.85385217
0.853671
0.85349075
0.85331175
0.85313432
0.85295874
0.85278525
0.85261409
0.85244545
0.85227951
0.85211642
0.85195632
0.85179931
0.8516455
0.85149495
0.85134773
0.85120388
0.85106342
0.85092637
0.85079272
0.85066248
0.85053561
0.85041208
0.85029184
0.85017484
0.85006102
0.84995031
0.84984262
0.84973787
0.84963597
0.84953681
0.84944029
0.84934631
0.84925474
0.84916547
0.84907837
0.84899332
0.84891019
0.84882884
0.84874915
0.84867094
0.84859407
0.8485183
0.84844331
3.5747875e-28
2.1316729e-26
1.9387701e-25
9.1713033e-25
3.0930494e-24
1.6583129e-23
1.2891358e-22
7.403508e-22
1.4924438e-20
2.8211134e-19
3.3936175e-18
3.2688474e-17
2.1075543e-16
9.4737011e-16
3.204616e-15
8.6592998e-15
1.9507078e-14
3.7777327e-14
6.4321482e-14
9.7908339e-14
1.3490629e-13
1.7000076e-13
2.7353513e-13
3.7511977e-11
2.0912942e-08
2.3798157e-07
1.4021272e-06
5.7870255e-06
1.8876055e-05
5.1876487e-05
0.00012494014
0.00027073789
0.00053785033
0.00099335467
0.0017240341
0.0028358
0.0044511626
0.0067048542
0.0097379585
0.013691077
0.018697155
0.024874605
0.032321263
0.041109622
0.051283592
0.062856901
0.075813079
0.090106885
0.1056669
0.12239903
0.14019057
0.15891463
0.17843449
0.19860788
0.21929089
0.24034136
0.26162187
0.28300206
0.30436047
0.32558585
0.34657798
0.3672481
0.38751899
0.40732472
0.42661027
0.44533083
0.46345114
0.48094465
0.49779271
0.51398364
0.52951197
0.54437759
0.55858498
0.57214252
0.58506184
0.5973572
0.60904498
0.62014321
0.63067118
0.64064903
0.65009748
0.65903756
0.66749038
0.67547696
0.68301808
0.69013412
0.69684501
0.70317015
0.7091283
0.71473761
0.72001555
0.7249789
0.72964375
0.73402549
0.73813884
0.74199783
0.74561585
0.74900563
0.7521793
0.75514839
0.75792384
0.76051608
0.76293498
0.76518993
0.76728984
0.76924317
0.77105795
0.77274179
0.77430194
0.77574525
0.77707826
0.77830715
0.77943781
0.78047582
0.78142649
0.78229485
0.78308571
0.78380361
0.78445288
0.78503763
0.78556178
0.78602903
0.78644293
0.78680683
0.78712392
0.78739723
0.78762965
0.78782391
0.78798262
0.78810825
0.78820313
0.7882695
0.78830946
0.78832502
0.78831525
0.78828193
0.78822702
0.78815236
0.78805971
0.78795071
0.78782692
0.78768981
0.78754078
0.78738112
0.78721207
0.78703476
0.78685028
0.78665964
0.78646378
0.78626358
0.78605987
0.7858534
0.78564488
0.78543498
0.78522428
0.78501337
0.78480273
0.78459286
0.78438417
0.78417706
0.78397189
0.78376897
0.78356858
0.783371
0.78317643
0.78298509
0.78279714
0.78261273
0.78243198
0.782255
0.78208187
0.78191265
0.78174739
0.7815861
0.78142881
0.78127551
0.78112617
0.78098077
0.78083926
0.78070158
0.78056767
0.78043745
0.78031082
0.7801877
0.78006798
0.77995155
0.77983827
0.77972803
0.7796207
0.77951613
0.77941417
0.77931469
0.77921752
0.77912251
0.77902949
0.77893831
0.77884877
0.77876068
0.77867378
0.77858772
1.1284468e-26
2.2540368e-25
1.2039276e-24
4.0376855e-24
1.0757052e-23
5.7919288e-23
4.4237326e-22
2.3382708e-21
5.0853186e-20
9.5502437e-19
1.1345477e-17
1.102502e-16
7.0837841e-16
3.1598446e-15
1.0623891e-14
2.8644581e-14
6.4690584e-14
1.262186e-13
2.1762347e-13
3.372268e-13
4.7567006e-13
6.1655967e-13
7.3943941e-13
8.8508016e-13
1.0828434e-10
7.6655025e-09
8.4731387e-08
5.1816875e-07
2.2493176e-06
7.7280049e-06
2.2325227e-05
5.6339676e-05
0.0001274834
0.00026357197
0.00050502178
0.00090670892
0.0015387854
0.0024861701
0.0038466079
0.0057273807
0.0082409268
0.011499748
0.015611056
0.020671593
0.026763042
0.03394832
0.042268952
0.051743632
0.062367924
0.07411503
0.086937443
0.10076931
0.11552926
0.13112353
0.14744922
0.16439737
0.18185602
0.1997128
0.21785737
0.23618329
0.25458967
0.27298237
0.29127486
0.30938875
0.32725409
0.34480943
0.36200163
0.37878557
0.39512376
0.41098583
0.42634798
0.44119239
0.45550665
0.46928315
0.48251852
0.49521312
0.50737049
0.51899688
0.53010086
0.54069286
0.5507849
0.5603902
0.56952294
0.57819802
0.58643083
0.59423707
0.60163261
0.60863335
0.6152551
0.6215135
0.62742394
0.63300149
0.63826087
0.64321642
0.64788204
0.6522712
0.6563969
0.66027169
0.66390767
0.66731645
0.6705092
0.67349664
0.67628905
0.67889628
0.68132776
0.68359251
0.68569916
0.68765599
0.68947087
0.69115134
0.69270462
0.69413759
0.69545681
0.69666857
0.69777885
0.69879336
0.69971757
0.70055668
0.70131565
0.70199921
0.70261188
0.70315797
0.70364156
0.70406658
0.70443675
0.7047556
0.70502651
0.70525269
0.70543719
0.70558292
0.70569262
0.70576893
0.70581433
0.70583117
0.70581719
0.70577781
0.70571516
0.70563126
0.70552801
0.70540722
0.70527058
0.70511969
0.70495608
0.70478114
0.70459622
0.70440257
0.70420135
0.70399367
0.70378053
0.70356289
0.70334165
0.70311762
0.70289156
0.70266418
0.70243613
0.70220802
0.70198038
0.70175372
0.70152851
0.70130515
0.70108402
0.70086547
0.70064979
0.70043725
0.7002281
0.70002253
0.69982072
0.69962284
0.699429
0.69923931
0.69905386
0.69887269
0.69869585
0.69852337
0.69835524
0.69819146
0.698032
0.69787682
0.69772587
0.69757907
0.69743636
0.69729763
0.69716279
0.69703173
0.69690433
0.69678045
0.69665997
0.69654274
0.6964286
0.6963174
0.69620897
0.69610314
0.69599974
0.69589858
0.69579949
0.69570227
0.69560671
0.6955126
0.69541968
0.69532755
4.0823132e-25
2.8936199e-24
8.9292619e-24
2.0871243e-23
4.3349334e-23
2.5444512e-22
1.8699673e-21
8.7469772e-21
2.0497968e-19
3.7157684e-18
4.2426624e-17
4.06105e-16
2.53168e-15
1.0919646e-14
3.5626254e-14
9.3771982e-14
2.0811772e-13
4.0173993e-13
6.8985209e-13
1.071694e-12
1.5257483e-12
2.0099652e-12
2.4668142e-12
2.8327162e-12
3.1560853e-12
1.1284067e-10
3.6125189e-09
3.7194748e-08
2.2823295e-07
1.015037e-06
3.5971672e-06
1.073679e-05
2.7982367e-05
6.5302248e-05
0.00013900608
0.00027372635
0.00050416185
0.00087626993
0.0014476413
0.0022868877
0.0034720009
0.00508777
0.0072224604
0.0099640308
0.013396204
0.017594702
0.02262391
0.028534182
0.035359916
0.043118461
0.051809826
0.061417155
0.071907819
0.083235034
0.095339825
0.10815323
0.12159858
0.13559378
0.1500535
0.16489113
0.18002059
0.19535786
0.21082222
0.2263373
0.24183182
0.25724014
0.2725026
0.28756567
0.30238197
0.31691016
0.33111473
0.34496569
0.35843831
0.37151265
0.38417324
0.39640865
0.40821108
0.41957601
0.43050177
0.44098922
0.45104142
0.46066331
0.46986141
0.47864362
0.48701891
0.49499719
0.50258906
0.5098057
0.51665868
0.52315987
0.52932132
0.53515514
0.54067347
0.5458884
0.55081186
0.55545564
0.55983133
0.56395028
0.56782356
0.57146198
0.57487606
0.578076
0.58107169
0.58387271
0.58648832
0.58892745
0.59119873
0.59331047
0.59527069
0.59708707
0.59876703
0.60031768
0.60174585
0.60305812
0.60426077
0.60535982
0.60636108
0.60727006
0.60809208
0.6088322
0.60949528
0.61008595
0.61060864
0.61106759
0.61146683
0.61181022
0.61210142
0.61234393
0.61254109
0.61269607
0.61281188
0.61289139
0.61293732
0.61295225
0.61293307
0.61288839
0.61282037
0.61273106
0.61262241
0.61249624
0.61235428
0.61219817
0.61202941
0.61184947
0.61165968
0.61146131
0.61125554
0.61104348
0.61082615
0.61060452
0.61037947
0.61015184
0.60992239
0.60969183
0.6094608
0.6092299
0.60899969
0.60877066
0.60854326
0.60831791
0.60809498
0.60787481
0.60765769
0.60744388
0.60723361
0.60702709
0.60682449
0.60662595
0.6064316
0.60624152
0.6060558
0.60587448
0.6056976
0.60552518
0.60535722
0.60519369
0.60503456
0.60487978
0.6047293
0.60458304
0.6044409
0.60430281
0.60416864
0.60403829
0.60391161
0.60378848
0.60366875
0.60355226
0.60343885
0.60332836
0.6032206
0.6031154
0.60301255
0.60291188
0.60281317
0.60271623
0.60262083
0.60252676
0.60243374
0.60234142
1.6603597e-23
4.453016e-23
7.9252759e-23
1.2892496e-22
2.0825783e-22
1.5507125e-21
1.0397347e-20
4.04769e-20
1.0233169e-18
1.7242173e-17
1.8303612e-16
1.679138e-15
9.8477742e-15
3.9882786e-14
1.2295154e-13
3.0848899e-13
6.5868718e-13
1.2342602e-12
2.0750857e-12
3.182917e-12
4.512675e-12
5.972637e-12
7.4287753e-12
8.7135038e-12
9.6482087e-12
1.0199296e-11
1.0413211e-10
2.0828971e-09
1.9608759e-08
1.1790198e-07
5.2617198e-07
1.8897202e-06
5.7403806e-06
1.5250405e-05
3.629047e-05
7.8743617e-05
0.00015795069
0.00029610039
0.00052334629
0.00087844336
0.0014087453
0.0021694808
0.0032223172
0.0046333036
0.0064703539
0.0088004728
0.011686942
0.015186667
0.019347871
0.024208239
0.029793622
0.036117302
0.043179828
0.050969343
0.059462368
0.068624912
0.078413848
0.088778435
0.099661932
0.11100319
0.12273819
0.13480151
0.14712756
0.15965177
0.17231152
0.18504694
0.19780152
0.21052255
0.2231615
0.23567413
0.24802065
0.26016566
0.27207806
0.28373093
0.29510133
0.30617006
0.31692142
0.32734293
0.3374251
0.34716111
0.35654657
0.36557927
0.37425893
0.38258696
0.39056628
0.39820107
0.40549662
0.41245916
0.41909571
0.42541392
0.431422
0.43712854
0.44254247
0.44767296
0.45252932
0.45712097
0.46145737
0.46554795
0.4694021
0.47302912
0.47643817
0.4796383
0.48263836
0.48544702
0.48807276
0.49052384
0.49280832
0.49493401
0.49690849
0.49873913
0.50043304
0.50199711
0.50343799
0.5047621
0.50597561
0.50708449
0.50809447
0.50901106
0.50983956
0.51058504
0.51125239
0.51184627
0.51237115
0.51283133
0.51323089
0.51357375
0.51386363
0.51410411
0.51429858
0.51445027
0.51456227
0.5146375
0.51467874
0.51468864
0.51466429
0.51461604
0.51454594
0.51445596
0.51434793
0.51422359
0.51408458
0.51393245
0.51376864
0.51359453
0.51341138
0.51322038
0.51302267
0.51281927
0.51261117
0.51239925
0.51218436
0.51196728
0.51174872
0.51152934
0.51130976
0.51109052
0.51087213
0.51065507
0.51043975
0.51022655
0.51001582
0.50980785
0.50960293
0.50940129
0.50920315
0.50900867
0.50881803
0.50863134
0.50844871
0.50827022
0.50809594
0.50792591
0.50776015
0.50759867
0.50744146
0.5072885
0.50713974
0.50699515
0.50685464
0.50671815
0.50658559
0.50645685
0.50633184
0.50621042
0.50609248
0.50597788
0.50586647
0.50575809
0.50565258
0.50554977
0.50544949
0.50535153
0.50525572
0.50516184
0.5050697
0.50497909
0.5048898
0.50480159
0.50471423
0.5046274
8.3516231e-22
8.8849113e-22
9.8864486e-22
1.1541065e-21
1.4162153e-21
1.6821748e-20
8.8254385e-20
2.5202693e-19
6.8455969e-18
1.0081157e-16
9.4795426e-16
8.0384357e-15
4.2634631e-14
1.5641478e-13
4.4164547e-13
1.0282834e-12
2.0638516e-12
3.679165e-12
5.9509545e-12
8.8782055e-12
1.2382623e-11
1.631783e-11
2.0452731e-11
2.4427482e-11
2.7744278e-11
2.9862144e-11
3.1099543e-11
1.1390095e-10
1.4360273e-09
1.2156924e-08
7.0371125e-08
3.0993304e-07
1.1113057e-06
3.3903981e-06
9.0745827e-06
2.1791172e-05
4.7751409e-05
9.6761845e-05
0.00018324837
0.00032714912
0.000554529
0.00089779181
0.0013954112
0.0020911584
0.0030328645
0.0042708041
0.005855825
0.0078373665
0.010261508
0.013169176
0.016594623
0.02056423
0.025095699
0.030197628
0.035869457
0.042101749
0.048876755
0.056169199
0.063947236
0.072173503
0.080806221
0.089800303
0.099108421
0.108682
0.11847214
0.1284304
0.13850951
0.14866394
0.15885035
0.16902799
0.17915893
0.18920826
0.19914415
0.20893794
0.21856404
0.22799996
0.2372261
0.24622571
0.25498464
0.26349128
0.2717363
0.27971249
0.28741461
0.29483918
0.3019843
0.30884954
0.31543573
0.3217448
0.32777972
0.33354429
0.33904305
0.34428121
0.34926448
0.35399903
0.35849142
0.36274846
0.36677723
0.37058495
0.37417897
0.37756671
0.38075564
0.38375318
0.38656677
0.38920375
0.39167139
0.39397685
0.39612717
0.39812926
0.39998986
0.40171557
0.40331283
0.40478788
0.4061468
0.40739549
0.40853965
0.40958481
0.4105363
0.41139928
0.41217871
0.41287936
0.41350583
0.41406254
0.41455373
0.41498345
0.4153556
0.41567391
0.41594193
0.41616306
0.41634055
0.41647749
0.41657683
0.41664135
0.41667374
0.41667017
0.41664195
0.41659277
0.41652449
0.41643885
0.41633748
0.41622193
0.41609367
0.41595405
0.41580437
0.41564584
0.41547958
0.41530665
0.41512804
0.41494467
0.4147574
0.41456701
0.41437424
0.41417978
0.41398425
0.41378823
0.41359226
0.4133968
0.41320232
0.41300921
0.41281783
0.41262852
0.41244157
0.41225724
0.41207576
0.41189734
0.41172215
0.41155035
0.41138206
0.4112174
0.41105643
0.41089924
0.41074587
0.41059634
0.41045068
0.41030888
0.41017093
0.4100368
0.40990644
0.40977981
0.40965685
0.40953747
0.4094216
0.40930914
0.40919998
0.40909403
0.40899115
0.40889121
0.40879408
0.40869961
0.40860765
0.40851803
0.40843058
0.40834511
0.40826145
0.40817939
0.40809874
0.4080193
0.40794086
0.40786321
0.40778615
0.40770943
1.0041545e-19
2.6087154e-19
4.6619215e-19
7.177155e-19
1.0337805e-18
1.4347725e-18
1.9307346e-18
2.5867086e-18
7.2166959e-17
8.1645993e-16
6.248323e-15
4.6352708e-14
2.1024401e-13
6.6650074e-13
1.658627e-12
3.4733437e-12
6.3872574e-12
1.060511e-11
1.6215333e-11
2.3203281e-11
3.1536019e-11
4.1224464e-11
5.2184175e-11
6.3870727e-11
7.4980769e-11
8.3598251e-11
8.7856211e-11
8.8716783e-11
1.6618075e-10
1.1852086e-09
8.7345928e-09
4.7901863e-08
2.0529658e-07
7.2546912e-07
2.1967908e-06
5.8609767e-06
1.4066676e-05
3.0861351e-05
6.2682385e-05
0.00011907646
0.00021335429
0.00036308169
0.00059031913
0.00092154826
0.0013872594
0.0020212125
0.0028594183
0.0039389146
0.0052964261
0.0069670024
0.0089827244
0.011371552
0.014156373
0.017354292
0.020976169
0.025026415
0.029503029
0.034397837
0.039696915
0.045381147
0.051426882
0.057806652
0.064489919
0.071443824
0.078633902
0.086024762
0.093580705
0.10126627
0.10904673
0.11688847
0.12475934
0.13262892
0.14046871
0.14825228
0.15595535
0.16355584
0.17103387
0.17837173
0.18555384
0.19256666
0.1993986
0.2060399
0.21248256
0.21872018
0.22474785
0.23056204
0.23616049
0.24154206
0.24670665
0.25165508
0.25638899
0.26091075
0.26522338
0.26933044
0.27323597
0.27694443
0.28046062
0.28378964
0.2869368
0.2899076
0.2927077
0.29534285
0.29781885
0.30014156
0.30231683
0.3043505
0.30624836
0.30801615
0.30965953
0.31118407
0.31259524
0.31389838
0.31509873
0.31620139
0.3172113
0.31813331
0.31897207
0.31973212
0.32041784
0.32103344
0.32158301
0.32207047
0.32249958
0.32287397
0.32319712
0.32347236
0.32370286
0.32389169
0.32404174
0.32415579
0.32423648
0.32428633
0.32430772
0.32429668
0.32426686
0.32421987
0.32415726
0.32408048
0.32399089
0.32388978
0.32377838
0.32365781
0.32352915
0.3233934
0.32325149
0.32310431
0.32295266
0.32279732
0.32263897
0.32247829
0.32231586
0.32215226
0.32198799
0.32182353
0.32165931
0.32149573
0.32133315
0.32117189
0.32101225
0.32085449
0.32069886
0.32054555
0.32039476
0.32024664
0.32010135
0.31995898
0.31981965
0.31968343
0.31955039
0.31942058
0.31929402
0.31917074
0.31905075
0.31893403
0.31882056
0.31871033
0.31860328
0.31849937
0.31839854
0.31830073
0.31820585
0.31811383
0.31802457
0.31793797
0.31785393
0.31777233
0.31769304
0.31761595
0.3175409
0.31746775
0.31739635
0.31732652
0.3172581
0.31719089
0.31712473
0.31705942
0.31699478
0.31693062
0.31686678
0.3168031
4.9423419e-16
7.7570588e-16
9.4419665e-16
1.0607951e-15
1.1685502e-15
1.2976025e-15
1.4733753e-15
1.7242549e-15
2.0062369e-15
1.1234913e-14
5.7852101e-14
3.4060347e-13
1.2097449e-12
3.0999827e-12
6.472017e-12
1.1750444e-11
1.9256144e-11
2.9150197e-11
4.1456544e-11
5.629736e-11
7.4360008e-11
9.7156952e-11
1.2629667e-10
1.6168252e-10
1.9986111e-10
2.3408748e-10
2.56519e-10
2.5998703e-10
2.5633477e-10
3.2904181e-10
1.2137575e-09
7.2366841e-09
3.6811832e-08
1.5147077e-07
5.2134798e-07
1.5501459e-06
4.082062e-06
9.7044095e-06
2.1142975e-05
4.2725861e-05
8.0870968e-05
0.00014453772
0.00024557881
0.00039893395
0.00062262302
0.00093751817
0.0013668982
0.0019358111
0.0026702887
0.0035964679
0.004739679
0.0061235581
0.0077692354
0.0096946392
0.011913946
0.014437188
0.017270033
0.020413713
0.023865111
0.027616963
0.031658175
0.035974211
0.040547543
0.045358132
0.050383925
0.055601343
0.060985759
0.066511939
0.072154451
0.077888029
0.083687892
0.089530017
0.095391365
0.10125006
0.10708554
0.11287865
0.1186117
0.12426855
0.12983455
0.13529661
0.14064309
0.14586383
0.15095004
0.15589429
0.16069036
0.16533325
0.16981904
0.17414483
0.17830867
0.18230946
0.18614688
0.18982133
0.19333385
0.19668604
0.19988
0.20291828
0.20580383
0.2085399
0.21113007
0.21357811
0.21588805
0.21806402
0.22011031
0.2220313
0.22383144
0.22551521
0.2270871
0.22855162
0.22991325
0.23117641
0.2323455
0.23342483
0.23441865
0.23533112
0.2361663
0.23692815
0.23762054
0.2382472
0.23881179
0.2393178
0.23976865
0.24016761
0.24051783
0.24082237
0.24108412
0.2413059
0.24149038
0.24164012
0.24175757
0.24184508
0.24190485
0.24193903
0.24194854
0.24193429
0.24190565
0.24186388
0.2418102
0.24174572
0.24167153
0.24158861
0.24149793
0.24140035
0.24129672
0.2411878
0.24107433
0.24095699
0.24083639
0.24071313
0.24058775
0.24046076
0.24033262
0.24020375
0.24007456
0.2399454
0.2398166
0.23968847
0.23956127
0.23943526
0.23931065
0.23918765
0.23906643
0.23894715
0.23882995
0.23871494
0.23860223
0.23849191
0.23838404
0.23827868
0.23817587
0.23807566
0.23797804
0.23788305
0.23779067
0.23770089
0.2376137
0.23752906
0.23744695
0.23736731
0.23729011
0.23721527
0.23714274
0.23707246
0.23700433
0.23693828
0.23687422
0.23681206
0.23675169
0.236693
0.23663587
0.23658018
0.2365258
0.23647257
0.23642035
0.23636897
0.23631828
0.23626811
0.23621829
0.23616868
0.23611916
0.23606963
2.5047452e-12
1.5081053e-12
1.0863213e-12
8.5330443e-13
7.1487865e-13
6.3309587e-13
5.9017721e-13
5.7804279e-13
5.9433865e-13
6.3007923e-13
9.2804212e-13
3.49206e-12
8.2829703e-12
1.5508954e-11
2.5485698e-11
3.8511203e-11
5.4758405e-11
7.4247807e-11
9.7165496e-11
1.2503322e-10
1.6263499e-10
2.1876243e-10
3.0277991e-10
4.1733791e-10
5.5219231e-10
6.8432744e-10
7.8508174e-10
8.3038268e-10
8.1394463e-10
7.8247319e-10
8.28676e-10
1.6590008e-09
7.0175102e-09
3.1821017e-08
1.2366111e-07
4.0969997e-07
1.183863e-06
3.0482971e-06
7.1169445e-06
1.5278211e-05
3.0500348e-05
5.7150579e-05
0.00010129038
0.00017090669
0.00027604288
0.00042880277
0.00064321455
0.00093495566
0.001320954
0.0018188909
0.0024466399
0.0032216766
0.0041604974
0.0052780771
0.0065873948
0.0080990444
0.009820945
0.011758154
0.013912782
0.016284002
0.01886815
0.021658889
0.024647434
0.027822829
0.031172241
0.034681274
0.038334297
0.042114752
0.046005459
0.049988901
0.05404748
0.05816375
0.062320622
0.066501537
0.070690615
0.074872769
0.079033803
0.083160475
0.087240551
0.091262825
0.095217137
0.099094365
0.10288641
0.10658618
0.11018753
0.11368524
0.11707499
0.12035325
0.12351729
0.12656509
0.12949532
0.13230723
0.13500065
0.13757592
0.14003384
0.14237563
0.14460287
0.14671745
0.14872157
0.15061767
0.15240839
0.15409656
0.15568514
0.15717723
0.15857601
0.15988475
0.16110673
0.1622453
0.1633038
0.16428556
0.16519392
0.16603216
0.16680354
0.16751126
0.16815845
0.16874819
0.16928348
0.16976725
0.17020234
0.17059151
0.17093742
0.17124265
0.1715097
0.17174095
0.17193871
0.17210519
0.17224251
0.17235269
0.17243767
0.1724993
0.17253934
0.17255946
0.17255595
0.17254112
0.17251596
0.17248141
0.17243834
0.17238758
0.17232992
0.17226608
0.17219675
0.17212259
0.17204419
0.17196213
0.17187692
0.17178906
0.171699
0.17160718
0.17151397
0.17141975
0.17132485
0.17122958
0.17113421
0.17103901
0.17094422
0.17085005
0.17075668
0.1706643
0.17057307
0.17048312
0.17039458
0.17030756
0.17022215
0.17013843
0.17005648
0.16997634
0.16989808
0.16982172
0.1697473
0.16967482
0.16960431
0.16953576
0.16946917
0.16940453
0.16934182
0.16928102
0.16922209
0.169165
0.16910971
0.16905618
0.16900435
0.16895418
0.16890559
0.16885854
0.16881293
0.16876871
0.1687258
0.16868409
0.1686435
0.16860393
0.16856527
0.16852739
0.16849018
0.16845349
0.16841719
0.16838113
0.16834519
0.16830924
0.1682732
0.16823704
2.6816918e-09
6.9254457e-10
3.295548e-10
1.971507e-10
1.3412297e-10
9.9852133e-11
7.9907269e-11
6.8109294e-11
6.152542e-11
5.8729552e-11
5.8792222e-11
5.9325651e-11
6.5330299e-11
7.6373412e-11
9.2233553e-11
1.1272571e-10
1.3758632e-10
1.6671098e-10
2.0186242e-10
2.5158733e-10
3.3785046e-10
4.9636715e-10
7.6103926e-10
1.1387773e-09
1.5935015e-09
2.0519258e-09
2.4271084e-09
2.6448356e-09
2.6330009e-09
2.5280655e-09
2.3677157e-09
2.2821096e-09
3.0352908e-09
8.2074876e-09
3.0964437e-08
1.1088106e-07
3.4885613e-07
9.6942025e-07
2.4184024e-06
5.4994371e-06
1.1545742e-05
2.2615526e-05
4.169225e-05
7.2866471e-05
0.00012147519
0.00019417751
0.00029895149
0.00044500498
0.00064260188
0.00090281286
0.0012372062
0.0016574986
0.002175187
0.0028011834
0.0035454721
0.0044168049
0.005422447
0.0065679813
0.0078571755
0.0092919113
0.010872173
0.012596089
0.014460024
0.016458704
0.018585378
0.020831995
0.023189402
0.025647541
0.02819565
0.030822461
0.033516385
0.036265684
0.03905863
0.041883648
0.044729437
0.04758508
0.05044013
0.053284683
0.056109436
0.058905724
0.061665558
0.064381633
0.067047337
0.06965675
0.072204633
0.074686411
0.077098148
0.079436525
0.081698807
0.083882812
0.085986875
0.088009817
0.089950904
0.091809818
0.093586615
0.095281695
0.096895767
0.09842982
0.099885086
0.10126302
0.10256525
0.1037936
0.10495
0.10603651
0.10705529
0.10800857
0.10889865
0.10972785
0.11049854
0.11121308
0.11187386
0.11248324
0.11304357
0.11355717
0.11402633
0.11445328
0.11484024
0.11518933
0.11550266
0.11578226
0.11603009
0.11624806
0.116438
0.1166017
0.11674085
0.1168571
0.11695201
0.11702708
0.11708376
0.11712342
0.11714734
0.11715643
0.1171509
0.11713782
0.11711786
0.11709166
0.11705981
0.11702289
0.11698142
0.1169359
0.1168868
0.11683455
0.11677957
0.11672223
0.11666289
0.11660188
0.11653951
0.11647606
0.1164118
0.11634696
0.11628178
0.11621646
0.11615118
0.11608613
0.11602144
0.11595727
0.11589375
0.11583098
0.11576908
0.11570812
0.1156482
0.11558939
0.11553174
0.1154753
0.11542012
0.11536624
0.11531369
0.11526248
0.11521263
0.11516416
0.11511706
0.11507133
0.11502697
0.11498397
0.11494231
0.11490197
0.11486293
0.11482517
0.11478865
0.11475334
0.11471921
0.11468621
0.1146543
0.11462343
0.11459356
0.11456462
0.11453657
0.11450932
0.11448282
0.11445698
0.11443173
0.11440696
0.11438259
0.11435849
0.11433456
0.11431069
0.11428676
0.11426269
0.11423841
0.11421395
6.908592e-09
2.5665554e-09
1.2365819e-09
7.4052654e-10
5.0211016e-10
3.7099701e-10
2.9319803e-10
2.4533165e-10
2.1602627e-10
1.993586e-10
1.9215214e-10
1.9222336e-10
1.9429816e-10
2.0459023e-10
2.2212472e-10
2.4596277e-10
2.7530797e-10
3.1121773e-10
3.6437476e-10
4.7331202e-10
7.2145979e-10
1.2242367e-09
2.0640499e-09
3.2213674e-09
4.5589442e-09
5.868695e-09
6.9459013e-09
7.6401467e-09
7.8652943e-09
7.6108801e-09
7.1205492e-09
6.4828366e-09
5.924339e-09
6.3786265e-09
1.15927e-08
3.4074563e-08
1.0876241e-07
3.1959303e-07
8.4434931e-07
2.0216754e-06
4.4409207e-06
9.0510936e-06
1.7280666e-05
3.1156348e-05
5.3407054e-05
8.7539461e-05
0.00013787379
0.00020953208
0.00030837597
0.00044089553
0.00061405505
0.00083510505
0.0011113718
0.0014500368
0.001857918
0.0023412641
0.0029055712
0.0035554281
0.0042943957
0.005124923
0.006048299
0.0070646402
0.0081729101
0.0093709673
0.010655638
0.012022806
0.013467521
0.014984109
0.0165663
0.018207342
0.01990013
0.021637313
0.023411414
0.025214919
0.027040381
0.028880491
0.030728159
0.032576564
0.034419214
0.036249982
0.038063137
0.039853368
0.041615799
0.043345999
0.045039979
0.046694195
0.048305533
0.049871303
0.051389221
0.052857394
0.054274296
0.055638752
0.05694991
0.058207226
0.059410434
0.060559526
0.061654731
0.062696488
0.06368543
0.06462236
0.065508232
0.06634413
0.067131255
0.067870903
0.068564452
0.06921335
0.069819093
0.070383223
0.07090731
0.071392943
0.071841721
0.072255244
0.072635108
0.072982893
0.073300163
0.073588455
0.073849279
0.074084113
0.074294396
0.074481532
0.07464688
0.074791758
0.074917441
0.075025155
0.075116082
0.075191358
0.07525207
0.07529926
0.075333923
0.075357009
0.075369419
0.075369189
0.075363849
0.075353852
0.075339621
0.075321558
0.07530004
0.075275424
0.075248041
0.075218207
0.075186213
0.075152335
0.075116827
0.07507993
0.075041864
0.075002836
0.074963037
0.074922644
0.074881821
0.074840717
0.074799472
0.074758212
0.074717053
0.074676099
0.074635448
0.074595186
0.074555389
0.07451613
0.074477468
0.07443946
0.074402153
0.07436559
0.074329806
0.074294831
0.074260692
0.074227407
0.074194994
0.074163463
0.074132822
0.074103076
0.074074224
0.074046264
0.07401919
0.073992994
0.073967664
0.073943186
0.073919545
0.073896723
0.073874698
0.073853448
0.073832948
0.073813171
0.073794088
0.073775666
0.073757873
0.073740669
0.073724016
0.073707867
0.073692174
0.073676883
0.073661933
0.073647257
0.07363278
0.073618421
0.073604093
0.073589705
0.073575174
0.073560433
0.073545449
0.073530256
6.984768e-09
4.659144e-09
2.5691647e-09
1.597697e-09
1.0989602e-09
8.1526729e-10
6.4274249e-10
5.3369783e-10
4.6402547e-10
4.2068267e-10
3.9630038e-10
3.8660937e-10
3.866229e-10
3.9141625e-10
4.0460285e-10
4.2492628e-10
4.5231716e-10
4.9704055e-10
6.1155187e-10
9.4659028e-10
1.7663109e-09
3.349833e-09
5.7628108e-09
8.7577173e-09
1.1872996e-08
1.4633506e-08
1.6733011e-08
1.8074092e-08
1.865874e-08
1.8241657e-08
1.7170102e-08
1.5630963e-08
1.3868771e-08
1.229787e-08
1.215893e-08
1.7665114e-08
4.1405879e-08
1.1562066e-07
3.1238992e-07
7.7541628e-07
1.7647248e-06
3.7134749e-06
7.2935992e-06
1.3484723e-05
2.3639281e-05
3.9536231e-05
6.3416335e-05
9.7993515e-05
0.00014643897
0.00021233724
0.00029961581
0.00041245201
0.00055516251
0.00073208177
0.00094743601
0.0012052193
0.0015090775
0.001862205
0.0022672577
0.0027262851
0.0032406829
0.0038111651
0.004437757
0.0051198052
0.0058560045
0.0066444384
0.0074826308
0.0083676058
0.0092959542
0.010263903
0.011267386
0.012302115
0.01336365
0.014447458
0.015548983
0.016663693
0.017787136
0.018914977
0.020043046
0.021167358
0.02228415
0.023389892
0.024481311
0.025555395
0.026609403
0.027640866
0.028647585
0.029627633
0.030579338
0.031501286
0.032392303
0.033251445
0.03407799
0.034871415
0.035631394
0.036357773
0.037050562
0.037709921
0.038336141
0.038929636
0.039490927
0.04002063
0.040519444
0.040988139
0.041427546
0.041838548
0.042222067
0.04257906
0.042910509
0.043217411
0.043500776
0.04376162
0.044000955
0.04421979
0.044419124
0.044599943
0.044763216
0.04490989
0.045040894
0.045157129
0.045259473
0.045348776
0.045425858
0.045491513
0.045546501
0.045591556
0.045627379
0.045654643
0.045673987
0.045686025
0.045690775
0.045689744
0.045685812
0.045679242
0.045670281
0.045659162
0.045646103
0.04563131
0.045614977
0.045597283
0.045578399
0.045558482
0.045537679
0.045516128
0.045493955
0.04547128
0.045448211
0.045424849
0.045401288
0.045377614
0.045353903
0.04533023
0.045306658
0.045283248
0.045260053
0.045237123
0.045214499
0.045192222
0.045170326
0.045148841
0.045127793
0.045107206
0.045087098
0.045067486
0.045048383
0.045029799
0.045011743
0.044994219
0.044977231
0.04496078
0.044944865
0.044929484
0.044914631
0.0449003
0.044886485
0.044873176
0.044860363
0.044848034
0.044836176
0.044824776
0.044813816
0.044803282
0.044793153
0.044783412
0.044774037
0.044765003
0.044756287
0.044747858
0.044739686
0.044731736
0.044723966
0.044716332
0.044708782
0.044701257
0.044693695
0.044686028
0.044678194
0.044670143
0.044661855
0.044653371
7.0832369e-09
4.6764137e-09
2.7441302e-09
2.0480507e-09
1.5429753e-09
1.2044162e-09
9.7806738e-10
8.2551135e-10
7.2269665e-10
6.547548e-10
6.1239586e-10
5.8972003e-10
5.8280063e-10
5.8272319e-10
5.8962411e-10
6.0339075e-10
6.3184175e-10
7.3580572e-10
1.1395235e-09
2.345241e-09
4.9846635e-09
9.4037098e-09
1.5071604e-08
2.089288e-08
2.5789016e-08
2.9115981e-08
3.0910805e-08
3.1722329e-08
3.2000508e-08
3.1665631e-08
3.006575e-08
2.7551899e-08
2.453201e-08
2.1434462e-08
1.8891183e-08
1.8566464e-08
2.5410376e-08
5.2574689e-08
1.3054123e-07
3.219559e-07
7.4312295e-07
1.5921402e-06
3.182438e-06
5.9792851e-06
1.06359e-05
1.802534e-05
2.9264384e-05
4.5726218e-05
6.903963e-05
0.00010107364
0.0001439077
0.00019978879
0.00027107759
0.00036018672
0.00046951437
0.00060137657
0.00075794151
0.00094116871
0.0011527553
0.0013940911
0.0016662247
0.0019698386
0.0023052371
0.0026723428
0.0030707038
0.0034995091
0.0039576109
0.0044435534
0.0049556057
0.0054917985
0.0060499622
0.006627766
0.0072227573
0.0078323991
0.0084541066
0.0090852808
0.0097233397
0.010365746
0.011010034
0.011653827
0.012294858
0.012930987
0.013560208
0.014180662
0.01479064
0.01538859
0.015973116
0.016542979
0.017097095
0.01763453
0.018154498
0.018656351
0.019139576
0.019603786
0.020048711
0.020474194
0.020880177
0.021266698
0.02163388
0.021981921
0.02231109
0.022621717
0.022914187
0.023188929
0.023446415
0.023687149
0.023911665
0.024120518
0.024314279
0.024493535
0.02465888
0.024810913
0.024950233
0.025077437
0.025193121
0.025297868
0.025392257
0.025476852
0.025552207
0.025618859
0.025677333
0.025728135
0.025771755
0.025808667
0.025839325
0.025864166
0.025883609
0.025898054
0.025907882
0.025913459
0.02591438
0.025913661
0.025911449
0.02590788
0.025903086
0.02589719
0.025890307
0.025882545
0.025874006
0.025864783
0.025854967
0.02584464
0.025833877
0.025822753
0.025811331
0.025799675
0.02578784
0.025775879
0.025763841
0.02575177
0.025739705
0.025727685
0.025715742
0.025703908
0.025692209
0.025680671
0.025669315
0.025658161
0.025647227
0.025636527
0.025626074
0.025615881
0.025605956
0.025596306
0.025586939
0.025577859
0.02556907
0.025560572
0.025552369
0.025544459
0.025536841
0.025529513
0.025522473
0.025515716
0.025509238
0.025503033
0.025497096
0.02549142
0.025485998
0.025480821
0.02547588
0.025471167
0.025466671
0.025462381
0.025458284
0.025454369
0.025450619
0.025447019
0.02544355
0.025440191
0.025436918
0.025433701
0.025430509
0.025427302
0.025424039
0.025420672
0.025417155
0.025413452
0.025409551
0.025405486
7.5891115e-09
4.7357255e-09
2.7298335e-09
1.774294e-09
1.592119e-09
1.3538832e-09
1.1582264e-09
1.0109146e-09
9.0401287e-10
8.2895826e-10
7.7888252e-10
7.4865434e-10
7.3445399e-10
7.3327438e-10
7.3529103e-10
7.4654658e-10
8.3110171e-10
1.2952886e-09
2.9490166e-09
7.0744996e-09
1.4384085e-08
2.4168965e-08
3.3437651e-08
3.9882727e-08
4.2629221e-08
4.1957437e-08
3.9447128e-08
3.7307102e-08
3.6056777e-08
3.5631413e-08
3.4652407e-08
3.2705096e-08
3.0004086e-08
2.6921418e-08
2.3942369e-08
2.1954332e-08
2.3271214e-08
3.3903773e-08
6.7791438e-08
1.5370924e-07
3.4534329e-07
7.3460467e-07
1.4677041e-06
2.7629509e-06
4.9287827e-06
8.3802625e-06
1.3652241e-05
2.1407566e-05
3.2439118e-05
4.7664918e-05
6.8116173e-05
9.4918618e-05
0.00012926804
0.0001724012
0.00022556368
0.00028997623
0.00036680115
0.00045711034
0.00056185608
0.0006818458
0.00081772137
0.00096994365
0.0011387822
0.0013243104
0.0015264054
0.0017447534
0.0019788578
0.002228052
0.0024915147
0.002768287
0.0030572916
0.0033573526
0.0036672155
0.0039855677
0.0043110577
0.0046423136
0.0049779608
0.0053166377
0.0056570103
0.0059977848
0.0063377184
0.006675629
0.0070104027
0.0073409995
0.0076664584
0.0079859
0.0082985284
0.0086036319
0.0089005829
0.0091888361
0.0094679265
0.0097374671
0.009997145
0.010246718
0.010486012
0.010714912
0.010933364
0.011141366
0.011338965
0.011526253
0.01170336
0.011870454
0.012027733
0.012175422
0.01231377
0.012443047
0.012563537
0.012675539
0.012779364
0.012875328
0.012963754
0.013044968
0.013119297
0.013187068
0.013248605
0.013304227
0.013354252
0.013398987
0.013438736
0.013473794
0.013504447
0.013530972
0.013553638
0.013572703
0.013588417
0.013601017
0.013610732
0.01361778
0.01362237
0.013624332
0.013624991
0.013624893
0.013624109
0.013622703
0.013620738
0.01361827
0.013615355
0.013612043
0.013608382
0.013604416
0.013600186
0.013595731
0.013591088
0.013586289
0.013581366
0.013576346
0.013571257
0.013566122
0.013560964
0.013555803
0.013550659
0.013545547
0.013540483
0.013535482
0.013530556
0.013525715
0.013520971
0.013516331
0.013511804
0.013507396
0.013503114
0.013498961
0.013494942
0.013491061
0.013487319
0.013483719
0.013480263
0.01347695
0.013473781
0.013470755
0.013467872
0.013465131
0.013462529
0.013460065
0.013457736
0.013455539
0.013453472
0.01345153
0.013449711
0.01344801
0.013446422
0.013444944
0.013443569
0.013442292
0.013441107
0.013440008
0.013438987
0.013438035
0.013437143
0.0134363
0.013435491
0.013434702
0.013433913
0.013433102
0.013432241
0.0134313
0.013430249
0.01342906
0.013427722
0.013426262
8.4912988e-09
5.326884e-09
2.9179367e-09
1.7478007e-09
1.4281554e-09
1.349743e-09
1.1840828e-09
1.0700511e-09
9.8232162e-10
9.1741039e-10
8.7183848e-10
8.4239829e-10
8.2628144e-10
8.2103031e-10
8.2173622e-10
8.8222744e-10
1.4400875e-09
3.7503168e-09
9.9345608e-09
2.1687172e-08
3.6819429e-08
5.0904421e-08
5.6568072e-08
5.5052113e-08
4.9122478e-08
4.0884442e-08
3.3749984e-08
3.1332101e-08
3.0835438e-08
3.1420904e-08
3.2169853e-08
3.1511149e-08
2.9815259e-08
2.7047658e-08
2.4735257e-08
2.3011335e-08
2.321366e-08
2.8616891e-08
4.6412855e-08
9.0918601e-08
1.8816397e-07
3.8186366e-07
7.4058914e-07
1.3656998e-06
2.3994142e-06
4.0322803e-06
6.5092792e-06
1.0133857e-05
1.5269327e-05
2.2337277e-05
3.1812859e-05
4.4217053e-05
6.0106223e-05
8.005946e-05
0.0001046643
0.00013450151
0.00017012965
0.00021207009
0.00026079297
0.00031670485
0.00038013814
0.0004513429
0.00053048089
0.00061762211
0.00071274369
0.00081573099
0.0009263808
0.0010444062
0.0011694431
0.0013010578
0.0014387556
0.0015819896
0.0017301709
0.0018826776
0.0020388643
0.0021980716
0.0023596343
0.0025228897
0.0026871851
0.0028518839
0.0030163721
0.0031800625
0.0033423996
0.0035028624
0.0036609675
0.0038162706
0.0039683679
0.0041168967
0.0042615356
0.0044020041
0.0045380614
0.0046695056
0.0047961723
0.0049179325
0.0050346909
0.0051463838
0.0052529769
0.005354463
0.0054508601
0.0055422085
0.0056285692
0.0057100212
0.0057866597
0.0058585942
0.0059259459
0.0059888466
0.0060474367
0.0061018636
0.0061522799
0.0061988425
0.0062417113
0.0062810476
0.0063170136
0.0063497711
0.0063794808
0.0064063017
0.0064303902
0.0064518998
0.0064709804
0.0064877782
0.0065024348
0.0065150878
0.0065258698
0.0065349085
0.0065423268
0.0065482424
0.0065527679
0.006556011
0.0065580418
0.0065590658
0.0065597569
0.0065601454
0.0065602598
0.006560127
0.0065597721
0.0065592188
0.0065584894
0.0065576045
0.0065565836
0.0065554448
0.0065542049
0.0065528797
0.0065514838
0.0065500306
0.0065485327
0.0065470017
0.006545448
0.0065438816
0.0065423114
0.0065407456
0.0065391917
0.0065376564
0.0065361459
0.0065346657
0.0065332208
0.0065318156
0.006530454
0.0065291395
0.0065278751
0.0065266635
0.0065255067
0.0065244067
0.006523365
0.0065223827
0.0065214608
0.0065205999
0.0065198004
0.0065190625
0.006518386
0.0065177706
0.006517216
0.0065167214
0.006516286
0.0065159089
0.0065155889
0.0065153248
0.0065151152
0.0065149585
0.0065148532
0.0065147974
0.0065147892
0.0065148265
0.0065149071
0.0065150286
0.0065151883
0.0065153833
0.0065156103
0.0065158654
0.0065161443
0.0065164416
0.0065167512
0.0065170651
0.0065173738
0.0065176651
0.0065179244
0.006518134
0.0065182745
0.0065183272
0.006518281
0.0065181502
9.8605081e-09
6.5533239e-09
3.6891806e-09
2.0178268e-09
1.3401915e-09
1.2053381e-09
1.1393775e-09
1.0665724e-09
9.8420296e-10
9.3726992e-10
9.0441741e-10
8.8378726e-10
8.7478788e-10
8.8020571e-10
9.2214163e-10
1.6674901e-09
5.4520692e-09
1.5229866e-08
3.3147822e-08
5.6468371e-08
7.2741354e-08
7.7886978e-08
6.552337e-08
5.4055242e-08
4.5389679e-08
3.8984385e-08
3.4417599e-08
3.1312264e-08
2.9295391e-08
2.8082874e-08
2.7452084e-08
2.7133612e-08
2.6395897e-08
2.5328642e-08
2.4337766e-08
2.3699106e-08
2.4153012e-08
2.9182767e-08
4.279866e-08
7.2174058e-08
1.3099683e-07
2.4040417e-07
4.326202e-07
7.538794e-07
1.2676072e-06
2.0573199e-06
3.2289727e-06
4.9124933e-06
7.2622907e-06
1.04566e-05
1.4695606e-05
2.0198375e-05
2.7198706e-05
3.5940073e-05
4.666989e-05
5.9633356e-05
7.5067148e-05
9.3193225e-05
0.00011421299
0.00013830204
0.0001656056
0.0001962349
0.00023026447
0.00026773034
0.00030862938
0.00035291942
0.00040052034
0.00045131587
0.00050515612
0.00056186062
0.0006212218
0.00068300878
0.00074697134
0.00081284404
0.00088035017
0.0009492058
0.0010191235
0.0010898161
0.0011609994
0.0012323959
0.0013037368
0.0013747648
0.0014452355
0.0015149193
0.0015836028
0.0016510892
0.0017171995
0.0017817727
0.0018446657
0.0019057532
0.0019649278
0.002022099
0.0020771931
0.0021301519
0.0021809324
0.0022295054
0.0022758551
0.0023199777
0.0023618805
0.0024015808
0.0024391053
0.0024744887
0.0025077729
0.002539006
0.0025682417
0.0025955381
0.0026209572
0.0026445643
0.0026664267
0.0026866138
0.0027051962
0.0027222453
0.0027378325
0.0027520292
0.0027649065
0.0027765342
0.0027869814
0.0027963155
0.0028046026
0.0028119066
0.00281829
0.002823813
0.0028285337
0.002832508
0.0028357897
0.0028384301
0.0028404785
0.0028419817
0.0028429214
0.0028437395
0.002844447
0.0028450541
0.0028455707
0.0028460057
0.0028463678
0.0028466651
0.002846905
0.0028470946
0.0028472404
0.0028473487
0.0028474251
0.0028474748
0.0028475028
0.0028475137
0.0028475116
0.0028475004
0.0028474837
0.0028474647
0.0028474464
0.0028474317
0.0028474229
0.0028474222
0.0028474319
0.0028474535
0.0028474889
0.0028475394
0.0028476062
0.0028476907
0.0028477936
0.0028479159
0.0028480582
0.0028482211
0.002848405
0.0028486104
0.0028488375
0.0028490864
0.0028493573
0.0028496501
0.0028499647
0.0028503011
0.0028506589
0.0028510381
0.0028514381
0.0028518587
0.0028522994
0.0028527597
0.0028532392
0.0028537373
0.0028542534
0.0028547868
0.0028553368
0.0028559027
0.0028564837
0.0028570789
0.0028576874
0.002858308
0.0028589395
0.0028595807
0.0028602297
0.0028608846
0.0028615429
0.0028622014
0.0028628561
0.0028635016
0.0028641311
0.0028647359
0.0028653052
0.0028658273
0.0028662924
0.0028667044
1.1941634e-08
8.8318204e-09
5.6139162e-09
3.2337455e-09
1.8264755e-09
1.2132547e-09
1.1438624e-09
1.1029723e-09
1.067904e-09
1.0596845e-09
1.0824368e-09
1.194914e-09
1.4326748e-09
2.0330801e-09
3.8432642e-09
1.1875606e-08
3.0485826e-08
5.6503354e-08
8.5420131e-08
1.0376996e-07
9.4425636e-08
8.3935991e-08
7.4318444e-08
6.5923892e-08
5.8640743e-08
5.237097e-08
4.705515e-08
4.2655814e-08
3.9151141e-08
3.6533779e-08
3.4811409e-08
3.4009979e-08
3.3762934e-08
3.3858755e-08
3.4486309e-08
3.5991845e-08
3.9057631e-08
4.5089312e-08
5.602722e-08
7.54984e-08
1.3102182e-07
2.0416288e-07
3.2063486e-07
5.0031101e-07
7.6995144e-07
1.1636428e-06
1.7235363e-06
2.5002788e-06
3.5530795e-06
4.9493798e-06
6.7641126e-06
9.0785632e-06
1.197887e-05
1.5554224e-05
1.9894839e-05
2.508978e-05
3.1224745e-05
3.8379879e-05
4.6627709e-05
5.6031273e-05
6.6642509e-05
7.8500932e-05
9.1632648e-05
0.00010604972
0.00012174985
0.00013871646
0.00015691901
0.00017631365
0.00019684411
0.00021844278
0.00024103198
0.00026452531
0.00028882916
0.00031384412
0.00033946658
0.0003655901
0.00039210688
0.00041890909
0.00044589007
0.00047294549
0.00049997433
0.00052687973
0.00055356977
0.00057995805
0.00060596421
0.00063151425
0.00065654081
0.00068098332
0.00070478801
0.00072790793
0.00075030281
0.00077193887
0.00079278862
0.00081283054
0.00083204883
0.00085043299
0.00086797751
0.00088468148
0.0009005482
0.00091558479
0.00092980184
0.00094321299
0.00095583459
0.00096768537
0.00097878607
0.00098915914
0.00099882847
0.001007819
0.0010161568
0.0010238682
0.0010309803
0.0010375203
0.0010435154
0.0010489929
0.0010539797
0.0010585023
0.0010625869
0.0010662591
0.0010695438
0.0010724653
0.001075047
0.0010773116
0.001079281
0.0010809763
0.0010824176
0.0010836242
0.0010846145
0.0010853864
0.0010860848
0.0010867528
0.0010873933
0.001088009
0.0010886024
0.0010891757
0.0010897312
0.0010902709
0.0010907968
0.0010913107
0.0010918141
0.0010923087
0.0010927959
0.0010932771
0.0010937535
0.0010942262
0.0010946963
0.0010951649
0.0010956327
0.0010961006
0.0010965693
0.0010970396
0.001097512
0.0010979872
0.0010984655
0.0010989476
0.0010994337
0.0010999242
0.0011004194
0.0011009197
0.0011014252
0.0011019361
0.0011024526
0.0011029749
0.0011035029
0.0011040369
0.0011045769
0.0011051228
0.0011056748
0.0011062327
0.0011067966
0.0011073664
0.001107942
0.0011085234
0.0011091104
0.001109703
0.001110301
0.0011109043
0.0011115128
0.0011121263
0.0011127447
0.0011133676
0.0011139951
0.0011146268
0.0011152626
0.0011159022
0.0011165454
0.0011171918
0.0011178411
0.001118493
0.0011191469
0.0011198024
0.0011204586
0.0011211147
0.0011217693
0.0011224207
0.0011230664
0.0011237031
0.0011243262
0.0011249299
0.001125507
0.0011260546
1.5284463e-08
1.3199242e-08
1.041639e-08
7.7932058e-09
5.7342837e-09
4.4316058e-09
3.9623957e-09
4.0589086e-09
4.4823558e-09
5.3274873e-09
6.8471749e-09
9.6220213e-09
1.5040753e-08
2.6984081e-08
5.5834005e-08
9.8359699e-08
1.1816525e-07
1.2450632e-07
1.2441479e-07
1.2112869e-07
1.1652225e-07
1.1203459e-07
1.0780266e-07
1.0385263e-07
1.0020072e-07
9.6864771e-08
9.3863459e-08
9.121628e-08
8.894447e-08
8.7072404e-08
8.5629385e-08
8.465196e-08
8.4738511e-08
8.5941924e-08
8.8444549e-08
9.2575189e-08
9.8884213e-08
1.0827601e-07
1.2222697e-07
1.4346048e-07
1.7795569e-07
2.232216e-07
3.2549576e-07
4.3824342e-07
5.8896514e-07
7.9182301e-07
1.0618658e-06
1.4164543e-06
1.875254e-06
2.460137e-06
3.1949383e-06
4.1050923e-06
5.2171686e-06
6.5583295e-06
8.1557294e-06
1.0035881e-05
1.2224011e-05
1.4743439e-05
1.7614985e-05
2.0856444e-05
2.4482131e-05
2.8502518e-05
3.2923963e-05
3.7748544e-05
4.2973988e-05
4.8593703e-05
5.4596901e-05
6.09688e-05
6.7690901e-05
7.4741325e-05
8.2095202e-05
8.9725082e-05
9.7601391e-05
0.00010569288
0.00011396707
0.00012239074
0.00013093028
0.00013955219
0.00014822337
0.00015691153
0.00016558545
0.00017421524
0.0001827726
0.00019123098
0.00019956573
0.00020775421
0.00021577586
0.00022361225
0.00023124707
0.00023866615
0.00024585738
0.00025281069
0.00025951796
0.00026597291
0.00027217104
0.00027810949
0.00028378692
0.00028920342
0.00029436037
0.00029926033
0.00030390688
0.00030830458
0.00031245877
0.00031637552
0.00032006152
0.00032352394
0.00032677038
0.00032980879
0.00033264735
0.00033529443
0.00033775851
0.00034004812
0.00034217181
0.00034413806
0.00034595527
0.00034763173
0.00034917554
0.00035059463
0.00035189674
0.00035308935
0.00035417973
0.00035517486
0.00035608148
0.00035690606
0.00035765478
0.00035833356
0.00035894544
0.00035952571
0.00036010214
0.00036067512
0.00036124506
0.0003618123
0.0003623772
0.00036294006
0.00036350118
0.00036406084
0.00036461929
0.00036517676
0.00036573349
0.00036628967
0.00036684549
0.00036740113
0.00036795675
0.00036851249
0.0003690685
0.00036962489
0.00037018177
0.00037073926
0.00037129743
0.00037185638
0.00037241619
0.00037297691
0.0003735386
0.00037410133
0.00037466513
0.00037523005
0.00037579611
0.00037636335
0.0003769318
0.00037750146
0.00037807236
0.0003786445
0.0003792179
0.00037979255
0.00038036845
0.00038094561
0.00038152402
0.00038210366
0.00038268454
0.00038326663
0.00038384992
0.0003844344
0.00038502005
0.00038560685
0.00038619478
0.00038678381
0.00038737393
0.00038796511
0.00038855731
0.00038915052
0.00038974471
0.00039033984
0.00039093589
0.00039153281
0.00039213058
0.00039272914
0.00039332846
0.00039392848
0.00039452913
0.00039513034
0.00039573199
0.00039633395
0.00039693601
0.00039753789
0.00039813915
0.00039873913
0.00039933681
0.00039993069
0.00040051814
0.00040109508
2.0882174e-08
2.1998765e-08
2.2675385e-08
2.3183679e-08
2.3651594e-08
2.4126006e-08
2.4634021e-08
2.6382779e-08
2.9922626e-08
3.5682972e-08
4.4454509e-08
5.7391205e-08
7.5699229e-08
9.935562e-08
1.2428734e-07
1.4124904e-07
1.4817847e-07
1.5197798e-07
1.5470523e-07
1.5711521e-07
1.5947535e-07
1.6185666e-07
1.6424528e-07
1.6663295e-07
1.6902081e-07
1.7141555e-07
1.7382696e-07
1.7626674e-07
1.7874807e-07
1.8128565e-07
1.8389598e-07
1.8659786e-07
1.8986558e-07
1.9457358e-07
2.0097338e-07
2.0939332e-07
2.2029508e-07
2.3433322e-07
2.5244656e-07
2.7600556e-07
3.0699585e-07
3.4787399e-07
4.060171e-07
4.7493667e-07
5.9101516e-07
7.1993851e-07
8.6603639e-07
1.0424928e-06
1.2565284e-06
1.5149008e-06
1.8245172e-06
2.1924885e-06
2.6260543e-06
3.1324606e-06
3.7188162e-06
4.3919406e-06
5.1582113e-06
6.0234162e-06
6.9926176e-06
8.0700322e-06
9.2589293e-06
1.0561553e-05
1.1979067e-05
1.3511522e-05
1.5157855e-05
1.6915899e-05
1.8782428e-05
2.0753214e-05
2.2823103e-05
2.4986104e-05
2.7235488e-05
2.9563902e-05
3.1963478e-05
3.4425952e-05
3.6942776e-05
3.9505235e-05
4.210455e-05
4.4731985e-05
4.7378935e-05
5.0037014e-05
5.269813e-05
5.5354546e-05
5.7998942e-05
6.0624452e-05
6.3224704e-05
6.5793846e-05
6.832656e-05
7.0818069e-05
7.3264147e-05
7.5661104e-05
7.800578e-05
8.0295528e-05
8.2528195e-05
8.4702095e-05
8.6815987e-05
8.8869045e-05
9.0860827e-05
9.2791245e-05
9.4660535e-05
9.6469225e-05
9.8218107e-05
9.9908203e-05
0.00010154074
0.00010311712
0.00010463889
0.00010610774
0.00010752544
0.00010889386
0.00011021492
0.00011149058
0.00011272285
0.00011391372
0.00011506522
0.00011617932
0.00011725801
0.00011830322
0.00011931686
0.00012030078
0.0001212568
0.00012218665
0.00012309204
0.0001239746
0.00012483588
0.0001256774
0.00012650059
0.00012730685
0.00012810516
0.00012890275
0.00012969965
0.00013049589
0.00013129151
0.00013208653
0.00013288098
0.00013367488
0.00013446825
0.00013526111
0.00013605348
0.00013684537
0.0001376368
0.00013842776
0.00013921829
0.00014000838
0.00014079804
0.00014158728
0.00014237611
0.00014316452
0.00014395253
0.00014474013
0.00014552733
0.00014631413
0.00014710052
0.00014788652
0.00014867211
0.00014945731
0.0001502421
0.00015102649
0.00015181047
0.00015259404
0.00015337721
0.00015415996
0.0001549423
0.00015572423
0.00015650573
0.00015728681
0.00015806747
0.0001588477
0.0001596275
0.00016040687
0.0001611858
0.00016196429
0.00016274234
0.00016351994
0.0001642971
0.00016507382
0.00016585008
0.00016662589
0.00016740124
0.00016817614
0.00016895057
0.00016972455
0.00017049807
0.00017127112
0.00017204372
0.00017281584
0.00017358751
0.00017435871
0.00017512944
0.00017589971
0.00017666951
0.00017743885
0.00017820773
0.00017897615
0.00017974411
0.00018051161
0.00018127867
0.00018204528
0.00018281146
0.00018357723
0.00018434259
0.00018510492
)
;

boundaryField
{
    inlet_drug
    {
        type            fixedValue;
        value           uniform 1;
    }
    inlet_medium
    {
        type            fixedValue;
        value           uniform 0;
    }
    outlet
    {
        type            zeroGradient;
    }
    walls
    {
        type            zeroGradient;
    }
    floor
    {
        type            zeroGradient;
    }
    frontAndBack
    {
        type            empty;
    }
}


// ************************************************************************* //
