/*--------------------------------*- C++ -*----------------------------------*\
| =========                 |                                                 |
| \\      /  F ield         | OpenFOAM: The Open Source CFD Toolbox           |
|  \\    /   O peration     | Version:  2406                                  |
|   \\  /    A nd           | Website:  www.openfoam.com                      |
|    \\/     M anipulation  |                                                 |
\*---------------------------------------------------------------------------*/
FoamFile
{
    version     2.0;
    format      ascii;
    arch        "LSB;label=32;scalar=64";
    class       volScalarField;
    location    "111";
    object      p;
}
// * * * * * * * * * * * * * * * * * * * * * * * * * * * * * * * * * * * * * //

dimensions      [0 2 -2 0 0 0 0];

internalField   nonuniform List<scalar> 
4000
(
0.00068552002
0.00057788326
0.00052964824
0.00050817007
0.00049563242
0.00048782014
0.00048263474
0.00047881681
0.0004757172
0.00047300025
0.0004704833
0.00046806486
0.00046568851
0.00046332327
0.00046095286
0.0004585695
0.00045617036
0.00045375531
0.00045132567
0.00044888335
0.00044643046
0.000443969
0.00044150078
0.00043902732
0.00043654987
0.00043406943
0.00043158681
0.0004291026
0.00042661726
0.00042413113
0.00042164446
0.00041915742
0.00041667014
0.0004141827
0.00041169517
0.00040920759
0.00040671998
0.00040423236
0.00040174473
0.0003992571
0.00039676948
0.00039428187
0.00039179426
0.00038930665
0.00038681905
0.00038433145
0.00038184386
0.00037935627
0.00037686868
0.00037438109
0.00037189351
0.00036940592
0.00036691833
0.00036443075
0.00036194317
0.00035945558
0.000356968
0.00035448042
0.00035199283
0.00034950525
0.00034701767
0.00034453009
0.0003420425
0.00033955492
0.00033706734
0.00033457976
0.00033209218
0.00032960459
0.00032711701
0.00032462943
0.00032214185
0.00031965426
0.00031716668
0.0003146791
0.00031219152
0.00030970394
0.00030721635
0.00030472877
0.00030224119
0.00029975361
0.00029726603
0.00029477845
0.00029229086
0.00028980328
0.0002873157
0.00028482812
0.00028234054
0.00027985296
0.00027736537
0.00027487779
0.00027239021
0.00026990263
0.00026741505
0.00026492747
0.00026243989
0.0002599523
0.00025746472
0.00025497714
0.00025248956
0.00025000198
0.0002475144
0.00024502681
0.00024253923
0.00024005165
0.00023756407
0.00023507649
0.0002325889
0.00023010132
0.00022761374
0.00022512616
0.00022263858
0.00022015099
0.00021766341
0.00021517583
0.00021268825
0.00021020066
0.00020771308
0.0002052255
0.00020273792
0.00020025033
0.00019776275
0.00019527517
0.00019278759
0.0001903
0.00018781242
0.00018532484
0.00018283726
0.00018034967
0.00017786209
0.00017537451
0.00017288693
0.00017039934
0.00016791176
0.00016542418
0.00016293659
0.00016044901
0.00015796143
0.00015547385
0.00015298627
0.00015049868
0.0001480111
0.00014552352
0.00014303594
0.00014054836
0.00013806077
0.00013557319
0.00013308561
0.00013059803
0.00012811045
0.00012562287
0.00012313529
0.00012064771
0.00011816013
0.00011567255
0.00011318496
0.00011069738
0.0001082098
0.00010572222
0.00010323464
0.00010074706
9.8259484e-05
9.5771904e-05
9.3284324e-05
9.0796743e-05
8.8309163e-05
8.5821583e-05
8.3334003e-05
8.0846423e-05
7.8358842e-05
7.5871262e-05
7.3383681e-05
7.08961e-05
6.8408519e-05
6.5920938e-05
6.3433357e-05
6.0945776e-05
5.8458195e-05
5.5970613e-05
5.3483032e-05
5.099545e-05
4.8507868e-05
4.6020286e-05
4.3532704e-05
4.1045121e-05
3.8557539e-05
3.6069957e-05
3.3582374e-05
3.1094792e-05
2.8607209e-05
2.6119627e-05
2.3632044e-05
2.1144462e-05
1.8656879e-05
1.6169296e-05
1.3681714e-05
1.1194131e-05
8.7065481e-06
6.2189654e-06
3.7313831e-06
1.2437978e-06
0.00058690363
0.00054839492
0.00052332032
0.00050810981
0.00049754487
0.00049005251
0.00048458553
0.00048035604
0.00047687524
0.00047384812
0.00047109279
0.00046849662
0.00046599021
0.00046353108
0.00046109371
0.00045866317
0.00045623121
0.00045379367
0.00045134887
0.00044889657
0.00044643726
0.00044397183
0.00044150126
0.00043902651
0.00043654844
0.00043406781
0.00043158521
0.00042910116
0.00042661602
0.0004241301
0.00042164363
0.00041915677
0.00041666963
0.00041418232
0.00041169489
0.00040920738
0.00040671983
0.00040423225
0.00040174465
0.00039925705
0.00039676945
0.00039428184
0.00039179424
0.00038930664
0.00038681904
0.00038433145
0.00038184386
0.00037935627
0.00037686868
0.00037438109
0.00037189351
0.00036940592
0.00036691834
0.00036443075
0.00036194317
0.00035945558
0.000356968
0.00035448042
0.00035199283
0.00034950525
0.00034701767
0.00034453009
0.0003420425
0.00033955492
0.00033706734
0.00033457976
0.00033209218
0.00032960459
0.00032711701
0.00032462943
0.00032214185
0.00031965426
0.00031716668
0.0003146791
0.00031219152
0.00030970394
0.00030721635
0.00030472877
0.00030224119
0.00029975361
0.00029726603
0.00029477845
0.00029229086
0.00028980328
0.0002873157
0.00028482812
0.00028234054
0.00027985296
0.00027736537
0.00027487779
0.00027239021
0.00026990263
0.00026741505
0.00026492747
0.00026243989
0.0002599523
0.00025746472
0.00025497714
0.00025248956
0.00025000198
0.0002475144
0.00024502681
0.00024253923
0.00024005165
0.00023756407
0.00023507649
0.0002325889
0.00023010132
0.00022761374
0.00022512616
0.00022263858
0.00022015099
0.00021766341
0.00021517583
0.00021268825
0.00021020066
0.00020771308
0.0002052255
0.00020273792
0.00020025033
0.00019776275
0.00019527517
0.00019278759
0.0001903
0.00018781242
0.00018532484
0.00018283726
0.00018034967
0.00017786209
0.00017537451
0.00017288693
0.00017039934
0.00016791176
0.00016542418
0.00016293659
0.00016044901
0.00015796143
0.00015547385
0.00015298627
0.00015049868
0.0001480111
0.00014552352
0.00014303594
0.00014054836
0.00013806077
0.00013557319
0.00013308561
0.00013059803
0.00012811045
0.00012562287
0.00012313529
0.00012064771
0.00011816013
0.00011567255
0.00011318496
0.00011069738
0.0001082098
0.00010572222
0.00010323464
0.00010074706
9.8259484e-05
9.5771904e-05
9.3284324e-05
9.0796743e-05
8.8309163e-05
8.5821583e-05
8.3334003e-05
8.0846423e-05
7.8358842e-05
7.5871262e-05
7.3383681e-05
7.08961e-05
6.8408519e-05
6.5920938e-05
6.3433357e-05
6.0945776e-05
5.8458195e-05
5.5970613e-05
5.3483031e-05
5.099545e-05
4.8507868e-05
4.6020286e-05
4.3532704e-05
4.1045121e-05
3.8557539e-05
3.6069956e-05
3.3582374e-05
3.1094791e-05
2.8607209e-05
2.6119626e-05
2.3632043e-05
2.1144461e-05
1.8656878e-05
1.6169295e-05
1.3681712e-05
1.119413e-05
8.7065467e-06
6.2189639e-06
3.7313824e-06
1.2437976e-06
0.00054102506
0.00052913839
0.00051700502
0.00050648186
0.00049788013
0.00049110698
0.00048575666
0.00048140784
0.00047774025
0.00047452651
0.00047160904
0.00046888109
0.00046627159
0.00046373384
0.00046123762
0.00045876373
0.0004563003
0.00045384023
0.00045137955
0.00044891622
0.0004464494
0.00044397895
0.00044150511
0.00043902829
0.00043654898
0.00043406764
0.00043158468
0.00042910048
0.00042661532
0.00042412945
0.00042164306
0.00041915629
0.00041666924
0.00041418201
0.00041169465
0.0004092072
0.00040671969
0.00040423215
0.00040174458
0.000399257
0.00039676941
0.00039428181
0.00039179422
0.00038930663
0.00038681903
0.00038433144
0.00038184385
0.00037935627
0.00037686868
0.00037438109
0.00037189351
0.00036940592
0.00036691834
0.00036443075
0.00036194317
0.00035945558
0.000356968
0.00035448042
0.00035199283
0.00034950525
0.00034701767
0.00034453009
0.0003420425
0.00033955492
0.00033706734
0.00033457976
0.00033209218
0.00032960459
0.00032711701
0.00032462943
0.00032214185
0.00031965426
0.00031716668
0.0003146791
0.00031219152
0.00030970394
0.00030721635
0.00030472877
0.00030224119
0.00029975361
0.00029726603
0.00029477845
0.00029229086
0.00028980328
0.0002873157
0.00028482812
0.00028234054
0.00027985296
0.00027736537
0.00027487779
0.00027239021
0.00026990263
0.00026741505
0.00026492747
0.00026243989
0.0002599523
0.00025746472
0.00025497714
0.00025248956
0.00025000198
0.0002475144
0.00024502681
0.00024253923
0.00024005165
0.00023756407
0.00023507649
0.0002325889
0.00023010132
0.00022761374
0.00022512616
0.00022263858
0.00022015099
0.00021766341
0.00021517583
0.00021268825
0.00021020066
0.00020771308
0.0002052255
0.00020273792
0.00020025033
0.00019776275
0.00019527517
0.00019278759
0.0001903
0.00018781242
0.00018532484
0.00018283726
0.00018034967
0.00017786209
0.00017537451
0.00017288693
0.00017039934
0.00016791176
0.00016542418
0.00016293659
0.00016044901
0.00015796143
0.00015547385
0.00015298627
0.00015049868
0.0001480111
0.00014552352
0.00014303594
0.00014054836
0.00013806077
0.00013557319
0.00013308561
0.00013059803
0.00012811045
0.00012562287
0.00012313529
0.00012064771
0.00011816013
0.00011567255
0.00011318496
0.00011069738
0.0001082098
0.00010572222
0.00010323464
0.00010074706
9.8259484e-05
9.5771904e-05
9.3284324e-05
9.0796743e-05
8.8309163e-05
8.5821583e-05
8.3334003e-05
8.0846423e-05
7.8358842e-05
7.5871262e-05
7.3383681e-05
7.08961e-05
6.8408519e-05
6.5920938e-05
6.3433357e-05
6.0945776e-05
5.8458195e-05
5.5970613e-05
5.3483031e-05
5.099545e-05
4.8507868e-05
4.6020286e-05
4.3532703e-05
4.1045121e-05
3.8557539e-05
3.6069956e-05
3.3582373e-05
3.1094791e-05
2.8607208e-05
2.6119625e-05
2.3632042e-05
2.114446e-05
1.8656877e-05
1.6169294e-05
1.3681711e-05
1.1194128e-05
8.7065453e-06
6.2189625e-06
3.7313812e-06
1.2437981e-06
0.00051959954
0.00051570037
0.00050956136
0.00050263341
0.00049619133
0.00049060325
0.00048582974
0.00048172343
0.00047812657
0.00047490097
0.00047193689
0.00046915217
0.00046648753
0.00046390126
0.00046136466
0.00045885838
0.00045636964
0.00045389022
0.00045141501
0.00044894094
0.00044646632
0.00044399029
0.00044151251
0.00043903298
0.00043655183
0.00043406926
0.00043158552
0.00042910082
0.00042661537
0.00042412935
0.00042164288
0.00041915608
0.00041666904
0.00041418183
0.00041169449
0.00040920707
0.00040671959
0.00040423206
0.00040174451
0.00039925695
0.00039676937
0.00039428179
0.0003917942
0.00038930661
0.00038681902
0.00038433144
0.00038184385
0.00037935626
0.00037686868
0.00037438109
0.0003718935
0.00036940592
0.00036691833
0.00036443075
0.00036194317
0.00035945558
0.000356968
0.00035448042
0.00035199284
0.00034950525
0.00034701767
0.00034453009
0.0003420425
0.00033955492
0.00033706734
0.00033457976
0.00033209218
0.00032960459
0.00032711701
0.00032462943
0.00032214185
0.00031965426
0.00031716668
0.0003146791
0.00031219152
0.00030970394
0.00030721635
0.00030472877
0.00030224119
0.00029975361
0.00029726603
0.00029477845
0.00029229086
0.00028980328
0.0002873157
0.00028482812
0.00028234054
0.00027985296
0.00027736537
0.00027487779
0.00027239021
0.00026990263
0.00026741505
0.00026492747
0.00026243989
0.0002599523
0.00025746472
0.00025497714
0.00025248956
0.00025000198
0.0002475144
0.00024502681
0.00024253923
0.00024005165
0.00023756407
0.00023507649
0.0002325889
0.00023010132
0.00022761374
0.00022512616
0.00022263858
0.00022015099
0.00021766341
0.00021517583
0.00021268825
0.00021020066
0.00020771308
0.0002052255
0.00020273792
0.00020025033
0.00019776275
0.00019527517
0.00019278759
0.0001903
0.00018781242
0.00018532484
0.00018283726
0.00018034967
0.00017786209
0.00017537451
0.00017288693
0.00017039934
0.00016791176
0.00016542418
0.00016293659
0.00016044901
0.00015796143
0.00015547385
0.00015298627
0.00015049868
0.0001480111
0.00014552352
0.00014303594
0.00014054836
0.00013806077
0.00013557319
0.00013308561
0.00013059803
0.00012811045
0.00012562287
0.00012313529
0.00012064771
0.00011816013
0.00011567255
0.00011318496
0.00011069738
0.0001082098
0.00010572222
0.00010323464
0.00010074706
9.8259484e-05
9.5771904e-05
9.3284324e-05
9.0796743e-05
8.8309163e-05
8.5821583e-05
8.3334003e-05
8.0846423e-05
7.8358842e-05
7.5871262e-05
7.3383681e-05
7.08961e-05
6.8408519e-05
6.5920938e-05
6.3433357e-05
6.0945776e-05
5.8458195e-05
5.5970613e-05
5.3483031e-05
5.099545e-05
4.8507868e-05
4.6020285e-05
4.3532703e-05
4.1045121e-05
3.8557538e-05
3.6069956e-05
3.3582373e-05
3.109479e-05
2.8607207e-05
2.6119625e-05
2.3632042e-05
2.1144459e-05
1.8656876e-05
1.6169293e-05
1.368171e-05
1.1194127e-05
8.7065439e-06
6.2189609e-06
3.7313797e-06
1.2437988e-06
0.00050642245
0.00050581127
0.00050295027
0.00049859903
0.00049395819
0.00048951117
0.00048540641
0.00048166538
0.00047824956
0.00047509831
0.00047215025
0.00046935217
0.00046666143
0.00046404548
0.00046148033
0.00045894879
0.00045643882
0.00045394218
0.00045145337
0.00044896881
0.00044648623
0.00044400427
0.00044152216
0.0004390395
0.00043655613
0.00043407202
0.00043158722
0.00042910182
0.00042661591
0.00042412959
0.00042164295
0.00041915605
0.00041666896
0.00041418173
0.00041169439
0.00040920697
0.0004067195
0.00040423199
0.00040174445
0.0003992569
0.00039676933
0.00039428176
0.00039179418
0.0003893066
0.00038681901
0.00038433143
0.00038184384
0.00037935626
0.00037686867
0.00037438109
0.0003718935
0.00036940592
0.00036691833
0.00036443075
0.00036194317
0.00035945558
0.000356968
0.00035448042
0.00035199284
0.00034950525
0.00034701767
0.00034453009
0.0003420425
0.00033955492
0.00033706734
0.00033457976
0.00033209218
0.00032960459
0.00032711701
0.00032462943
0.00032214185
0.00031965426
0.00031716668
0.0003146791
0.00031219152
0.00030970394
0.00030721635
0.00030472877
0.00030224119
0.00029975361
0.00029726603
0.00029477845
0.00029229086
0.00028980328
0.0002873157
0.00028482812
0.00028234054
0.00027985296
0.00027736537
0.00027487779
0.00027239021
0.00026990263
0.00026741505
0.00026492747
0.00026243989
0.0002599523
0.00025746472
0.00025497714
0.00025248956
0.00025000198
0.0002475144
0.00024502681
0.00024253923
0.00024005165
0.00023756407
0.00023507649
0.0002325889
0.00023010132
0.00022761374
0.00022512616
0.00022263858
0.00022015099
0.00021766341
0.00021517583
0.00021268825
0.00021020066
0.00020771308
0.0002052255
0.00020273792
0.00020025033
0.00019776275
0.00019527517
0.00019278759
0.0001903
0.00018781242
0.00018532484
0.00018283726
0.00018034967
0.00017786209
0.00017537451
0.00017288693
0.00017039934
0.00016791176
0.00016542418
0.00016293659
0.00016044901
0.00015796143
0.00015547385
0.00015298627
0.00015049868
0.0001480111
0.00014552352
0.00014303594
0.00014054836
0.00013806077
0.00013557319
0.00013308561
0.00013059803
0.00012811045
0.00012562287
0.00012313529
0.00012064771
0.00011816013
0.00011567255
0.00011318496
0.00011069738
0.0001082098
0.00010572222
0.00010323464
0.00010074706
9.8259484e-05
9.5771904e-05
9.3284324e-05
9.0796743e-05
8.8309163e-05
8.5821583e-05
8.3334003e-05
8.0846423e-05
7.8358842e-05
7.5871262e-05
7.3383681e-05
7.08961e-05
6.8408519e-05
6.5920938e-05
6.3433357e-05
6.0945776e-05
5.8458195e-05
5.5970613e-05
5.3483031e-05
5.0995449e-05
4.8507867e-05
4.6020285e-05
4.3532703e-05
4.1045121e-05
3.8557538e-05
3.6069955e-05
3.3582373e-05
3.109479e-05
2.8607207e-05
2.6119624e-05
2.3632041e-05
2.1144458e-05
1.8656875e-05
1.6169292e-05
1.3681709e-05
1.1194126e-05
8.7065425e-06
6.2189594e-06
3.7313776e-06
1.2437996e-06
0.00049803853
0.0004988374
0.00049776961
0.00049511048
0.00049179836
0.00048828805
0.00048479633
0.00048143146
0.00047823053
0.00047519037
0.00047229001
0.00046950309
0.00046680404
0.00046417071
0.00046158522
0.00045903369
0.00045650574
0.00045399378
0.0004514924
0.00044899782
0.00044650744
0.00044401952
0.00044153294
0.00043904699
0.00043656122
0.00043407541
0.00043158941
0.00042910319
0.00042661673
0.00042413005
0.00042164317
0.00041915613
0.00041666896
0.00041418168
0.00041169432
0.0004092069
0.00040671943
0.00040423193
0.0004017444
0.00039925686
0.0003967693
0.00039428173
0.00039179416
0.00038930658
0.000386819
0.00038433142
0.00038184383
0.00037935625
0.00037686867
0.00037438108
0.0003718935
0.00036940592
0.00036691833
0.00036443075
0.00036194317
0.00035945558
0.000356968
0.00035448042
0.00035199284
0.00034950525
0.00034701767
0.00034453009
0.0003420425
0.00033955492
0.00033706734
0.00033457976
0.00033209218
0.00032960459
0.00032711701
0.00032462943
0.00032214185
0.00031965426
0.00031716668
0.0003146791
0.00031219152
0.00030970394
0.00030721635
0.00030472877
0.00030224119
0.00029975361
0.00029726603
0.00029477845
0.00029229086
0.00028980328
0.0002873157
0.00028482812
0.00028234054
0.00027985296
0.00027736537
0.00027487779
0.00027239021
0.00026990263
0.00026741505
0.00026492747
0.00026243989
0.0002599523
0.00025746472
0.00025497714
0.00025248956
0.00025000198
0.0002475144
0.00024502681
0.00024253923
0.00024005165
0.00023756407
0.00023507649
0.0002325889
0.00023010132
0.00022761374
0.00022512616
0.00022263858
0.00022015099
0.00021766341
0.00021517583
0.00021268825
0.00021020066
0.00020771308
0.0002052255
0.00020273792
0.00020025033
0.00019776275
0.00019527517
0.00019278759
0.0001903
0.00018781242
0.00018532484
0.00018283726
0.00018034967
0.00017786209
0.00017537451
0.00017288693
0.00017039934
0.00016791176
0.00016542418
0.00016293659
0.00016044901
0.00015796143
0.00015547385
0.00015298627
0.00015049868
0.0001480111
0.00014552352
0.00014303594
0.00014054836
0.00013806077
0.00013557319
0.00013308561
0.00013059803
0.00012811045
0.00012562287
0.00012313529
0.00012064771
0.00011816013
0.00011567255
0.00011318496
0.00011069738
0.0001082098
0.00010572222
0.00010323464
0.00010074706
9.8259484e-05
9.5771904e-05
9.3284324e-05
9.0796743e-05
8.8309163e-05
8.5821583e-05
8.3334003e-05
8.0846423e-05
7.8358842e-05
7.5871262e-05
7.3383681e-05
7.08961e-05
6.8408519e-05
6.5920938e-05
6.3433357e-05
6.0945776e-05
5.8458195e-05
5.5970613e-05
5.3483031e-05
5.0995449e-05
4.8507867e-05
4.6020285e-05
4.3532703e-05
4.104512e-05
3.8557538e-05
3.6069955e-05
3.3582372e-05
3.1094789e-05
2.8607206e-05
2.6119623e-05
2.363204e-05
2.1144457e-05
1.8656874e-05
1.6169291e-05
1.3681708e-05
1.1194124e-05
8.7065412e-06
6.2189576e-06
3.7313751e-06
1.2438004e-06
0.00049273186
0.00049406547
0.00049393303
0.00049233431
0.00048995064
0.00048715523
0.00048417019
0.00048114034
0.00047814616
0.00047522351
0.00047238209
0.00046961782
0.00046692033
0.00046427745
0.00046167747
0.00045911019
0.00045656723
0.000454042
0.00045152942
0.0004490257
0.00044652808
0.00044403455
0.00044154371
0.00043905456
0.00043656646
0.00043407895
0.00043159176
0.0004291047
0.00042661766
0.00042413059
0.00042164347
0.00041915627
0.000416669
0.00041418167
0.00041169428
0.00040920685
0.00040671938
0.00040423188
0.00040174436
0.00039925682
0.00039676927
0.00039428171
0.00039179414
0.00038930656
0.00038681899
0.00038433141
0.00038184383
0.00037935625
0.00037686866
0.00037438108
0.0003718935
0.00036940592
0.00036691833
0.00036443075
0.00036194317
0.00035945558
0.000356968
0.00035448042
0.00035199283
0.00034950525
0.00034701767
0.00034453009
0.00034204251
0.00033955492
0.00033706734
0.00033457976
0.00033209218
0.00032960459
0.00032711701
0.00032462943
0.00032214185
0.00031965426
0.00031716668
0.0003146791
0.00031219152
0.00030970394
0.00030721635
0.00030472877
0.00030224119
0.00029975361
0.00029726603
0.00029477845
0.00029229086
0.00028980328
0.0002873157
0.00028482812
0.00028234054
0.00027985296
0.00027736537
0.00027487779
0.00027239021
0.00026990263
0.00026741505
0.00026492747
0.00026243989
0.0002599523
0.00025746472
0.00025497714
0.00025248956
0.00025000198
0.0002475144
0.00024502681
0.00024253923
0.00024005165
0.00023756407
0.00023507649
0.0002325889
0.00023010132
0.00022761374
0.00022512616
0.00022263858
0.00022015099
0.00021766341
0.00021517583
0.00021268825
0.00021020066
0.00020771308
0.0002052255
0.00020273792
0.00020025033
0.00019776275
0.00019527517
0.00019278759
0.0001903
0.00018781242
0.00018532484
0.00018283726
0.00018034967
0.00017786209
0.00017537451
0.00017288693
0.00017039934
0.00016791176
0.00016542418
0.00016293659
0.00016044901
0.00015796143
0.00015547385
0.00015298627
0.00015049868
0.0001480111
0.00014552352
0.00014303594
0.00014054836
0.00013806077
0.00013557319
0.00013308561
0.00013059803
0.00012811045
0.00012562287
0.00012313529
0.00012064771
0.00011816013
0.00011567255
0.00011318496
0.00011069738
0.0001082098
0.00010572222
0.00010323464
0.00010074706
9.8259484e-05
9.5771904e-05
9.3284324e-05
9.0796743e-05
8.8309163e-05
8.5821583e-05
8.3334003e-05
8.0846423e-05
7.8358842e-05
7.5871262e-05
7.3383681e-05
7.08961e-05
6.8408519e-05
6.5920938e-05
6.3433357e-05
6.0945776e-05
5.8458194e-05
5.5970613e-05
5.3483031e-05
5.0995449e-05
4.8507867e-05
4.6020285e-05
4.3532703e-05
4.104512e-05
3.8557537e-05
3.6069955e-05
3.3582372e-05
3.1094789e-05
2.8607206e-05
2.6119623e-05
2.3632039e-05
2.1144456e-05
1.8656873e-05
1.616929e-05
1.3681707e-05
1.1194123e-05
8.7065399e-06
6.2189561e-06
3.7313725e-06
1.2438008e-06
0.00048939459
0.00049090391
0.00049125021
0.00049029446
0.00048852665
0.00048623894
0.00048363528
0.00048087093
0.00047804881
0.00047522919
0.00047244316
0.0004697033
0.00046701137
0.00046436349
0.00046175334
0.00045917406
0.00045661919
0.00045408314
0.00045156127
0.00044904989
0.00044654612
0.00044404777
0.00044155324
0.00043906132
0.00043657117
0.00043408217
0.00043159391
0.00042910609
0.00042661854
0.00042413112
0.00042164376
0.00041915642
0.00041666906
0.00041418167
0.00041169425
0.00040920681
0.00040671933
0.00040423184
0.00040174432
0.00039925679
0.00039676924
0.00039428168
0.00039179412
0.00038930655
0.00038681898
0.0003843314
0.00038184382
0.00037935624
0.00037686866
0.00037438108
0.0003718935
0.00036940591
0.00036691833
0.00036443075
0.00036194317
0.00035945558
0.000356968
0.00035448042
0.00035199283
0.00034950525
0.00034701767
0.00034453009
0.00034204251
0.00033955492
0.00033706734
0.00033457976
0.00033209218
0.00032960459
0.00032711701
0.00032462943
0.00032214185
0.00031965427
0.00031716668
0.0003146791
0.00031219152
0.00030970394
0.00030721635
0.00030472877
0.00030224119
0.00029975361
0.00029726603
0.00029477845
0.00029229086
0.00028980328
0.0002873157
0.00028482812
0.00028234054
0.00027985296
0.00027736537
0.00027487779
0.00027239021
0.00026990263
0.00026741505
0.00026492747
0.00026243989
0.0002599523
0.00025746472
0.00025497714
0.00025248956
0.00025000198
0.0002475144
0.00024502681
0.00024253923
0.00024005165
0.00023756407
0.00023507649
0.0002325889
0.00023010132
0.00022761374
0.00022512616
0.00022263858
0.00022015099
0.00021766341
0.00021517583
0.00021268825
0.00021020066
0.00020771308
0.0002052255
0.00020273792
0.00020025033
0.00019776275
0.00019527517
0.00019278759
0.0001903
0.00018781242
0.00018532484
0.00018283726
0.00018034967
0.00017786209
0.00017537451
0.00017288693
0.00017039934
0.00016791176
0.00016542418
0.00016293659
0.00016044901
0.00015796143
0.00015547385
0.00015298627
0.00015049868
0.0001480111
0.00014552352
0.00014303594
0.00014054836
0.00013806077
0.00013557319
0.00013308561
0.00013059803
0.00012811045
0.00012562287
0.00012313529
0.00012064771
0.00011816013
0.00011567255
0.00011318496
0.00011069738
0.0001082098
0.00010572222
0.00010323464
0.00010074706
9.8259484e-05
9.5771904e-05
9.3284323e-05
9.0796743e-05
8.8309163e-05
8.5821583e-05
8.3334003e-05
8.0846422e-05
7.8358842e-05
7.5871262e-05
7.3383681e-05
7.08961e-05
6.8408519e-05
6.5920938e-05
6.3433357e-05
6.0945776e-05
5.8458194e-05
5.5970613e-05
5.3483031e-05
5.0995449e-05
4.8507867e-05
4.6020285e-05
4.3532702e-05
4.104512e-05
3.8557537e-05
3.6069954e-05
3.3582371e-05
3.1094788e-05
2.8607205e-05
2.6119622e-05
2.3632039e-05
2.1144456e-05
1.8656872e-05
1.6169289e-05
1.3681706e-05
1.1194122e-05
8.7065389e-06
6.2189548e-06
3.7313703e-06
1.2438007e-06
0.00048742198
0.00048897549
0.00048955779
0.00048896564
0.00048757001
0.00048560466
0.00048325324
0.00048067074
0.00047797023
0.00047522574
0.00047248157
0.0004697613
0.00046707498
0.00046442463
0.00046180789
0.00045922038
0.00045665714
0.00045411336
0.00045158478
0.00044906781
0.00044655953
0.00044405764
0.00044156038
0.0004390664
0.00043657472
0.0004340846
0.00043159554
0.00042910716
0.00042661922
0.00042413154
0.000421644
0.00041915654
0.00041666911
0.00041418168
0.00041169424
0.00040920678
0.0004067193
0.00040423181
0.00040174429
0.00039925676
0.00039676922
0.00039428167
0.00039179411
0.00038930654
0.00038681897
0.00038433139
0.00038184382
0.00037935624
0.00037686866
0.00037438108
0.00037189349
0.00036940591
0.00036691833
0.00036443075
0.00036194316
0.00035945558
0.000356968
0.00035448042
0.00035199283
0.00034950525
0.00034701767
0.00034453009
0.00034204251
0.00033955492
0.00033706734
0.00033457976
0.00033209218
0.00032960459
0.00032711701
0.00032462943
0.00032214185
0.00031965427
0.00031716668
0.0003146791
0.00031219152
0.00030970394
0.00030721635
0.00030472877
0.00030224119
0.00029975361
0.00029726603
0.00029477845
0.00029229086
0.00028980328
0.0002873157
0.00028482812
0.00028234054
0.00027985296
0.00027736537
0.00027487779
0.00027239021
0.00026990263
0.00026741505
0.00026492747
0.00026243989
0.0002599523
0.00025746472
0.00025497714
0.00025248956
0.00025000198
0.0002475144
0.00024502681
0.00024253923
0.00024005165
0.00023756407
0.00023507649
0.0002325889
0.00023010132
0.00022761374
0.00022512616
0.00022263858
0.00022015099
0.00021766341
0.00021517583
0.00021268825
0.00021020066
0.00020771308
0.0002052255
0.00020273792
0.00020025033
0.00019776275
0.00019527517
0.00019278759
0.0001903
0.00018781242
0.00018532484
0.00018283726
0.00018034967
0.00017786209
0.00017537451
0.00017288693
0.00017039934
0.00016791176
0.00016542418
0.00016293659
0.00016044901
0.00015796143
0.00015547385
0.00015298627
0.00015049868
0.0001480111
0.00014552352
0.00014303594
0.00014054836
0.00013806077
0.00013557319
0.00013308561
0.00013059803
0.00012811045
0.00012562287
0.00012313529
0.00012064771
0.00011816013
0.00011567255
0.00011318496
0.00011069738
0.0001082098
0.00010572222
0.00010323464
0.00010074706
9.8259484e-05
9.5771904e-05
9.3284323e-05
9.0796743e-05
8.8309163e-05
8.5821583e-05
8.3334003e-05
8.0846422e-05
7.8358842e-05
7.5871262e-05
7.3383681e-05
7.08961e-05
6.8408519e-05
6.5920938e-05
6.3433357e-05
6.0945776e-05
5.8458194e-05
5.5970613e-05
5.3483031e-05
5.0995449e-05
4.8507867e-05
4.6020285e-05
4.3532702e-05
4.104512e-05
3.8557537e-05
3.6069954e-05
3.3582371e-05
3.1094788e-05
2.8607205e-05
2.6119622e-05
2.3632039e-05
2.1144455e-05
1.8656872e-05
1.6169289e-05
1.3681705e-05
1.1194122e-05
8.7065383e-06
6.218954e-06
3.7313689e-06
1.2438e-06
0.00048650293
0.00048806178
0.00048874097
0.00048831258
0.00048709167
0.00048528227
0.0004830559
0.00048056538
0.00047792749
0.00047522232
0.00047250047
0.00046979091
0.00046710793
0.00046445657
0.00046183654
0.00045924482
0.00045667723
0.0004541294
0.00045159729
0.00044907737
0.0004465667
0.00044406293
0.00044156421
0.00043906914
0.00043657663
0.00043408592
0.00043159643
0.00042910775
0.00042661959
0.00042413176
0.00042164413
0.00041915661
0.00041666914
0.00041418169
0.00041169424
0.00040920677
0.00040671929
0.00040423179
0.00040174428
0.00039925675
0.00039676921
0.00039428166
0.0003917941
0.00038930653
0.00038681896
0.00038433139
0.00038184381
0.00037935623
0.00037686865
0.00037438107
0.00037189349
0.00036940591
0.00036691833
0.00036443075
0.00036194316
0.00035945558
0.000356968
0.00035448042
0.00035199283
0.00034950525
0.00034701767
0.00034453009
0.00034204251
0.00033955492
0.00033706734
0.00033457976
0.00033209218
0.00032960459
0.00032711701
0.00032462943
0.00032214185
0.00031965427
0.00031716668
0.0003146791
0.00031219152
0.00030970394
0.00030721635
0.00030472877
0.00030224119
0.00029975361
0.00029726603
0.00029477845
0.00029229086
0.00028980328
0.0002873157
0.00028482812
0.00028234054
0.00027985296
0.00027736537
0.00027487779
0.00027239021
0.00026990263
0.00026741505
0.00026492747
0.00026243989
0.0002599523
0.00025746472
0.00025497714
0.00025248956
0.00025000198
0.0002475144
0.00024502681
0.00024253923
0.00024005165
0.00023756407
0.00023507649
0.0002325889
0.00023010132
0.00022761374
0.00022512616
0.00022263858
0.00022015099
0.00021766341
0.00021517583
0.00021268825
0.00021020066
0.00020771308
0.0002052255
0.00020273792
0.00020025033
0.00019776275
0.00019527517
0.00019278759
0.0001903
0.00018781242
0.00018532484
0.00018283726
0.00018034967
0.00017786209
0.00017537451
0.00017288693
0.00017039934
0.00016791176
0.00016542418
0.00016293659
0.00016044901
0.00015796143
0.00015547385
0.00015298627
0.00015049868
0.0001480111
0.00014552352
0.00014303594
0.00014054836
0.00013806077
0.00013557319
0.00013308561
0.00013059803
0.00012811045
0.00012562287
0.00012313529
0.00012064771
0.00011816013
0.00011567255
0.00011318496
0.00011069738
0.0001082098
0.00010572222
0.00010323464
0.00010074706
9.8259484e-05
9.5771904e-05
9.3284323e-05
9.0796743e-05
8.8309163e-05
8.5821583e-05
8.3334003e-05
8.0846422e-05
7.8358842e-05
7.5871261e-05
7.3383681e-05
7.08961e-05
6.8408519e-05
6.5920938e-05
6.3433357e-05
6.0945776e-05
5.8458194e-05
5.5970613e-05
5.3483031e-05
5.0995449e-05
4.8507867e-05
4.6020284e-05
4.3532702e-05
4.1045119e-05
3.8557537e-05
3.6069954e-05
3.3582371e-05
3.1094788e-05
2.8607205e-05
2.6119621e-05
2.3632038e-05
2.1144455e-05
1.8656872e-05
1.6169288e-05
1.3681705e-05
1.1194121e-05
8.706538e-06
6.2189538e-06
3.7313684e-06
1.2437984e-06
0.00048650293
0.00048806178
0.00048874098
0.00048831258
0.00048709167
0.00048528227
0.0004830559
0.00048056538
0.00047792749
0.00047522232
0.00047250048
0.00046979092
0.00046710794
0.00046445658
0.00046183655
0.00045924483
0.00045667724
0.00045412942
0.00045159731
0.00044907738
0.00044656671
0.00044406294
0.00044156423
0.00043906915
0.00043657665
0.00043408594
0.00043159644
0.00042910776
0.0004266196
0.00042413177
0.00042164414
0.00041915662
0.00041666915
0.00041418169
0.00041169424
0.00040920677
0.00040671929
0.00040423179
0.00040174428
0.00039925675
0.00039676921
0.00039428166
0.0003917941
0.00038930653
0.00038681896
0.00038433139
0.00038184381
0.00037935623
0.00037686865
0.00037438107
0.00037189349
0.00036940591
0.00036691833
0.00036443075
0.00036194316
0.00035945558
0.000356968
0.00035448042
0.00035199283
0.00034950525
0.00034701767
0.00034453009
0.00034204251
0.00033955492
0.00033706734
0.00033457976
0.00033209218
0.00032960459
0.00032711701
0.00032462943
0.00032214185
0.00031965427
0.00031716668
0.0003146791
0.00031219152
0.00030970394
0.00030721636
0.00030472877
0.00030224119
0.00029975361
0.00029726603
0.00029477845
0.00029229086
0.00028980328
0.0002873157
0.00028482812
0.00028234054
0.00027985296
0.00027736537
0.00027487779
0.00027239021
0.00026990263
0.00026741505
0.00026492747
0.00026243989
0.0002599523
0.00025746472
0.00025497714
0.00025248956
0.00025000198
0.0002475144
0.00024502681
0.00024253923
0.00024005165
0.00023756407
0.00023507649
0.0002325889
0.00023010132
0.00022761374
0.00022512616
0.00022263858
0.00022015099
0.00021766341
0.00021517583
0.00021268825
0.00021020066
0.00020771308
0.0002052255
0.00020273792
0.00020025033
0.00019776275
0.00019527517
0.00019278759
0.0001903
0.00018781242
0.00018532484
0.00018283726
0.00018034967
0.00017786209
0.00017537451
0.00017288693
0.00017039934
0.00016791176
0.00016542418
0.0001629366
0.00016044901
0.00015796143
0.00015547385
0.00015298627
0.00015049868
0.0001480111
0.00014552352
0.00014303594
0.00014054836
0.00013806077
0.00013557319
0.00013308561
0.00013059803
0.00012811045
0.00012562287
0.00012313529
0.00012064771
0.00011816013
0.00011567255
0.00011318496
0.00011069738
0.0001082098
0.00010572222
0.00010323464
0.00010074706
9.8259484e-05
9.5771904e-05
9.3284323e-05
9.0796743e-05
8.8309163e-05
8.5821583e-05
8.3334003e-05
8.0846422e-05
7.8358842e-05
7.5871261e-05
7.3383681e-05
7.08961e-05
6.8408519e-05
6.5920938e-05
6.3433357e-05
6.0945776e-05
5.8458194e-05
5.5970612e-05
5.3483031e-05
5.0995449e-05
4.8507867e-05
4.6020284e-05
4.3532702e-05
4.1045119e-05
3.8557536e-05
3.6069954e-05
3.3582371e-05
3.1094788e-05
2.8607204e-05
2.6119621e-05
2.3632038e-05
2.1144455e-05
1.8656871e-05
1.6169288e-05
1.3681705e-05
1.1194121e-05
8.706538e-06
6.2189539e-06
3.731369e-06
1.2437961e-06
0.00048742199
0.0004889755
0.00048955781
0.00048896565
0.00048757003
0.00048560467
0.00048325326
0.00048067076
0.00047797025
0.00047522576
0.00047248159
0.00046976132
0.00046707501
0.00046442466
0.00046180792
0.00045922041
0.00045665718
0.0004541134
0.00045158482
0.00044906785
0.00044655957
0.00044405769
0.00044156042
0.00043906645
0.00043657476
0.00043408464
0.00043159558
0.0004291072
0.00042661925
0.00042413156
0.00042164402
0.00041915656
0.00041666912
0.00041418169
0.00041169425
0.00040920679
0.00040671931
0.00040423181
0.00040174429
0.00039925676
0.00039676922
0.00039428166
0.0003917941
0.00038930653
0.00038681896
0.00038433139
0.00038184381
0.00037935623
0.00037686865
0.00037438107
0.00037189349
0.00036940591
0.00036691833
0.00036443074
0.00036194316
0.00035945558
0.000356968
0.00035448042
0.00035199283
0.00034950525
0.00034701767
0.00034453009
0.00034204251
0.00033955492
0.00033706734
0.00033457976
0.00033209218
0.00032960459
0.00032711701
0.00032462943
0.00032214185
0.00031965427
0.00031716668
0.0003146791
0.00031219152
0.00030970394
0.00030721636
0.00030472877
0.00030224119
0.00029975361
0.00029726603
0.00029477845
0.00029229086
0.00028980328
0.0002873157
0.00028482812
0.00028234054
0.00027985296
0.00027736537
0.00027487779
0.00027239021
0.00026990263
0.00026741505
0.00026492747
0.00026243989
0.0002599523
0.00025746472
0.00025497714
0.00025248956
0.00025000198
0.0002475144
0.00024502681
0.00024253923
0.00024005165
0.00023756407
0.00023507649
0.0002325889
0.00023010132
0.00022761374
0.00022512616
0.00022263858
0.00022015099
0.00021766341
0.00021517583
0.00021268825
0.00021020066
0.00020771308
0.0002052255
0.00020273792
0.00020025033
0.00019776275
0.00019527517
0.00019278759
0.0001903
0.00018781242
0.00018532484
0.00018283726
0.00018034967
0.00017786209
0.00017537451
0.00017288693
0.00017039934
0.00016791176
0.00016542418
0.0001629366
0.00016044901
0.00015796143
0.00015547385
0.00015298627
0.00015049868
0.0001480111
0.00014552352
0.00014303594
0.00014054836
0.00013806077
0.00013557319
0.00013308561
0.00013059803
0.00012811045
0.00012562287
0.00012313529
0.00012064771
0.00011816013
0.00011567255
0.00011318496
0.00011069738
0.0001082098
0.00010572222
0.00010323464
0.00010074706
9.8259484e-05
9.5771903e-05
9.3284323e-05
9.0796743e-05
8.8309163e-05
8.5821583e-05
8.3334003e-05
8.0846422e-05
7.8358842e-05
7.5871261e-05
7.3383681e-05
7.08961e-05
6.8408519e-05
6.5920938e-05
6.3433357e-05
6.0945775e-05
5.8458194e-05
5.5970612e-05
5.348303e-05
5.0995449e-05
4.8507866e-05
4.6020284e-05
4.3532702e-05
4.1045119e-05
3.8557536e-05
3.6069953e-05
3.358237e-05
3.1094787e-05
2.8607204e-05
2.6119621e-05
2.3632038e-05
2.1144454e-05
1.8656871e-05
1.6169288e-05
1.3681705e-05
1.1194121e-05
8.7065381e-06
6.2189546e-06
3.7313704e-06
1.243793e-06
0.00048939461
0.00049090393
0.00049125023
0.00049029448
0.00048852667
0.00048623896
0.00048363531
0.00048087096
0.00047804884
0.00047522923
0.0004724432
0.00046970334
0.00046701142
0.00046436354
0.00046175339
0.00045917412
0.00045661926
0.00045408321
0.00045156135
0.00044904996
0.00044654619
0.00044404785
0.00044155331
0.00043906139
0.00043657124
0.00043408223
0.00043159397
0.00042910615
0.00042661859
0.00042413117
0.0004216438
0.00041915645
0.00041666908
0.00041418169
0.00041169427
0.00040920682
0.00040671934
0.00040423184
0.00040174432
0.00039925678
0.00039676923
0.00039428168
0.00039179411
0.00038930654
0.00038681897
0.00038433139
0.00038184381
0.00037935623
0.00037686865
0.00037438107
0.00037189349
0.00036940591
0.00036691833
0.00036443074
0.00036194316
0.00035945558
0.000356968
0.00035448042
0.00035199283
0.00034950525
0.00034701767
0.00034453009
0.00034204251
0.00033955492
0.00033706734
0.00033457976
0.00033209218
0.00032960459
0.00032711701
0.00032462943
0.00032214185
0.00031965427
0.00031716668
0.0003146791
0.00031219152
0.00030970394
0.00030721636
0.00030472877
0.00030224119
0.00029975361
0.00029726603
0.00029477845
0.00029229086
0.00028980328
0.0002873157
0.00028482812
0.00028234054
0.00027985296
0.00027736537
0.00027487779
0.00027239021
0.00026990263
0.00026741505
0.00026492747
0.00026243989
0.0002599523
0.00025746472
0.00025497714
0.00025248956
0.00025000198
0.0002475144
0.00024502681
0.00024253923
0.00024005165
0.00023756407
0.00023507649
0.0002325889
0.00023010132
0.00022761374
0.00022512616
0.00022263858
0.00022015099
0.00021766341
0.00021517583
0.00021268825
0.00021020066
0.00020771308
0.0002052255
0.00020273792
0.00020025033
0.00019776275
0.00019527517
0.00019278759
0.0001903
0.00018781242
0.00018532484
0.00018283726
0.00018034967
0.00017786209
0.00017537451
0.00017288693
0.00017039934
0.00016791176
0.00016542418
0.0001629366
0.00016044901
0.00015796143
0.00015547385
0.00015298627
0.00015049868
0.0001480111
0.00014552352
0.00014303594
0.00014054836
0.00013806077
0.00013557319
0.00013308561
0.00013059803
0.00012811045
0.00012562287
0.00012313529
0.00012064771
0.00011816013
0.00011567255
0.00011318496
0.00011069738
0.0001082098
0.00010572222
0.00010323464
0.00010074706
9.8259484e-05
9.5771903e-05
9.3284323e-05
9.0796743e-05
8.8309163e-05
8.5821583e-05
8.3334003e-05
8.0846422e-05
7.8358842e-05
7.5871261e-05
7.3383681e-05
7.08961e-05
6.8408519e-05
6.5920938e-05
6.3433357e-05
6.0945775e-05
5.8458194e-05
5.5970612e-05
5.348303e-05
5.0995448e-05
4.8507866e-05
4.6020284e-05
4.3532701e-05
4.1045119e-05
3.8557536e-05
3.6069953e-05
3.358237e-05
3.1094787e-05
2.8607204e-05
2.6119621e-05
2.3632037e-05
2.1144454e-05
1.8656871e-05
1.6169287e-05
1.3681704e-05
1.1194121e-05
8.7065382e-06
6.2189551e-06
3.7313722e-06
1.2437895e-06
0.00049273189
0.00049406549
0.00049393306
0.00049233434
0.00048995067
0.00048715526
0.00048417023
0.00048114038
0.0004781462
0.00047522355
0.00047238215
0.00046961788
0.0004669204
0.00046427753
0.00046167755
0.00045911027
0.00045656733
0.00045404209
0.00045152952
0.00044902581
0.00044652819
0.00044403466
0.00044154381
0.00043905466
0.00043656656
0.00043407904
0.00043159184
0.00042910477
0.00042661773
0.00042413065
0.00042164352
0.00041915631
0.00041666903
0.00041418169
0.0004116943
0.00040920686
0.00040671938
0.00040423188
0.00040174435
0.00039925681
0.00039676926
0.00039428169
0.00039179412
0.00038930655
0.00038681897
0.0003843314
0.00038184382
0.00037935623
0.00037686865
0.00037438107
0.00037189349
0.00036940591
0.00036691833
0.00036443074
0.00036194316
0.00035945558
0.000356968
0.00035448042
0.00035199283
0.00034950525
0.00034701767
0.00034453009
0.00034204251
0.00033955492
0.00033706734
0.00033457976
0.00033209218
0.00032960459
0.00032711701
0.00032462943
0.00032214185
0.00031965427
0.00031716668
0.0003146791
0.00031219152
0.00030970394
0.00030721636
0.00030472877
0.00030224119
0.00029975361
0.00029726603
0.00029477845
0.00029229086
0.00028980328
0.0002873157
0.00028482812
0.00028234054
0.00027985296
0.00027736537
0.00027487779
0.00027239021
0.00026990263
0.00026741505
0.00026492747
0.00026243989
0.0002599523
0.00025746472
0.00025497714
0.00025248956
0.00025000198
0.0002475144
0.00024502681
0.00024253923
0.00024005165
0.00023756407
0.00023507649
0.0002325889
0.00023010132
0.00022761374
0.00022512616
0.00022263858
0.00022015099
0.00021766341
0.00021517583
0.00021268825
0.00021020066
0.00020771308
0.0002052255
0.00020273792
0.00020025033
0.00019776275
0.00019527517
0.00019278759
0.0001903
0.00018781242
0.00018532484
0.00018283726
0.00018034967
0.00017786209
0.00017537451
0.00017288693
0.00017039934
0.00016791176
0.00016542418
0.0001629366
0.00016044901
0.00015796143
0.00015547385
0.00015298627
0.00015049868
0.0001480111
0.00014552352
0.00014303594
0.00014054836
0.00013806077
0.00013557319
0.00013308561
0.00013059803
0.00012811045
0.00012562287
0.00012313529
0.00012064771
0.00011816013
0.00011567255
0.00011318496
0.00011069738
0.0001082098
0.00010572222
0.00010323464
0.00010074706
9.8259484e-05
9.5771903e-05
9.3284323e-05
9.0796743e-05
8.8309163e-05
8.5821583e-05
8.3334003e-05
8.0846422e-05
7.8358842e-05
7.5871261e-05
7.3383681e-05
7.08961e-05
6.8408519e-05
6.5920938e-05
6.3433357e-05
6.0945775e-05
5.8458194e-05
5.5970612e-05
5.348303e-05
5.0995448e-05
4.8507866e-05
4.6020284e-05
4.3532701e-05
4.1045118e-05
3.8557536e-05
3.6069953e-05
3.358237e-05
3.1094786e-05
2.8607203e-05
2.611962e-05
2.3632037e-05
2.1144453e-05
1.865687e-05
1.6169287e-05
1.3681704e-05
1.1194121e-05
8.7065378e-06
6.2189555e-06
3.7313737e-06
1.2437858e-06
0.00049803856
0.00049883743
0.00049776964
0.00049511052
0.00049179839
0.00048828809
0.00048479637
0.00048143151
0.00047823059
0.00047519043
0.00047229008
0.00046950317
0.00046680412
0.00046417081
0.00046158532
0.0004590338
0.00045650586
0.00045399391
0.00045149253
0.00044899795
0.00044650757
0.00044401965
0.00044153307
0.00043904711
0.00043656134
0.00043407552
0.00043158952
0.00042910328
0.00042661681
0.00042413012
0.00042164323
0.00041915618
0.000416669
0.00041418171
0.00041169434
0.00040920691
0.00040671944
0.00040423193
0.0004017444
0.00039925685
0.00039676929
0.00039428172
0.00039179414
0.00038930656
0.00038681898
0.0003843314
0.00038184382
0.00037935624
0.00037686865
0.00037438107
0.00037189349
0.00036940591
0.00036691833
0.00036443074
0.00036194316
0.00035945558
0.000356968
0.00035448042
0.00035199283
0.00034950525
0.00034701767
0.00034453009
0.00034204251
0.00033955492
0.00033706734
0.00033457976
0.00033209218
0.00032960459
0.00032711701
0.00032462943
0.00032214185
0.00031965427
0.00031716668
0.0003146791
0.00031219152
0.00030970394
0.00030721636
0.00030472877
0.00030224119
0.00029975361
0.00029726603
0.00029477845
0.00029229086
0.00028980328
0.0002873157
0.00028482812
0.00028234054
0.00027985296
0.00027736537
0.00027487779
0.00027239021
0.00026990263
0.00026741505
0.00026492747
0.00026243989
0.0002599523
0.00025746472
0.00025497714
0.00025248956
0.00025000198
0.0002475144
0.00024502681
0.00024253923
0.00024005165
0.00023756407
0.00023507649
0.0002325889
0.00023010132
0.00022761374
0.00022512616
0.00022263858
0.00022015099
0.00021766341
0.00021517583
0.00021268825
0.00021020066
0.00020771308
0.0002052255
0.00020273792
0.00020025033
0.00019776275
0.00019527517
0.00019278759
0.0001903
0.00018781242
0.00018532484
0.00018283726
0.00018034967
0.00017786209
0.00017537451
0.00017288693
0.00017039934
0.00016791176
0.00016542418
0.0001629366
0.00016044901
0.00015796143
0.00015547385
0.00015298627
0.00015049868
0.0001480111
0.00014552352
0.00014303594
0.00014054836
0.00013806077
0.00013557319
0.00013308561
0.00013059803
0.00012811045
0.00012562287
0.00012313529
0.00012064771
0.00011816013
0.00011567255
0.00011318496
0.00011069738
0.0001082098
0.00010572222
0.00010323464
0.00010074706
9.8259484e-05
9.5771903e-05
9.3284323e-05
9.0796743e-05
8.8309163e-05
8.5821583e-05
8.3334003e-05
8.0846422e-05
7.8358842e-05
7.5871261e-05
7.338368e-05
7.08961e-05
6.8408519e-05
6.5920938e-05
6.3433357e-05
6.0945775e-05
5.8458194e-05
5.5970612e-05
5.348303e-05
5.0995448e-05
4.8507866e-05
4.6020283e-05
4.3532701e-05
4.1045118e-05
3.8557535e-05
3.6069952e-05
3.3582369e-05
3.1094786e-05
2.8607202e-05
2.6119619e-05
2.3632035e-05
2.1144452e-05
1.8656869e-05
1.6169285e-05
1.3681702e-05
1.1194119e-05
8.7065368e-06
6.218955e-06
3.7313744e-06
1.2437823e-06
0.00050642249
0.00050581131
0.0005029503
0.00049859907
0.00049395823
0.00048951122
0.00048540647
0.00048166544
0.00047824963
0.00047509839
0.00047215034
0.00046935227
0.00046666154
0.0004640456
0.00046148046
0.00045894893
0.00045643896
0.00045394233
0.00045145353
0.00044896897
0.00044648639
0.00044400443
0.00044152232
0.00043903965
0.00043655627
0.00043407215
0.00043158734
0.00042910193
0.00042661601
0.00042412968
0.00042164302
0.00041915611
0.00041666901
0.00041418176
0.00041169441
0.00040920699
0.00040671951
0.00040423199
0.00040174445
0.00039925689
0.00039676932
0.00039428174
0.00039179416
0.00038930658
0.00038681899
0.00038433141
0.00038184382
0.00037935624
0.00037686866
0.00037438107
0.00037189349
0.00036940591
0.00036691833
0.00036443074
0.00036194316
0.00035945558
0.000356968
0.00035448042
0.00035199283
0.00034950525
0.00034701767
0.00034453009
0.00034204251
0.00033955492
0.00033706734
0.00033457976
0.00033209218
0.00032960459
0.00032711701
0.00032462943
0.00032214185
0.00031965427
0.00031716668
0.0003146791
0.00031219152
0.00030970394
0.00030721636
0.00030472877
0.00030224119
0.00029975361
0.00029726603
0.00029477845
0.00029229086
0.00028980328
0.0002873157
0.00028482812
0.00028234054
0.00027985296
0.00027736537
0.00027487779
0.00027239021
0.00026990263
0.00026741505
0.00026492747
0.00026243989
0.0002599523
0.00025746472
0.00025497714
0.00025248956
0.00025000198
0.0002475144
0.00024502681
0.00024253923
0.00024005165
0.00023756407
0.00023507649
0.0002325889
0.00023010132
0.00022761374
0.00022512616
0.00022263858
0.00022015099
0.00021766341
0.00021517583
0.00021268825
0.00021020066
0.00020771308
0.0002052255
0.00020273792
0.00020025033
0.00019776275
0.00019527517
0.00019278759
0.0001903
0.00018781242
0.00018532484
0.00018283726
0.00018034967
0.00017786209
0.00017537451
0.00017288693
0.00017039934
0.00016791176
0.00016542418
0.0001629366
0.00016044901
0.00015796143
0.00015547385
0.00015298627
0.00015049868
0.0001480111
0.00014552352
0.00014303594
0.00014054836
0.00013806077
0.00013557319
0.00013308561
0.00013059803
0.00012811045
0.00012562287
0.00012313529
0.00012064771
0.00011816013
0.00011567255
0.00011318496
0.00011069738
0.0001082098
0.00010572222
0.00010323464
0.00010074706
9.8259484e-05
9.5771903e-05
9.3284323e-05
9.0796743e-05
8.8309163e-05
8.5821583e-05
8.3334003e-05
8.0846422e-05
7.8358842e-05
7.5871261e-05
7.338368e-05
7.08961e-05
6.8408519e-05
6.5920938e-05
6.3433356e-05
6.0945775e-05
5.8458194e-05
5.5970612e-05
5.348303e-05
5.0995448e-05
4.8507866e-05
4.6020283e-05
4.3532701e-05
4.1045118e-05
3.8557535e-05
3.6069952e-05
3.3582368e-05
3.1094785e-05
2.8607201e-05
2.6119618e-05
2.3632034e-05
2.114445e-05
1.8656867e-05
1.6169283e-05
1.36817e-05
1.1194117e-05
8.7065346e-06
6.2189534e-06
3.7313736e-06
1.2437791e-06
0.00051959958
0.00051570041
0.00050956141
0.00050263346
0.00049619138
0.00049060331
0.00048582981
0.0004817235
0.00047812665
0.00047490106
0.00047193699
0.00046915229
0.00046648766
0.00046390141
0.00046136482
0.00045885855
0.00045636982
0.00045389041
0.0004514152
0.00044894114
0.00044646651
0.00044399048
0.0004415127
0.00043903316
0.00043655199
0.00043406941
0.00043158566
0.00042910095
0.00042661548
0.00042412944
0.00042164296
0.00041915614
0.00041666909
0.00041418186
0.00041169451
0.00040920708
0.00040671959
0.00040423206
0.0004017445
0.00039925693
0.00039676935
0.00039428176
0.00039179418
0.00038930659
0.000386819
0.00038433141
0.00038184383
0.00037935624
0.00037686866
0.00037438107
0.00037189349
0.00036940591
0.00036691833
0.00036443074
0.00036194316
0.00035945558
0.000356968
0.00035448042
0.00035199283
0.00034950525
0.00034701767
0.00034453009
0.00034204251
0.00033955492
0.00033706734
0.00033457976
0.00033209218
0.00032960459
0.00032711701
0.00032462943
0.00032214185
0.00031965427
0.00031716668
0.0003146791
0.00031219152
0.00030970394
0.00030721636
0.00030472877
0.00030224119
0.00029975361
0.00029726603
0.00029477845
0.00029229086
0.00028980328
0.0002873157
0.00028482812
0.00028234054
0.00027985296
0.00027736537
0.00027487779
0.00027239021
0.00026990263
0.00026741505
0.00026492747
0.00026243989
0.0002599523
0.00025746472
0.00025497714
0.00025248956
0.00025000198
0.0002475144
0.00024502681
0.00024253923
0.00024005165
0.00023756407
0.00023507649
0.0002325889
0.00023010132
0.00022761374
0.00022512616
0.00022263858
0.00022015099
0.00021766341
0.00021517583
0.00021268825
0.00021020066
0.00020771308
0.0002052255
0.00020273792
0.00020025033
0.00019776275
0.00019527517
0.00019278759
0.0001903
0.00018781242
0.00018532484
0.00018283726
0.00018034967
0.00017786209
0.00017537451
0.00017288693
0.00017039934
0.00016791176
0.00016542418
0.0001629366
0.00016044901
0.00015796143
0.00015547385
0.00015298627
0.00015049868
0.0001480111
0.00014552352
0.00014303594
0.00014054836
0.00013806077
0.00013557319
0.00013308561
0.00013059803
0.00012811045
0.00012562287
0.00012313529
0.00012064771
0.00011816013
0.00011567255
0.00011318496
0.00011069738
0.0001082098
0.00010572222
0.00010323464
0.00010074706
9.8259484e-05
9.5771903e-05
9.3284323e-05
9.0796743e-05
8.8309163e-05
8.5821583e-05
8.3334002e-05
8.0846422e-05
7.8358842e-05
7.5871261e-05
7.338368e-05
7.08961e-05
6.8408519e-05
6.5920938e-05
6.3433356e-05
6.0945775e-05
5.8458193e-05
5.5970612e-05
5.348303e-05
5.0995448e-05
4.8507865e-05
4.6020283e-05
4.35327e-05
4.1045117e-05
3.8557534e-05
3.6069951e-05
3.3582367e-05
3.1094784e-05
2.86072e-05
2.6119616e-05
2.3632032e-05
2.1144448e-05
1.8656864e-05
1.616928e-05
1.3681697e-05
1.1194114e-05
8.7065312e-06
6.2189503e-06
3.7313709e-06
1.2437767e-06
0.0005410251
0.00052913843
0.00051700507
0.00050648191
0.00049788018
0.00049110704
0.00048575673
0.00048140793
0.00047774035
0.00047452662
0.00047160917
0.00046888123
0.00046627175
0.00046373402
0.00046123781
0.00045876394
0.00045630051
0.00045384045
0.00045137978
0.00044891645
0.00044644962
0.00044397917
0.00044150532
0.0004390285
0.00043654917
0.00043406781
0.00043158484
0.00042910061
0.00042661544
0.00042412955
0.00042164314
0.00041915635
0.00041666929
0.00041418205
0.00041169467
0.00040920721
0.00040671969
0.00040423214
0.00040174456
0.00039925697
0.00039676938
0.00039428179
0.00039179419
0.0003893066
0.00038681901
0.00038433142
0.00038184383
0.00037935624
0.00037686866
0.00037438107
0.00037189349
0.00036940591
0.00036691832
0.00036443074
0.00036194316
0.00035945558
0.000356968
0.00035448042
0.00035199283
0.00034950525
0.00034701767
0.00034453009
0.00034204251
0.00033955492
0.00033706734
0.00033457976
0.00033209218
0.00032960459
0.00032711701
0.00032462943
0.00032214185
0.00031965427
0.00031716668
0.0003146791
0.00031219152
0.00030970394
0.00030721636
0.00030472877
0.00030224119
0.00029975361
0.00029726603
0.00029477845
0.00029229086
0.00028980328
0.0002873157
0.00028482812
0.00028234054
0.00027985296
0.00027736537
0.00027487779
0.00027239021
0.00026990263
0.00026741505
0.00026492747
0.00026243989
0.0002599523
0.00025746472
0.00025497714
0.00025248956
0.00025000198
0.0002475144
0.00024502681
0.00024253923
0.00024005165
0.00023756407
0.00023507649
0.0002325889
0.00023010132
0.00022761374
0.00022512616
0.00022263858
0.00022015099
0.00021766341
0.00021517583
0.00021268825
0.00021020066
0.00020771308
0.0002052255
0.00020273792
0.00020025033
0.00019776275
0.00019527517
0.00019278759
0.0001903
0.00018781242
0.00018532484
0.00018283726
0.00018034967
0.00017786209
0.00017537451
0.00017288693
0.00017039934
0.00016791176
0.00016542418
0.0001629366
0.00016044901
0.00015796143
0.00015547385
0.00015298627
0.00015049868
0.0001480111
0.00014552352
0.00014303594
0.00014054836
0.00013806077
0.00013557319
0.00013308561
0.00013059803
0.00012811045
0.00012562287
0.00012313529
0.00012064771
0.00011816013
0.00011567255
0.00011318496
0.00011069738
0.0001082098
0.00010572222
0.00010323464
0.00010074706
9.8259484e-05
9.5771903e-05
9.3284323e-05
9.0796743e-05
8.8309163e-05
8.5821583e-05
8.3334002e-05
8.0846422e-05
7.8358842e-05
7.5871261e-05
7.338368e-05
7.08961e-05
6.8408519e-05
6.5920938e-05
6.3433356e-05
6.0945775e-05
5.8458193e-05
5.5970612e-05
5.348303e-05
5.0995448e-05
4.8507865e-05
4.6020283e-05
4.35327e-05
4.1045117e-05
3.8557534e-05
3.606995e-05
3.3582367e-05
3.1094783e-05
2.8607198e-05
2.6119614e-05
2.363203e-05
2.1144445e-05
1.8656861e-05
1.6169276e-05
1.3681692e-05
1.1194109e-05
8.7065265e-06
6.2189455e-06
3.731366e-06
1.2437748e-06
0.00058690368
0.00054839496
0.00052332038
0.00050810986
0.00049754493
0.00049005258
0.00048458561
0.00048035614
0.00047687535
0.00047384825
0.00047109294
0.0004684968
0.0004659904
0.00046353129
0.00046109393
0.00045866341
0.00045623146
0.00045379393
0.00045134914
0.00044889683
0.00044643752
0.00044397209
0.0004415015
0.00043902674
0.00043654866
0.000434068
0.00043158539
0.00042910131
0.00042661615
0.00042413021
0.00042164371
0.00041915683
0.00041666968
0.00041418235
0.00041169491
0.00040920739
0.00040671982
0.00040423223
0.00040174463
0.00039925702
0.00039676941
0.00039428181
0.00039179421
0.00038930661
0.00038681901
0.00038433142
0.00038184383
0.00037935624
0.00037686866
0.00037438107
0.00037189349
0.00036940591
0.00036691832
0.00036443074
0.00036194316
0.00035945558
0.000356968
0.00035448042
0.00035199283
0.00034950525
0.00034701767
0.00034453009
0.00034204251
0.00033955492
0.00033706734
0.00033457976
0.00033209218
0.00032960459
0.00032711701
0.00032462943
0.00032214185
0.00031965427
0.00031716668
0.0003146791
0.00031219152
0.00030970394
0.00030721636
0.00030472877
0.00030224119
0.00029975361
0.00029726603
0.00029477845
0.00029229086
0.00028980328
0.0002873157
0.00028482812
0.00028234054
0.00027985296
0.00027736537
0.00027487779
0.00027239021
0.00026990263
0.00026741505
0.00026492747
0.00026243989
0.0002599523
0.00025746472
0.00025497714
0.00025248956
0.00025000198
0.0002475144
0.00024502681
0.00024253923
0.00024005165
0.00023756407
0.00023507649
0.0002325889
0.00023010132
0.00022761374
0.00022512616
0.00022263858
0.00022015099
0.00021766341
0.00021517583
0.00021268825
0.00021020066
0.00020771308
0.0002052255
0.00020273792
0.00020025033
0.00019776275
0.00019527517
0.00019278759
0.0001903
0.00018781242
0.00018532484
0.00018283726
0.00018034967
0.00017786209
0.00017537451
0.00017288693
0.00017039934
0.00016791176
0.00016542418
0.0001629366
0.00016044901
0.00015796143
0.00015547385
0.00015298627
0.00015049868
0.0001480111
0.00014552352
0.00014303594
0.00014054836
0.00013806077
0.00013557319
0.00013308561
0.00013059803
0.00012811045
0.00012562287
0.00012313529
0.00012064771
0.00011816013
0.00011567255
0.00011318496
0.00011069738
0.0001082098
0.00010572222
0.00010323464
0.00010074706
9.8259484e-05
9.5771903e-05
9.3284323e-05
9.0796743e-05
8.8309163e-05
8.5821583e-05
8.3334002e-05
8.0846422e-05
7.8358842e-05
7.5871261e-05
7.338368e-05
7.08961e-05
6.8408519e-05
6.5920938e-05
6.3433356e-05
6.0945775e-05
5.8458193e-05
5.5970612e-05
5.348303e-05
5.0995448e-05
4.8507865e-05
4.6020283e-05
4.35327e-05
4.1045117e-05
3.8557533e-05
3.606995e-05
3.3582366e-05
3.1094781e-05
2.8607197e-05
2.6119612e-05
2.3632027e-05
2.1144442e-05
1.8656857e-05
1.6169272e-05
1.3681687e-05
1.1194103e-05
8.7065192e-06
6.2189378e-06
3.7313574e-06
1.2437724e-06
0.00068552007
0.00057788331
0.00052964829
0.00050817013
0.00049563248
0.00048782022
0.00048263483
0.00047881692
0.00047571733
0.0004730004
0.00047048347
0.00046806506
0.00046568873
0.00046332351
0.00046095312
0.00045856978
0.00045617065
0.00045375561
0.00045132597
0.00044888365
0.00044643075
0.00044396929
0.00044150106
0.00043902757
0.0004365501
0.00043406965
0.000431587
0.00042910276
0.0004266174
0.00042413124
0.00042164454
0.00041915748
0.00041667018
0.00041418273
0.00041169518
0.00040920759
0.00040671996
0.00040423233
0.0004017447
0.00039925707
0.00039676944
0.00039428183
0.00039179422
0.00038930661
0.00038681901
0.00038433142
0.00038184383
0.00037935624
0.00037686866
0.00037438107
0.00037189349
0.00036940591
0.00036691832
0.00036443074
0.00036194316
0.00035945558
0.000356968
0.00035448042
0.00035199283
0.00034950525
0.00034701767
0.00034453009
0.00034204251
0.00033955492
0.00033706734
0.00033457976
0.00033209218
0.00032960459
0.00032711701
0.00032462943
0.00032214185
0.00031965427
0.00031716668
0.0003146791
0.00031219152
0.00030970394
0.00030721636
0.00030472877
0.00030224119
0.00029975361
0.00029726603
0.00029477845
0.00029229086
0.00028980328
0.0002873157
0.00028482812
0.00028234054
0.00027985296
0.00027736537
0.00027487779
0.00027239021
0.00026990263
0.00026741505
0.00026492747
0.00026243989
0.0002599523
0.00025746472
0.00025497714
0.00025248956
0.00025000198
0.0002475144
0.00024502681
0.00024253923
0.00024005165
0.00023756407
0.00023507649
0.0002325889
0.00023010132
0.00022761374
0.00022512616
0.00022263858
0.00022015099
0.00021766341
0.00021517583
0.00021268825
0.00021020066
0.00020771308
0.0002052255
0.00020273792
0.00020025033
0.00019776275
0.00019527517
0.00019278759
0.0001903
0.00018781242
0.00018532484
0.00018283726
0.00018034967
0.00017786209
0.00017537451
0.00017288693
0.00017039934
0.00016791176
0.00016542418
0.0001629366
0.00016044901
0.00015796143
0.00015547385
0.00015298627
0.00015049868
0.0001480111
0.00014552352
0.00014303594
0.00014054836
0.00013806077
0.00013557319
0.00013308561
0.00013059803
0.00012811045
0.00012562287
0.00012313529
0.00012064771
0.00011816013
0.00011567255
0.00011318496
0.00011069738
0.0001082098
0.00010572222
0.00010323464
0.00010074706
9.8259484e-05
9.5771903e-05
9.3284323e-05
9.0796743e-05
8.8309163e-05
8.5821583e-05
8.3334002e-05
8.0846422e-05
7.8358842e-05
7.5871261e-05
7.338368e-05
7.08961e-05
6.8408519e-05
6.5920938e-05
6.3433356e-05
6.0945775e-05
5.8458193e-05
5.5970612e-05
5.348303e-05
5.0995448e-05
4.8507865e-05
4.6020283e-05
4.35327e-05
4.1045116e-05
3.8557533e-05
3.6069949e-05
3.3582365e-05
3.109478e-05
2.8607196e-05
2.611961e-05
2.3632025e-05
2.1144439e-05
1.8656853e-05
1.6169267e-05
1.3681681e-05
1.1194096e-05
8.7065116e-06
6.2189293e-06
3.7313483e-06
1.2437696e-06
)
;

boundaryField
{
    inlet
    {
        type            zeroGradient;
    }
    outlet
    {
        type            fixedValue;
        value           uniform 0;
    }
    walls
    {
        type            zeroGradient;
    }
    frontAndBack
    {
        type            empty;
    }
}


// ************************************************************************* //
