/*--------------------------------*- C++ -*----------------------------------*\
| =========                 |                                                 |
| \\      /  F ield         | OpenFOAM: The Open Source CFD Toolbox           |
|  \\    /   O peration     | Version:  2406                                  |
|   \\  /    A nd           | Website:  www.openfoam.com                      |
|    \\/     M anipulation  |                                                 |
\*---------------------------------------------------------------------------*/
FoamFile
{
    version     2.0;
    format      ascii;
    arch        "LSB;label=32;scalar=64";
    class       volScalarField;
    location    "917";
    object      T;
}
// * * * * * * * * * * * * * * * * * * * * * * * * * * * * * * * * * * * * * //

dimensions      [0 0 0 0 0 0 0];

internalField   nonuniform List<scalar> 
5600
(
1
1
1
1
1
1
1
1
1
1
1
1
1
1
1
1
1
1
1
1
1
1
1
1
1
1
1
1
1
1
1
1
1
1
1
1
1
1
1
1
1
1
1
1
1
1
1
1
1
1
1
1
1
1
1
1
1
1
1
1
1
1
1
1
1
1
1
1
1
1
1
1
1
1
1
1
1
1
1
1
1
1
1
1
1
1
1
1
1
1
1
1
1
1
1
1
1
1
1
1
1
1
1
1
1
1
1
1
1
1
1
1
1
1
1
1
1
1
1
1
1
1
1
1
1
1
1
1
1
1
1
1
1
1
1
1
1
1
1
1
1
1
1
1
1
1
1
1
1
1
1
1
1
1
1
1
1
1
1
1
1
1
1
1
1
1
1
1
1
1
1
1
1
1
1
1
1
1
1
1
1
1
1
1
1
1
1
1
1
1
1
1
1
1
1
1
1
1
1
1
1
1
1
1
1
1
1
1
1
1
1
1
1
1
1
1
1
1
1
1
1
1
1
1
1
1
1
1
1
1
1
1
1
1
1
1
1
1
1
1
1
1
1
1
1
1
1
1
1
1
1
1
1
1
1
1
1
1
1
1
1
1
1
1
1
1
1
1
1
1
1
1
1
1
1
1
1
1
1
1
1
1
1
1
1
1
1
1
1
1
1
1
1
1
1
1
1
1
1
1
1
1
1
1
1
1
1
1
1
1
1
1
1
1
1
1
1
1
1
1
1
1
1
1
1
1
1
1
1
1
1
1
1
1
1
1
1
1
1
1
1
1
1
1
1
1
1
1
1
1
1
1
1
1
1
1
1
1
1
1
1
1
1
1
1
1
1
1
1
1
1
1
1
1
1
1
1
1
1
1
1
1
1
1
1
1
1
1
1
1
1
1
1
1
1
1
1
1
1
1
1
1
1
1
1
1
1
1
1
1
1
1
1
1
1
1
1
1
1
1
1
1
1
1
1
1
1
1
1
1
1
1
1
1
1
1
1
1
1
1
1
1
1
1
1
1
1
1
1
1
1
1
1
1
1
1
1
1
1
1
1
1
1
1
1
1
1
1
1
1
1
1
1
1
1
1
1
1
1
1
1
1
1
1
1
1
1
1
1
1
1
1
1
1
1
1
1
1
1
1
1
1
1
1
1
1
1
1
1
1
1
1
1
1
1
1
1
1
1
1
1
1
1
1
1
1
1
1
1
1
1
1
1
1
1
1
1
1
1
1
1
1
1
1
1
1
1
1
1
1
1
1
1
1
1
1
1
1
1
1
1
1
1
1
1
1
1
1
1
1
1
1
1
1
1
1
1
1
1
1
1
1
1
1
1
1
1
1
1
1
1
1
1
1
1
1
1
1
1
1
1
1
1
1
1
1
1
1
1
1
1
1
1
1
1
1
1
1
1
1
1
1
1
1
1
1
1
1
1
1
1
1
1
1
1
1
1
1
1
1
1
1
1
1
1
1
1
1
1
1
1
1
1
1
1
1
1
1
1
1
1
1
1
1
1
1
1
1
1
1
1
1
1
1
1
1
1
1
1
1
1
1
1
1
1
1
1
1
1
1
1
1
1
1
1
1
1
1
1
1
1
1
1
1
1
1
1
1
1
1
1
1
1
1
1
1
1
1
1
1
1
1
1
1
1
1
1
1
1
1
1
1
1
1
1
1
1
1
1
1
1
1
1
1
1
1
1
1
1
1
1
1
1
1
1
1
1
1
1
1
1
1
1
1
1
1
1
1
1
1
1
1
1
1
1
1
1
1
1
1
1
1
1
1
1
1
1
1
1
1
1
1
1
1
1
1
1
1
1
1
1
1
1
1
1
1
1
1
1
1
1
1
1
1
1
1
1
1
1
1
1
1
1
1
1
1
1
1
1
1
1
1
1
1
1
1
1
1
1
1
1
1
1
1
1
1
1
1
1
1
1
1
1
1
1
1
1
1
1
1
1
1
1
1
1
1
1
1
1
1
1
1
1
1
1
1
1
1
1
1
1
1
1
1
1
1
1
1
1
1
1
1
1
1
1
1
1
1
1
1
1
1
1
1
1
1
1
1
1
1
1
1
1
1
1
1
1
1
1
1
1
1
1
1
1
1
1
1
1
1
1
1
1
1
1
1
1
1
1
1
1
1
1
1
1
1
1
1
1
1
1
1
1
1
1
1
1
1
1
1
1
1
1
1
1
1
1
1
1
1
1
1
1
1
1
1
1
1
1
1
1
1
1
1
1
1
1
1
1
1
1
1
1
1
1
1
1
1
1
1
1
1
1
1
1
1
1
1
1
1
1
1
1
1
1
1
1
1
1
1
1
1
1
1
1
1
1
1
1
1
1
1
1
1
1
1
1
1
1
1
1
1
1
1
1
1
1
1
1
1
1
1
1
1
1
1
1
1
1
1
1
1
1
1
1
1
1
1
1
1
1
1
1
1
1
1
1
1
1
1
1
1
1
1
1
1
1
1
1
1
1
1
1
1
1
1
1
1
1
1
1
1
1
1
1
1
1
1
1
1
1
1
1
1
1
1
1
1
1
1
1
1
1
1
1
1
1
1
1
1
1
1
1
1
1
1
1
1
1
1
1
1
1
1
1
1
1
1
1
1
1
1
1
1
1
1
1
1
1
1
1
1
1
1
1
1
1
1
1
1
1
1
1
1
1
1
1
1
1
1
1
1
1
1
1
1
1
1
1
1
1
1
1
1
1
1
1
1
1
1
1
1
1
1
1
1
1
1
1
1
1
1
1
1
1
1
1
1
1
1
1
1
1
1
1
1
1
1
1
1
1
1
1
1
1
1
1
1
1
1
1
1
1
1
1
1
1
1
1
1
1
1
1
1
1
1
1
1
1
1
1
1
1
1
1
1
1
1
1
1
1
1
1
1
1
1
1
1
1
1
1
1
1
1
1
1
1
1
1
1
1
1
1
1
1
1
1
1
1
1
1
1
1
1
1
1
1
1
1
1
1
1
1
1
1
1
1
1
1
1
1
1
1
1
1
1
1
1
1
1
1
1
1
1
1
1
1
1
1
1
1
1
1
1
1
1
1
1
1
1
1
1
1
1
1
1
1
1
1
1
1
1
1
1
1
1
1
1
1
1
1
1
1
1
1
1
1
1
1
1
1
1
1
1
1
1
1
1
1
1
1
1
1
1
1
1
1
1
1
1
1
1
1
1
1
1
1
1
1
1
1
1
1
1
1
1
1
1
1
1
1
1
1
1
1
1
1
1
1
1
1
1
1
1
1
1
1
1
1
1
1
1
1
1
1
1
1
1
1
1
1
1
1
1
1
1
1
1
1
1
1
1
1
1
1
1
1
1
1
1
1
1
1
1
1
1
1
1
1
1
1
1
1
1
1
1
1
1
1
1
1
1
1
1
1
1
1
1
1
1
1
1
1
1
1
1
1
1
1
1
1
1
1
1
1
1
1
1
1
1
1
1
1
1
1
1
1
1
1
1
1
1
1
1
1
1
1
1
1
1
1
1
1
1
1
1
1
1
1
1
1
1
1
1
1
1
1
1
1
1
1
1
1
1
1
1
1
1
1
1
1
1
1
1
1
1
1
1
1
1
1
1
1
1
1
1
1
1
1
1
1
1
1
1
1
1
1
1
1
1
1
1
1
1
1
1
1
1
1
1
1
1
1
0.99999999
0.99999999
0.99999999
0.99999999
0.99999999
0.99999999
0.99999999
0.99999999
0.99999999
0.99999999
0.99999999
0.99999999
0.99999999
0.99999999
0.99999999
0.99999999
0.99999999
0.99999999
0.99999999
0.99999999
0.99999999
0.99999999
0.99999999
0.99999999
0.99999999
0.99999999
0.99999999
0.99999999
0.99999999
0.99999999
0.99999999
0.99999999
0.99999999
0.99999999
0.99999999
0.99999999
0.99999999
0.99999999
0.99999999
0.99999999
0.99999999
0.99999999
0.99999999
0.99999999
0.99999999
0.99999999
1
1
1
1
1
1
1
1
1
1
1
1
1
1
1
1
1
1
1
1
1
1
1
1
1
1
1
1
1
1
1
1
1
1
1
1
1
1
1
1
1
1
1
1
1
1
1
1
1
1
1
1
1
1
1
1
1
1
1
1
1
1
1
1
1
1
1
1
1
1
1
1
1
1
1
1
1
1
1
1
1
1
1
1
1
1
1
1
1
1
1
1
1
1
1
1
1
1
1
1
1
1
1
1
1
1
1
1
1
1
1
1
1
1
1
1
1
1
1
1
1
1
1
1
1
1
1
1
1
1
1
1
1
1
1
1
1
1
1
1
1
1
1
1
1
1
1
1
1
1
0.99999999
0.99999998
0.99999996
0.99999993
0.99999989
0.99999985
0.99999982
0.9999998
0.99999979
0.99999979
0.99999979
0.99999979
0.99999979
0.9999998
0.9999998
0.9999998
0.9999998
0.99999981
0.99999981
0.99999981
0.99999982
0.99999982
0.99999982
0.99999983
0.99999983
0.99999984
0.99999984
0.99999984
0.99999985
0.99999985
0.99999985
0.99999986
0.99999986
0.99999986
0.99999987
0.99999987
0.99999987
0.99999988
0.99999988
0.99999988
0.99999989
0.99999989
0.99999989
0.99999989
0.9999999
0.9999999
0.9999999
0.9999999
0.9999999
0.99999991
0.99999991
0.99999991
0.99999991
0.99999991
0.99999992
0.99999992
0.99999992
0.99999992
0.99999992
0.99999992
0.99999993
0.99999993
0.99999993
0.99999993
0.99999993
0.99999993
0.99999993
0.99999993
0.99999994
0.99999994
0.99999994
0.99999994
0.99999994
0.99999994
0.99999994
0.99999994
0.99999994
0.99999994
0.99999995
0.99999995
0.99999995
0.99999995
0.99999995
0.99999995
0.99999995
0.99999995
0.99999995
0.99999995
0.99999995
0.99999995
0.99999995
0.99999996
0.99999996
0.99999996
0.99999996
0.99999996
0.99999996
0.99999996
0.99999996
0.99999996
0.99999996
0.99999996
0.99999996
0.99999996
0.99999996
0.99999996
0.99999996
0.99999996
0.99999996
0.99999997
0.99999997
0.99999997
0.99999997
0.99999997
0.99999997
0.99999997
0.99999997
0.99999997
0.99999997
0.99999997
0.99999997
0.99999997
0.99999997
0.99999997
0.99999997
0.99999997
0.99999997
0.99999997
0.99999997
0.99999997
0.99999997
0.99999997
0.99999997
0.99999997
0.99999997
0.99999997
0.99999997
0.99999997
0.99999997
0.99999997
0.99999997
0.99999997
0.99999998
0.99999998
0.99999998
0.99999998
0.99999998
0.99999998
0.99999998
0.99999998
0.99999998
0.99999998
0.99999998
0.99999998
0.99999998
0.99999998
0.99999998
0.99999998
0.99999998
0.99999998
0.99999998
0.99999998
0.99999998
0.99999998
0.99999998
0.99999998
0.99999998
0.99999998
0.99999998
0.99999998
0.99999998
0.99999998
0.99999998
0.99999998
0.99999998
0.99999998
0.99999998
0.99999998
0.99999998
0.99999998
0.99999998
0.99999998
0.99999998
0.99999998
0.99999998
0.99999998
0.99999998
0.99999998
0.99999998
0.99999998
0.99999998
1
1
1
1
1
1
0.99999999
0.99999997
0.99999995
0.99999983
0.9999995
0.99999895
0.99999825
0.99999756
0.99999697
0.99999656
0.99999634
0.99999631
0.99999631
0.99999632
0.99999634
0.99999637
0.99999641
0.99999645
0.9999965
0.99999655
0.99999661
0.99999667
0.99999673
0.9999968
0.99999687
0.99999693
0.999997
0.99999707
0.99999714
0.99999721
0.99999727
0.99999734
0.99999741
0.99999747
0.99999753
0.99999759
0.99999765
0.99999771
0.99999777
0.99999782
0.99999788
0.99999793
0.99999798
0.99999803
0.99999807
0.99999812
0.99999816
0.99999821
0.99999825
0.99999829
0.99999833
0.99999837
0.9999984
0.99999844
0.99999847
0.99999851
0.99999854
0.99999857
0.9999986
0.99999863
0.99999866
0.99999869
0.99999871
0.99999874
0.99999877
0.99999879
0.99999881
0.99999884
0.99999886
0.99999888
0.9999989
0.99999892
0.99999894
0.99999896
0.99999898
0.999999
0.99999902
0.99999904
0.99999905
0.99999907
0.99999909
0.9999991
0.99999912
0.99999913
0.99999915
0.99999916
0.99999918
0.99999919
0.9999992
0.99999921
0.99999923
0.99999924
0.99999925
0.99999926
0.99999927
0.99999929
0.9999993
0.99999931
0.99999932
0.99999933
0.99999934
0.99999935
0.99999936
0.99999937
0.99999937
0.99999938
0.99999939
0.9999994
0.99999941
0.99999942
0.99999942
0.99999943
0.99999944
0.99999945
0.99999945
0.99999946
0.99999947
0.99999947
0.99999948
0.99999949
0.99999949
0.9999995
0.99999951
0.99999951
0.99999952
0.99999952
0.99999953
0.99999953
0.99999954
0.99999955
0.99999955
0.99999956
0.99999956
0.99999957
0.99999957
0.99999957
0.99999958
0.99999958
0.99999959
0.99999959
0.9999996
0.9999996
0.9999996
0.99999961
0.99999961
0.99999962
0.99999962
0.99999962
0.99999963
0.99999963
0.99999963
0.99999964
0.99999964
0.99999964
0.99999965
0.99999965
0.99999965
0.99999966
0.99999966
0.99999966
0.99999966
0.99999967
0.99999967
0.99999967
0.99999968
0.99999968
0.99999968
0.99999968
0.99999969
0.99999969
0.99999969
0.99999969
0.9999997
0.9999997
0.9999997
0.9999997
0.9999997
0.99999971
0.99999971
0.99999971
0.99999971
0.99999972
0.99999972
0.99999972
0.99999972
0.99999972
0.99999973
0.99999973
0.99999973
0.99999973
0.99999973
0.99999973
0.99999974
0.99999974
1
1
1
0.99999999
0.99999993
0.9999998
0.99999959
0.99999932
0.999999
0.99999404
0.9999828
0.99996756
0.99995269
0.99994181
0.99993523
0.99993312
0.99993311
0.9999331
0.99993325
0.99993358
0.99993408
0.99993473
0.99993552
0.99993642
0.99993742
0.99993851
0.99993966
0.99994086
0.99994211
0.99994338
0.99994468
0.99994598
0.99994729
0.99994859
0.99994988
0.99995115
0.99995241
0.99995364
0.99995485
0.99995603
0.99995718
0.99995831
0.9999594
0.99996047
0.9999615
0.9999625
0.99996347
0.99996442
0.99996533
0.99996621
0.99996707
0.9999679
0.9999687
0.99996947
0.99997022
0.99997094
0.99997164
0.99997232
0.99997298
0.99997361
0.99997423
0.99997482
0.9999754
0.99997595
0.99997649
0.99997701
0.99997752
0.99997801
0.99997849
0.99997895
0.99997939
0.99997983
0.99998025
0.99998065
0.99998105
0.99998143
0.99998181
0.99998217
0.99998252
0.99998286
0.99998319
0.99998352
0.99998383
0.99998414
0.99998443
0.99998472
0.999985
0.99998528
0.99998554
0.9999858
0.99998606
0.9999863
0.99998654
0.99998678
0.99998701
0.99998723
0.99998744
0.99998766
0.99998786
0.99998806
0.99998826
0.99998845
0.99998864
0.99998882
0.999989
0.99998917
0.99998934
0.99998951
0.99998967
0.99998982
0.99998998
0.99999013
0.99999028
0.99999042
0.99999056
0.9999907
0.99999083
0.99999096
0.99999109
0.99999122
0.99999134
0.99999146
0.99999158
0.99999169
0.9999918
0.99999191
0.99999202
0.99999213
0.99999223
0.99999233
0.99999243
0.99999252
0.99999262
0.99999271
0.9999928
0.99999289
0.99999297
0.99999306
0.99999314
0.99999322
0.9999933
0.99999338
0.99999346
0.99999353
0.99999361
0.99999368
0.99999375
0.99999382
0.99999388
0.99999395
0.99999402
0.99999408
0.99999414
0.9999942
0.99999426
0.99999432
0.99999438
0.99999444
0.99999449
0.99999455
0.9999946
0.99999465
0.9999947
0.99999475
0.9999948
0.99999485
0.9999949
0.99999495
0.99999499
0.99999504
0.99999508
0.99999513
0.99999517
0.99999521
0.99999525
0.99999529
0.99999533
0.99999537
0.99999541
0.99999545
0.99999549
0.99999553
0.99999556
0.9999956
0.99999563
0.99999567
0.9999957
0.99999574
0.99999577
0.9999958
0.99999584
0.99999587
0.9999959
0.99999593
0.99999596
0.99999599
0.99999602
0.99999605
0.99999608
0.99999611
0.99999717
0.9999942
0.99999132
0.99998851
0.99998573
0.99998294
0.99998012
0.99997723
0.99997424
0.99959463
0.99900559
0.99844825
0.99812804
0.9981247
0.99812135
0.998118
0.99811759
0.99812253
0.99813261
0.9981475
0.99816677
0.99818997
0.99821661
0.9982462
0.99827826
0.99831233
0.99834799
0.99838486
0.99842259
0.99846086
0.9984994
0.99853798
0.99857639
0.99861447
0.99865206
0.99868906
0.99872535
0.99876087
0.99879556
0.99882937
0.99886228
0.99889425
0.99892528
0.99895537
0.99898452
0.99901274
0.99904003
0.99906642
0.99909193
0.99911658
0.99914039
0.99916338
0.99918559
0.99920703
0.99922773
0.99924772
0.99926703
0.99928567
0.99930368
0.99932107
0.99933788
0.99935412
0.99936981
0.99938499
0.99939966
0.99941386
0.99942759
0.99944087
0.99945373
0.99946619
0.99947824
0.99948993
0.99950124
0.99951221
0.99952285
0.99953316
0.99954316
0.99955287
0.99956229
0.99957143
0.99958031
0.99958893
0.9995973
0.99960544
0.99961335
0.99962103
0.99962851
0.99963577
0.99964284
0.99964972
0.99965641
0.99966292
0.99966926
0.99967544
0.99968145
0.9996873
0.999693
0.99969856
0.99970397
0.99970925
0.99971439
0.9997194
0.99972429
0.99972906
0.9997337
0.99973824
0.99974266
0.99974697
0.99975118
0.99975529
0.9997593
0.99976322
0.99976704
0.99977077
0.99977441
0.99977797
0.99978144
0.99978483
0.99978814
0.99979138
0.99979454
0.99979763
0.99980065
0.99980361
0.99980649
0.99980931
0.99981207
0.99981476
0.99981739
0.99981997
0.99982249
0.99982495
0.99982736
0.99982972
0.99983202
0.99983428
0.99983649
0.99983864
0.99984076
0.99984283
0.99984485
0.99984683
0.99984877
0.99985067
0.99985253
0.99985435
0.99985613
0.99985788
0.99985959
0.99986126
0.9998629
0.99986451
0.99986608
0.99986763
0.99986914
0.99987062
0.99987207
0.9998735
0.99987489
0.99987626
0.9998776
0.99987892
0.99988021
0.99988148
0.99988272
0.99988394
0.99988514
0.99988631
0.99988746
0.99988859
0.9998897
0.99989079
0.99989187
0.99989292
0.99989395
0.99989497
0.99989596
0.99989694
0.99989791
0.99989886
0.99989979
0.99990071
0.99990161
0.9999025
0.99990337
0.99990423
0.99990508
0.99990592
0.99990674
0.99990755
0.99990835
0.99990914
0.99990992
0.99991069
0.99991145
0.9999122
0.99991294
0.99991367
0.9999144
0.99991512
0.56311875
0.56771089
0.59712973
0.62181928
0.63593709
0.64293149
0.64485348
0.64256568
0.63721402
0.63120026
0.62542519
0.62043029
0.61667553
0.614752
0.61600804
0.61890461
0.62328973
0.62914936
0.63640875
0.64494651
0.65460752
0.66521624
0.67658859
0.68854127
0.70089891
0.7134992
0.72619624
0.73886226
0.75138811
0.76368287
0.77567276
0.78729978
0.79852006
0.8093021
0.81962512
0.82947732
0.83885443
0.84775832
0.85619578
0.86417746
0.87171695
0.87883
0.88553388
0.89184687
0.89778777
0.90337556
0.90862918
0.91356721
0.91820779
0.92256848
0.92666612
0.93051684
0.93413599
0.93753812
0.94073699
0.94374557
0.94657608
0.94923996
0.95174797
0.95411016
0.95633593
0.95843408
0.9604128
0.96227975
0.96404207
0.9657064
0.96727894
0.96876548
0.9701714
0.9715017
0.97276107
0.97395385
0.97508411
0.97615562
0.97717192
0.9781363
0.97905183
0.97992137
0.9807476
0.98153302
0.98227997
0.98299062
0.98366704
0.98431112
0.98492465
0.98550933
0.98606671
0.98659827
0.9871054
0.98758939
0.98805146
0.98849276
0.98891437
0.9893173
0.9897025
0.99007087
0.99042327
0.99076047
0.99108325
0.9913923
0.99168829
0.99197187
0.99224362
0.99250412
0.99275389
0.99299344
0.99322326
0.99344378
0.99365545
0.99385867
0.99405382
0.99424128
0.99442138
0.99459446
0.99476083
0.99492079
0.99507462
0.99522259
0.99536496
0.99550196
0.99563383
0.99576079
0.99588304
0.9960008
0.99611424
0.99622355
0.9963289
0.99643045
0.99652837
0.99662281
0.99671389
0.99680177
0.99688658
0.99696842
0.99704744
0.99712373
0.99719741
0.99726858
0.99733734
0.99740379
0.99746801
0.99753009
0.99759012
0.99764817
0.99770433
0.99775865
0.99781122
0.9978621
0.99791136
0.99795905
0.99800523
0.99804996
0.9980933
0.99813529
0.99817599
0.99821544
0.99825369
0.99829079
0.99832677
0.99836167
0.99839554
0.99842841
0.99846032
0.9984913
0.99852139
0.99855061
0.99857901
0.99860659
0.99863341
0.99865948
0.99868483
0.99870948
0.99873346
0.9987568
0.99877951
0.99880162
0.99882315
0.99884412
0.99886455
0.99888445
0.99890385
0.99892277
0.99894122
0.99895922
0.99897678
0.99899393
0.99901067
0.99902702
0.999043
0.99905862
0.99907389
0.99908883
0.99910345
0.99911776
0.99913178
0.99914551
0.99915899
0.9991722
0.99918519
0.99919788
4.5435707e-05
5.6076037e-05
7.485795e-05
9.4361293e-05
0.00011369357
0.00013316246
0.00015247375
0.00017125101
0.00018937803
0.0002069695
0.00022422
0.0002413658
0.00025867301
0.00027642984
0.00029498915
0.0025882845
0.0075550489
0.015252671
0.025608071
0.038507274
0.053780461
0.071216744
0.090578141
0.11161074
0.13405421
0.15765002
0.18214803
0.20731134
0.23291978
0.25877206
0.28468706
0.31050431
0.33608395
0.36130597
0.38606923
0.41029004
0.43390082
0.45684845
0.47909282
0.50060522
0.52136693
0.54136779
0.56060498
0.57908183
0.59680681
0.61379256
0.63005507
0.64561302
0.6604871
0.67469947
0.68827338
0.70123268
0.71360159
0.72540437
0.73666516
0.74740773
0.75765541
0.76743092
0.77675636
0.78565305
0.79414159
0.80224174
0.80997247
0.81735194
0.82439747
0.83112561
0.8375521
0.84369191
0.8495593
0.85516777
0.86053015
0.86565863
0.87056471
0.87525935
0.87975288
0.88405511
0.88817533
0.89212233
0.89590442
0.89952949
0.903005
0.90633801
0.9095352
0.91260293
0.91554719
0.91837367
0.92108777
0.92369458
0.92619898
0.92860554
0.93091864
0.93314242
0.93528081
0.93733755
0.93931618
0.94122009
0.94305247
0.94481639
0.94651474
0.94815028
0.94972566
0.95124337
0.95270581
0.95411524
0.95547385
0.9567837
0.95804676
0.95926493
0.96044
0.96157368
0.96266763
0.96372342
0.96474253
0.96572641
0.96667643
0.96759391
0.96848008
0.96933617
0.97016332
0.97096263
0.97173516
0.97248192
0.97320389
0.97390198
0.97457709
0.97523008
0.97586176
0.97647293
0.97706433
0.9776367
0.97819072
0.97872706
0.97924637
0.97974925
0.98023631
0.9807081
0.98116518
0.98160807
0.98203728
0.98245328
0.98285654
0.98324752
0.98362663
0.98399431
0.98435094
0.98469691
0.98503259
0.98535833
0.98567448
0.98598137
0.9862793
0.9865686
0.98684955
0.98712243
0.98738752
0.98764508
0.98789537
0.98813862
0.98837508
0.98860497
0.98882852
0.98904592
0.98925739
0.98946313
0.98966331
0.98985814
0.99004778
0.9902324
0.99041217
0.99058725
0.9907578
0.99092396
0.99108587
0.99124369
0.99139754
0.99154755
0.99169385
0.99183657
0.99197582
0.99211172
0.99224438
0.99237391
0.99250042
0.99262401
0.99274478
0.99286282
0.99297824
0.99309113
0.99320157
0.99330966
0.99341548
0.99351912
0.99362067
0.9937202
0.9938178
0.99391356
0.99400757
0.99409984
0.99419073
0.9942795
7.2900925e-10
1.657895e-09
2.9755671e-09
4.6060441e-09
6.4780031e-09
8.592645e-09
1.0939688e-08
1.3491838e-08
1.6229953e-08
1.91472e-08
2.2244138e-08
2.5527656e-08
2.9011413e-08
3.2715474e-08
3.6666941e-08
7.7797076e-08
1.9718948e-07
1.4849121e-05
0.00011546067
0.00037502008
0.00087936174
0.0017218626
0.0029982872
0.0047931875
0.0071811947
0.010226683
0.013979735
0.018475297
0.023733203
0.029758829
0.036544273
0.044069923
0.052306226
0.061215506
0.070753731
0.080872186
0.091519003
0.10264055
0.1141826
0.12609132
0.1383141
0.15080016
0.16350106
0.17637108
0.18936741
0.20245033
0.21558325
0.22873274
0.2418684
0.25496286
0.26799157
0.28093269
0.29376693
0.30647736
0.31904925
0.3314699
0.34372847
0.3558158
0.36772426
0.37944762
0.39098089
0.40232021
0.4134627
0.42440636
0.43515001
0.44569311
0.45603577
0.4661786
0.47612268
0.4858695
0.49542085
0.50477885
0.51394585
0.5229244
0.53171723
0.54032719
0.54875726
0.5570105
0.56509002
0.572999
0.58074063
0.58831813
0.5957347
0.60299356
0.61009789
0.61705087
0.62385562
0.63051526
0.63703285
0.64341139
0.64965387
0.65576321
0.66174227
0.66759388
0.6733208
0.67892574
0.68441138
0.68978031
0.69503508
0.7001782
0.70521211
0.7101392
0.71496183
0.71968227
0.72430279
0.72882556
0.73325274
0.73758643
0.74182868
0.7459815
0.75004685
0.75402666
0.75792281
0.76173714
0.76547144
0.76912749
0.77270699
0.77621163
0.77964307
0.78300291
0.78629274
0.78951409
0.79266848
0.79575739
0.79878225
0.80174449
0.8046455
0.80748662
0.81026918
0.81299449
0.8156638
0.81827837
0.8208394
0.8233481
0.82580562
0.8282131
0.83057166
0.83288239
0.83514636
0.83736461
0.83953816
0.84166803
0.84375518
0.84580057
0.84780515
0.84976983
0.85169551
0.85358307
0.85543337
0.85724725
0.85902553
0.86076903
0.86247853
0.86415481
0.86579862
0.86741071
0.8689918
0.8705426
0.8720638
0.8735561
0.87502016
0.87645662
0.87786615
0.87924935
0.88060686
0.88193928
0.88324719
0.88453118
0.88579183
0.88702969
0.88824532
0.88943925
0.89061203
0.89176417
0.8928962
0.89400861
0.89510191
0.8961766
0.89723316
0.89827208
0.89929382
0.90029886
0.90128767
0.9022607
0.90321842
0.90416129
0.90508975
0.90600425
0.90690526
0.90779322
0.90866858
0.9095318
0.91038335
0.91122368
0.9120533
0.91287264
0.91368244
0.91448253
0.9152758
0.9160558
9.4298608e-15
3.0194202e-14
6.8783587e-14
1.2944029e-13
2.1435759e-13
3.2617977e-13
4.6717376e-13
6.3856138e-13
8.4123054e-13
1.076262e-12
1.3449759e-12
1.6490051e-12
1.9904549e-12
2.3720113e-12
2.7970142e-12
3.803847e-12
6.4840645e-12
2.1656656e-10
1.8265661e-09
6.9685943e-09
1.8840117e-08
4.1761278e-08
8.1315107e-08
1.082242e-05
4.7349557e-05
0.0001259752
0.0002665858
0.00049212406
0.00082720344
0.0012963139
0.0019247087
0.0027368754
0.0037558113
0.0050024249
0.0064950702
0.0082492208
0.01027729
0.012588574
0.015189298
0.018082733
0.021269381
0.024747211
0.028511918
0.032557203
0.036875051
0.041456004
0.046289433
0.051363778
0.056666779
0.062185682
0.067907424
0.073818788
0.079906548
0.086157587
0.092558991
0.099098136
0.10576275
0.11254096
0.11942135
0.12639297
0.13344533
0.14056849
0.14775297
0.15498981
0.16227054
0.16958717
0.17693218
0.18429852
0.19167955
0.19906908
0.20646129
0.21385077
0.22123245
0.22860161
0.23595385
0.24328508
0.25059151
0.25786959
0.26511605
0.27232784
0.27950214
0.28663634
0.29372804
0.30077499
0.30777513
0.31472657
0.32162757
0.3284765
0.33527189
0.3420124
0.34869678
0.3553239
0.36189275
0.36840239
0.37485197
0.38124075
0.38756805
0.39383327
0.40003588
0.40617541
0.41225148
0.41826373
0.42421189
0.43009573
0.43591507
0.44166978
0.44735978
0.45298503
0.45854552
0.4640413
0.46947244
0.47483906
0.4801413
0.48537934
0.49055339
0.49566368
0.50071047
0.50569407
0.51061478
0.51547294
0.5202689
0.52500306
0.52967581
0.53428758
0.53883879
0.5433299
0.54776139
0.55213373
0.55644742
0.56070298
0.56490093
0.5690418
0.57312613
0.57715449
0.58112743
0.58504553
0.58890936
0.59271952
0.59647659
0.60018118
0.60383388
0.6074353
0.61098607
0.61448678
0.61793807
0.62134056
0.62469486
0.6280016
0.63126142
0.63447494
0.63764279
0.6407656
0.643844
0.64687862
0.6498701
0.65281906
0.65572612
0.65859193
0.66141711
0.66420228
0.66694808
0.66965512
0.67232403
0.67495544
0.67754996
0.68010823
0.68263085
0.68511845
0.68757164
0.68999105
0.6923773
0.694731
0.69705277
0.69934324
0.70160301
0.70383272
0.70603299
0.70820444
0.7103477
0.7124634
0.71455218
0.71661468
0.71865155
0.72066342
0.72265098
0.72461487
0.72655578
0.72847438
0.73037139
0.73224751
0.73410346
0.73593999
0.73775787
0.73955788
0.74134088
0.74310762
0.74485942
0.74659592
0.74832253
0.75002668
1.2456086e-19
5.1298388e-19
1.4068474e-18
3.1053997e-18
5.9243982e-18
1.0217166e-17
1.6363481e-17
2.4735031e-17
3.5690555e-17
4.9588737e-17
6.6796281e-17
8.7696365e-17
1.1270312e-16
1.422775e-16
1.7694149e-16
2.2537571e-16
3.1229787e-16
3.5492243e-15
3.0684206e-14
1.3303802e-13
4.0667822e-13
1.006916e-12
2.1667356e-12
1.5875067e-10
8.3571035e-10
2.616946e-09
6.3489808e-09
1.3188077e-08
8.1718017e-07
5.1457518e-06
1.5744485e-05
3.6236078e-05
7.1133971e-05
0.00012574005
0.0002059175
0.0003181927
0.00046953351
0.0006672
0.00091859201
0.0012310997
0.0016119655
0.0020681628
0.002606292
0.0032324943
0.0039523846
0.004771003
0.0056927836
0.0067215383
0.0078604537
0.0091120995
0.010478447
0.011960893
0.013560293
0.015276993
0.017110872
0.019061374
0.021127554
0.023308115
0.025601445
0.028005655
0.030518614
0.033137982
0.035861239
0.038685713
0.04160861
0.044627031
0.047737998
0.050938473
0.05422537
0.057595577
0.061045964
0.064573398
0.06817475
0.071846906
0.075586775
0.079391292
0.083257429
0.087182195
0.091162642
0.095195866
0.099279015
0.10340928
0.10758392
0.11180023
0.11605556
0.12034733
0.124673
0.1290301
0.1334162
0.13782893
0.142266
0.14672513
0.15120414
0.15570087
0.16021325
0.16473922
0.16927681
0.17382409
0.17837917
0.18294025
0.18750554
0.19207332
0.19664192
0.20120972
0.20577515
0.21033668
0.21489284
0.2194422
0.22398338
0.22851505
0.23303593
0.23754477
0.24204037
0.2465216
0.25098732
0.2554365
0.25986809
0.26428112
0.26867465
0.27304779
0.27739967
0.28172947
0.28603642
0.29031977
0.29457882
0.29881289
0.30302136
0.30720363
0.31135913
0.31548732
0.31958773
0.32365987
0.32770332
0.33171766
0.33570254
0.3396576
0.34358253
0.34747704
0.35134088
0.35517379
0.35897559
0.36274608
0.36648511
0.37019253
0.37386824
0.37751215
0.38112419
0.3847043
0.38825248
0.39176869
0.39525297
0.39870534
0.40212585
0.40551457
0.40887158
0.41219698
0.41549091
0.41875348
0.42198485
0.42518518
0.42835467
0.43149349
0.43460187
0.43768003
0.4407282
0.44374664
0.44673563
0.44969543
0.45262634
0.45552868
0.45840276
0.46124893
0.46406752
0.46685892
0.46962349
0.47236164
0.47507377
0.4777603
0.48042169
0.48305839
0.48567087
0.48825964
0.4908252
0.49336809
0.49588886
0.4983881
0.5008664
0.50332439
0.50576273
0.5081821
0.51058321
0.51296682
0.5153337
0.51768467
0.52002064
0.5223424
0.52465134
0.52694707
0.52923543
0.53150247
1.6617667e-24
8.3876108e-24
2.685094e-23
6.7864924e-23
1.4644409e-22
2.8234006e-22
5.0033173e-22
8.2961109e-22
1.3031897e-21
1.9578375e-21
2.8342268e-21
3.9772583e-21
5.4368002e-21
7.2688143e-21
9.5367073e-21
1.2434737e-20
1.6525625e-20
6.9356951e-20
5.2982406e-19
2.5167555e-18
8.5552862e-18
2.3422664e-17
5.5286419e-17
2.4379378e-15
1.4893041e-14
5.3631096e-14
1.4703668e-13
3.4016184e-13
1.2420936e-11
8.803642e-11
3.1785215e-10
8.435429e-10
1.8709627e-09
8.4463499e-08
5.8545094e-07
1.8800683e-06
4.497032e-06
9.1379997e-06
1.6677741e-05
2.8173332e-05
4.4870146e-05
6.8192361e-05
9.9731889e-05
0.00014123289
0.00019457289
0.00026174169
0.00034481886
0.00044595041
0.0005673256
0.00071115444
0.00087964634
0.0010749903
0.0012993367
0.0015547815
0.0018433519
0.0021669942
0.0025275641
0.002926818
0.0033664071
0.0038478719
0.0043726397
0.0049420217
0.0055572129
0.0062192913
0.0069292199
0.0076878474
0.0084959112
0.0093540396
0.010262755
0.011222478
0.01223353
0.013296137
0.014410435
0.015576471
0.01679421
0.018063539
0.019384265
0.020756127
0.022178796
0.023651875
0.02517491
0.026747386
0.028368737
0.030038343
0.031755538
0.033519609
0.035329803
0.037185326
0.039085349
0.041029007
0.043015405
0.045043618
0.047112696
0.049221662
0.051369519
0.053555249
0.055777816
0.058036169
0.060329241
0.062655955
0.065015223
0.067405949
0.069827028
0.072277353
0.074755812
0.07726129
0.079792673
0.082348848
0.084928703
0.087531131
0.090155029
0.092799302
0.095462859
0.09814462
0.10084351
0.10355848
0.10628847
0.10903244
0.11178938
0.11455827
0.11733812
0.12012794
0.12292678
0.12573369
0.12854774
0.13136801
0.13419362
0.13702368
0.13985735
0.14269379
0.14553218
0.14837172
0.15121164
0.15405119
0.15688962
0.15972623
0.16256031
0.16539121
0.16821826
0.17104085
0.17385834
0.17667017
0.17947576
0.18227457
0.18506607
0.18784975
0.19062514
0.19339177
0.19614919
0.19889699
0.20163476
0.20436211
0.2070787
0.20978417
0.21247821
0.21516051
0.21783078
0.22048877
0.22313422
0.22576692
0.22838665
0.23099322
0.23358648
0.23616627
0.23873245
0.24128492
0.24382358
0.24634836
0.2488592
0.25135607
0.25383895
0.25630785
0.25876278
0.2612038
0.26363096
0.26604434
0.26844407
0.27083026
0.27320306
0.27556265
0.27790922
0.280243
0.28256424
0.28487321
0.28717022
0.28945559
0.29172969
0.29399291
0.29624569
0.29848849
0.3007218
0.30294618
0.3051622
0.30737046
0.30957166
0.31176641
0.31395569
0.31613932
0.31832122
0.32049182
2.2291384e-29
1.3376029e-28
4.9093356e-28
1.3990209e-27
3.3691872e-27
7.1815778e-27
1.3950309e-26
2.5170592e-26
4.2752032e-26
6.905584e-26
1.0694055e-25
1.5981875e-25
2.3173495e-25
3.2747165e-25
4.5268367e-25
6.1588164e-25
8.3393921e-25
1.8391546e-24
9.758792e-24
4.7471142e-23
1.7554629e-22
5.2573648e-22
1.3519935e-21
3.8591571e-20
2.655745e-19
1.0809501e-18
3.3116345e-18
8.4658172e-18
1.991047e-16
1.5476516e-15
6.402243e-15
1.925006e-14
4.7693483e-14
1.3388298e-12
1.0262099e-11
3.8815359e-11
1.068868e-10
2.4501612e-10
1.5884165e-08
7.7381186e-08
2.2714546e-07
5.2780004e-07
1.066111e-06
1.9566343e-06
3.3460363e-06
5.416098e-06
8.3863998e-06
1.251637e-05
1.8106677e-05
2.5499958e-05
3.5080903e-05
4.7275699e-05
6.2550921e-05
8.1411897e-05
0.00010440063
0.00013209334
0.00016509769
0.00020404977
0.0002496109
0.00030246432
0.00036331175
0.00043287005
0.00051186775
0.00060104175
0.00070113399
0.00081288836
0.00093704757
0.0010743503
0.0012255285
0.0013913044
0.0015723888
0.0017694779
0.0019832519
0.0022143725
0.0024634815
0.0027311988
0.003018121
0.0033248202
0.0036518427
0.0039997075
0.004368906
0.0047599008
0.005173125
0.0056089815
0.0060678428
0.0065500505
0.0070559148
0.0075857146
0.0081396972
0.0087180786
0.0093210431
0.0099487439
0.010601303
0.011278812
0.011981331
0.012708892
0.013461495
0.014239115
0.015041694
0.015869149
0.016721371
0.017598222
0.01849954
0.019425138
0.020374806
0.02134831
0.022345394
0.023365782
0.024409175
0.025475259
0.026563697
0.027674137
0.028806211
0.029959535
0.031133709
0.032328322
0.033542948
0.034777151
0.036030484
0.037302491
0.038592704
0.039900651
0.041225851
0.042567818
0.043926058
0.045300077
0.046689373
0.048093445
0.049511786
0.050943891
0.052389254
0.053847367
0.055317726
0.056799825
0.058293163
0.059797241
0.061311563
0.062835636
0.064368974
0.065911093
0.067461516
0.069019773
0.070585397
0.072157932
0.073736927
0.075321937
0.076912528
0.078508273
0.080108754
0.081713561
0.083322293
0.084934561
0.086549985
0.088168192
0.089788824
0.091411531
0.093035974
0.094661826
0.09628877
0.097916503
0.099544732
0.10117318
0.10280157
0.10442965
0.10605718
0.10768393
0.10930968
0.11093424
0.1125574
0.114179
0.11579888
0.11741689
0.11903291
0.12064682
0.12225852
0.12386793
0.125475
0.12707967
0.12868192
0.13028174
0.13187915
0.13347418
0.13506688
0.13665734
0.13824566
0.13983197
0.14141642
0.1429992
0.14458051
0.1461606
0.14773974
0.14931824
0.15089643
0.15247467
0.15405337
0.15563289
0.15721372
0.15879597
0.16038097
0.16196552
3.0017843e-34
2.0981768e-33
8.7293045e-33
2.777657e-32
7.3980594e-32
1.7295987e-31
3.6571331e-31
7.1353431e-31
1.3031314e-30
2.2522363e-30
3.7160582e-30
5.8948941e-30
9.0433906e-30
1.3482039e-29
1.9611367e-29
2.7956562e-29
3.9295575e-29
6.5521642e-29
2.1182978e-28
9.3253588e-28
3.608928e-27
1.1646241e-26
3.2377431e-26
6.36801e-25
4.8043277e-24
2.1789015e-23
7.389525e-23
2.0734817e-22
3.3888706e-21
2.8158299e-20
1.3066582e-19
4.389777e-19
1.2034199e-18
2.2826374e-17
1.8857163e-16
8.1498715e-16
2.5385213e-15
6.4901846e-15
2.6333146e-13
1.5124321e-12
5.1727832e-12
1.367196e-11
5.2157149e-10
3.1950137e-09
1.0551976e-08
2.6681802e-08
5.7759332e-08
1.1264415e-07
2.0354403e-07
3.4671093e-07
5.6317258e-07
8.7948078e-07
1.3284627e-06
1.9499608e-06
2.7915479e-06
3.9092048e-06
5.3679495e-06
7.2424093e-06
9.6173262e-06
1.258799e-05
1.6260592e-05
2.0752505e-05
2.6192467e-05
3.2720694e-05
4.0488899e-05
4.9660235e-05
6.040915e-05
7.2921171e-05
8.7392612e-05
0.0001040302
0.00012305066
0.00014468022
0.00016915402
0.0001967156
0.00022761616
0.00026211393
0.00030047342
0.00034296469
0.00038986254
0.00044144575
0.0004979962
0.00055979814
0.00062713726
0.00070029995
0.00077957238
0.00086523975
0.00095758546
0.0010568903
0.0011634316
0.0012774827
0.001399312
0.0015291822
0.0016673499
0.0018140648
0.0019695689
0.0021340961
0.002307872
0.0024911126
0.0026840246
0.0028868043
0.0030996379
0.0033227007
0.0035561567
0.0038001587
0.0040548478
0.0043203534
0.0045967928
0.0048842714
0.0051828822
0.005492706
0.0058138117
0.0061462557
0.0064900825
0.0068453242
0.0072120014
0.0075901226
0.0079796848
0.0083806737
0.0087930637
0.0092168183
0.0096518902
0.010098222
0.010555746
0.011024384
0.01150405
0.011994648
0.012496073
0.013008212
0.013530943
0.014064138
0.014607662
0.01516137
0.015725114
0.016298738
0.016882082
0.017474979
0.018077257
0.018688742
0.019309253
0.019938607
0.020576618
0.021223095
0.021877847
0.022540679
0.023211396
0.0238898
0.024575692
0.025268874
0.025969145
0.026676306
0.027390158
0.028110503
0.028837143
0.029569882
0.030308526
0.031052881
0.031802758
0.03255797
0.033318331
0.03408366
0.034853779
0.035628515
0.036407696
0.037191159
0.037978742
0.038770289
0.039565652
0.040364684
0.041167248
0.041973213
0.042782453
0.04359485
0.044410296
0.045228686
0.046049928
0.046873937
0.047700638
0.048529965
0.049361863
0.050196288
0.051033208
0.051872603
0.052714466
0.053558805
0.054405641
0.055255011
0.05610697
0.056961589
0.057818958
0.058679186
0.059542402
0.060408757
0.061278417
0.06215157
0.063028408
0.063909145
0.064793917
0.065683017
0.066576149
0.067474417
4.0518941e-39
3.2475851e-38
1.5197907e-37
5.3790835e-37
1.5801567e-36
4.0360469e-36
9.2526909e-36
1.9449262e-35
3.8067488e-35
7.0201487e-35
1.2312987e-34
2.0697808e-34
3.3554717e-34
5.273564e-34
8.0695302e-34
1.2069706e-33
1.7722556e-33
2.7348558e-33
5.9930614e-33
2.0692388e-32
7.8182047e-32
2.6499589e-31
7.8766097e-31
1.1273864e-29
9.0826149e-29
4.5323271e-28
1.6875922e-27
5.166723e-27
6.2776373e-26
5.4356304e-25
2.7814386e-24
1.0320377e-23
3.1047256e-23
4.2737497e-22
3.709092e-21
1.7912221e-20
6.2204179e-20
1.7563873e-19
4.7969824e-18
3.1345429e-17
1.2214899e-16
3.622869e-16
9.5349944e-15
6.5692461e-14
2.5101764e-13
7.1971966e-13
2.8636414e-11
1.5126161e-10
4.8931055e-10
1.252924e-09
2.7819373e-09
5.59742e-09
1.0464053e-08
1.8464639e-08
3.108703e-08
5.0323641e-08
7.8783439e-08
1.1981601e-07
1.7764709e-07
2.5752454e-07
3.6587387e-07
5.104616e-07
7.0056528e-07
9.4714823e-07
1.2630373e-06
1.6631015e-06
2.1644302e-06
2.7865079e-06
3.5513845e-06
4.4838384e-06
5.611531e-06
6.965151e-06
8.5785457e-06
1.0488839e-05
1.2736535e-05
1.5365602e-05
1.8423543e-05
2.1961446e-05
2.6034011e-05
3.0699566e-05
3.6020055e-05
4.2061009e-05
4.8891493e-05
5.6584041e-05
6.5214562e-05
7.4862233e-05
8.5609367e-05
9.7541273e-05
0.00011074608
0.00012531459
0.00014134003
0.0001589179
0.00017814571
0.00019912278
0.00022194998
0.00024672949
0.00027356455
0.00030255917
0.00033381791
0.00036744556
0.00040354693
0.00044222652
0.00048358832
0.00052773549
0.00057477011
0.00062479297
0.00067790327
0.0007341984
0.00079377371
0.0008567223
0.00092313476
0.00099309904
0.0010667002
0.0011440202
0.0012251379
0.0013101287
0.0013990645
0.0014920137
0.0015890406
0.001690206
0.0017955666
0.0019051751
0.0020190801
0.0021373262
0.0022599537
0.0023869986
0.002518493
0.0026544647
0.0027949371
0.0029399298
0.0030894579
0.0032435327
0.0034021613
0.0035653471
0.0037330892
0.0039053832
0.0040822209
0.0042635905
0.0044494766
0.0046398605
0.00483472
0.00503403
0.0052377622
0.0054458853
0.0056583655
0.005875166
0.0060962479
0.0063215696
0.0065510875
0.006784756
0.0070225275
0.0072643526
0.0075101806
0.0077599592
0.0080136348
0.0082711531
0.0085324585
0.0087974948
0.0090662055
0.0093385334
0.0096144213
0.009893812
0.010176648
0.010462874
0.010752433
0.011045269
0.011341328
0.011640558
0.011942906
0.012248323
0.01255676
0.01286817
0.013182511
0.013499741
0.013819822
0.014142718
0.014468397
0.014796833
0.015128
0.01546188
0.015798458
0.016137725
0.016479677
0.016824317
0.017171654
0.017521705
0.017874493
0.018230051
0.018588421
0.018949653
0.019313809
0.01968096
0.020051185
0.020424578
0.020801227
0.02118125
0.021564664
0.021951753
0.022341817
0.022737195
5.1055025e-42
1.2082342e-40
7.2758388e-40
1.8593998e-39
1.8819776e-39
1.9410158e-39
2.0793521e-39
2.3717484e-39
2.9367812e-39
3.9842695e-39
5.8374219e-39
8.9785023e-39
1.410976e-38
2.2234156e-38
3.4761509e-38
5.3653898e-38
8.1646947e-38
1.2544647e-37
2.2435925e-37
5.7638209e-37
1.9296653e-36
6.5685386e-36
2.0488644e-35
2.2344766e-34
1.8724018e-33
1.0158716e-32
4.1216441e-32
1.3692201e-31
1.3138464e-30
1.156932e-29
6.4306437e-29
2.608589e-28
8.5473798e-28
9.0926374e-27
8.0860055e-26
4.2844043e-25
1.6385441e-24
5.0648399e-24
9.905527e-23
7.1417525e-22
3.1142026e-21
1.024346e-20
1.9827369e-19
1.494462e-18
6.4488707e-18
2.0667184e-17
5.8655971e-16
3.5748025e-15
1.3241144e-14
2.172051e-13
1.8300393e-12
7.30891e-12
2.15597e-11
5.3502871e-11
1.1831005e-10
2.4045833e-10
4.577911e-10
8.2677629e-10
1.4291624e-09
2.3802364e-09
3.8388844e-09
6.0196498e-09
9.2069692e-09
1.3771747e-08
2.0190405e-08
2.9066516e-08
4.1155091e-08
5.7389553e-08
7.8911393e-08
1.0710245e-07
1.4361974e-07
1.9043261e-07
2.4986219e-07
3.246227e-07
4.1786451e-07
5.3321857e-07
6.7484179e-07
8.4746316e-07
1.05643e-06
1.3077542e-06
1.6081576e-06
1.9651161e-06
2.3869033e-06
2.8826304e-06
3.4622854e-06
4.1367682e-06
4.9179235e-06
5.8185687e-06
6.8525194e-06
8.0346095e-06
9.3807068e-06
1.0907725e-05
1.2633627e-05
1.4577431e-05
1.67592e-05
1.9200036e-05
2.1922063e-05
2.4948409e-05
2.8303177e-05
3.2011416e-05
3.6099084e-05
4.059301e-05
4.5520845e-05
5.0911013e-05
5.6792663e-05
6.3195601e-05
7.015024e-05
7.7687529e-05
8.5838887e-05
9.4636139e-05
0.00010411144
0.0001142972
0.00012522602
0.00013693061
0.00014944372
0.00016279805
0.00017702619
0.00019216056
0.00020823329
0.0002252762
0.00024332069
0.00026239772
0.00028253768
0.00030377038
0.00032612496
0.00034962985
0.0003743127
0.00040020035
0.00042731876
0.00045569296
0.00048534704
0.00051630409
0.00054858617
0.00058221428
0.00061720834
0.00065358715
0.0006913684
0.00073056864
0.00077120327
0.00081328652
0.00085683146
0.00090185003
0.00094835297
0.00099634991
0.0010458493
0.0010968586
0.0011493839
0.0012034305
0.0012590024
0.0013161027
0.0013747336
0.001434896
0.0014965902
0.0015598155
0.0016245703
0.0016908521
0.0017586579
0.0018279838
0.0018988254
0.0019711774
0.0020450342
0.0021203898
0.0021972375
0.0022755705
0.0023553815
0.0024366632
0.0025194081
0.0026036086
0.0026892571
0.0027763462
0.0028648688
0.0029548179
0.0030461871
0.0031389703
0.0032331624
0.0033287586
0.0034257554
0.0035241501
0.003623941
0.0037251282
0.0038277127
0.0039316976
0.0040370878
0.0041438899
0.0042521131
0.0043617691
0.0044728723
0.0045854401
0.0046994933
0.0048150564
0.0049321578
0.0050508303
0.0051711108
0.0052930415
0.0054166645
0.0055420381
0.0056691663
0.0057982293
0.0059287518
0.0060624862
2.7344736e-44
2.1388982e-42
1.884126e-41
6.2524458e-41
1.0012091e-40
1.2684968e-40
1.3961021e-40
1.3964545e-40
1.3969126e-40
1.3975639e-40
1.3921021e-40
1.3803255e-40
1.3645124e-40
1.3468865e-40
1.3296494e-40
1.3150956e-40
1.3058023e-40
1.305457e-40
1.325337e-40
1.4160956e-40
1.7795714e-40
3.085784e-40
7.2508796e-40
5.3630822e-39
4.4645031e-38
2.5965103e-37
1.1391071e-36
4.0835539e-36
3.2645064e-35
2.8600958e-34
1.7027849e-33
7.4811427e-33
2.6512484e-32
2.3036213e-31
2.0513317e-30
1.1734761e-29
4.8887528e-29
1.6410663e-28
2.4266597e-27
1.8775632e-26
9.0200704e-26
3.2561707e-25
4.8925904e-24
3.9356564e-23
1.8821451e-22
6.6592466e-22
1.42354e-20
9.6964243e-20
4.0356105e-19
5.4345656e-18
4.7820125e-17
2.1708526e-16
1.3861952e-15
1.9112714e-14
9.0245257e-14
2.9824848e-13
8.124924e-13
1.9507794e-12
4.2745429e-12
8.7285907e-12
1.6840049e-11
3.0994035e-11
5.4806634e-11
9.361888e-11
1.5513842e-10
2.5025852e-10
3.9408652e-10
6.0721617e-10
9.172798e-10
1.3608173e-09
1.9854993e-09
2.8527413e-09
4.0407434e-09
5.64799e-09
7.7972372e-09
1.0640015e-08
1.4361661e-08
1.9186908e-08
2.5386019e-08
3.3281487e-08
4.3255271e-08
5.5756572e-08
7.1310114e-08
9.0524889e-08
1.1410334e-07
1.4285092e-07
1.7768596e-07
2.1964982e-07
2.6991719e-07
3.2980649e-07
4.0079033e-07
4.8450583e-07
5.8276486e-07
6.9756394e-07
8.3109387e-07
9.8574886e-07
1.1641351e-06
1.3690789e-06
1.6036339e-06
1.8710873e-06
2.1749662e-06
2.5190414e-06
2.9073318e-06
3.3441071e-06
3.8338887e-06
4.381451e-06
4.9918201e-06
5.6702725e-06
6.4223317e-06
7.253764e-06
8.1705735e-06
9.1789955e-06
1.0285489e-05
1.1496727e-05
1.2819589e-05
1.4261149e-05
1.5828663e-05
1.7529559e-05
1.9371422e-05
2.1361979e-05
2.3509089e-05
2.5820722e-05
2.8304948e-05
3.0969918e-05
3.3823852e-05
3.6875015e-05
4.0131709e-05
4.360225e-05
4.7294955e-05
5.1218122e-05
5.5380018e-05
5.9788859e-05
6.4452797e-05
6.9379901e-05
7.4578148e-05
8.0055402e-05
8.5819406e-05
9.1877765e-05
9.8237933e-05
0.00010490721
0.00011189271
0.00011920138
0.00012683997
0.00013481503
0.0001431329
0.00015179972
0.00016082138
0.00017020359
0.0001799518
0.00019007125
0.00020056692
0.00021144359
0.0002227058
0.00023435785
0.00024640383
0.0002588476
0.00027169279
0.00028494283
0.00029860096
0.00031267021
0.00032715341
0.00034205324
0.0003573722
0.00037311266
0.00038927683
0.00040586683
0.00042288464
0.0004403322
0.00045821136
0.00047652395
0.00049527176
0.00051445661
0.00053408036
0.00055414493
0.00057465234
0.00059560474
0.00061700446
0.00063885405
0.0006611563
0.0006839143
0.00070713151
0.00073081179
0.00075495946
0.00077957938
0.00080467703
0.00083025854
0.00085633084
0.00088290173
0.00090997998
0.00093757549
0.0009656994
0.00099436433
0.0010235844
0.0010533761
0.0010837564
0.00111475
0.0011463623
0.0011786756
0.0012114948
0.0012456749
4.0354877e-46
1.019934e-43
1.2871742e-42
5.4678748e-42
1.1569407e-41
1.7852856e-41
2.2908117e-41
2.6144368e-41
2.7792183e-41
2.8098267e-41
2.810031e-41
2.8102358e-41
2.8004212e-41
2.7831838e-41
2.7611787e-41
2.7364467e-41
2.7105083e-41
2.6844626e-41
2.6590804e-41
2.6348909e-41
2.6122829e-41
2.5916744e-41
2.5738757e-41
2.5698095e-41
2.6700406e-41
3.3391608e-41
6.3521785e-41
1.727937e-40
1.0555382e-39
8.848413e-39
5.5537373e-38
2.6182523e-37
9.9676394e-37
7.4199962e-36
6.4872581e-35
3.9475709e-34
1.7736198e-33
6.4175583e-33
7.5321462e-32
6.0969813e-31
3.182151e-30
1.2488555e-29
1.526042e-28
1.2812731e-27
6.6852847e-27
2.5835201e-26
4.3558919e-25
3.2285165e-24
1.4862666e-23
1.7163178e-22
1.5515055e-21
7.8174915e-21
4.7848003e-20
5.9973798e-19
3.205345e-18
1.1818631e-17
1.5536037e-16
8.5597965e-16
3.169944e-15
9.4847935e-15
2.4735417e-14
5.8453953e-14
1.2807662e-13
2.6409082e-13
5.1779767e-13
9.7269815e-13
1.7607843e-12
3.0853312e-12
5.2521399e-12
8.7115669e-12
1.4114096e-11
2.2382645e-11
3.4805247e-11
5.3152195e-11
7.9822159e-11
1.1802221e-10
1.7198699e-10
2.472426e-10
3.5092101e-10
4.9213073e-10
6.8238987e-10
9.3612707e-10
1.2712561e-09
1.7098289e-09
2.2787724e-09
3.0107121e-09
3.9448864e-09
5.1281534e-09
6.6160924e-09
8.4741978e-09
1.0779168e-08
1.3620282e-08
1.7100867e-08
2.1339842e-08
2.6473337e-08
3.265639e-08
4.0064682e-08
4.8896338e-08
5.9373757e-08
7.174546e-08
8.6287959e-08
1.0330762e-07
1.2314248e-07
1.461641e-07
1.7277928e-07
2.0343177e-07
2.3860389e-07
2.7881804e-07
3.246381e-07
3.7667075e-07
4.355666e-07
5.0202118e-07
5.7677582e-07
6.6061829e-07
7.5438333e-07
8.5895296e-07
9.7525658e-07
1.1042709e-06
1.2470198e-06
1.4045737e-06
1.5780489e-06
1.7686069e-06
1.9774531e-06
2.2058361e-06
2.4550454e-06
2.7264107e-06
3.0212995e-06
3.3411158e-06
3.6872974e-06
4.0613143e-06
4.4646659e-06
4.8988789e-06
5.3655049e-06
5.8661175e-06
6.4023097e-06
6.9756915e-06
7.5878869e-06
8.2405313e-06
8.9352684e-06
9.6737479e-06
1.0457623e-05
1.1288546e-05
1.2168168e-05
1.3098136e-05
1.4080089e-05
1.5115655e-05
1.6206453e-05
1.7354084e-05
1.8560138e-05
1.9826182e-05
2.1153766e-05
2.2544419e-05
2.3999647e-05
2.552093e-05
2.7109727e-05
2.8767469e-05
3.0495562e-05
3.2295386e-05
3.4168292e-05
3.6115608e-05
3.8138636e-05
4.0238651e-05
4.2416905e-05
4.4674629e-05
4.7013031e-05
4.9433302e-05
5.1936616e-05
5.4524132e-05
5.7197002e-05
5.9956366e-05
6.2803367e-05
6.5739144e-05
6.8764848e-05
7.1881638e-05
7.5090694e-05
7.839322e-05
8.1790453e-05
8.5283671e-05
8.8874203e-05
9.2563435e-05
9.6352827e-05
0.00010024392
0.00010423835
0.00010833788
0.00011254437
0.00011685984
0.00012128651
0.00012582673
0.00013048314
0.00013525859
0.00014015626
0.00014517973
0.000150333
0.00015562082
0.00016104838
0.00016662346
0.00017234983
0.00017825466
0.00018428675
0.00019074467
4.608816e-43
3.2054194e-43
5.9800373e-43
1.7536109e-42
3.6485577e-42
5.8049255e-42
7.76075e-42
9.2597338e-42
1.0259271e-41
1.0822245e-41
1.106428e-41
1.1076074e-41
1.1075522e-41
1.10496e-41
1.1007634e-41
1.0956366e-41
1.0900567e-41
1.0843547e-41
1.0787543e-41
1.0734011e-41
1.0683847e-41
1.0637547e-41
1.059532e-41
1.0557184e-41
1.0523057e-41
1.0492966e-41
1.0467639e-41
1.0450165e-41
1.0473496e-41
1.0836345e-41
1.3232628e-41
2.4655562e-41
6.8400936e-41
3.9573298e-40
3.2690071e-39
2.081212e-38
9.986785e-38
3.867795e-37
3.7634361e-36
3.115361e-35
1.7437515e-34
7.3759576e-34
7.6315756e-33
6.5589024e-32
3.6834593e-31
1.540207e-30
2.1315678e-29
1.6800043e-28
8.4396166e-28
8.6556509e-27
7.9304574e-26
4.3546774e-25
2.6170201e-24
2.9965676e-23
1.7615912e-22
7.1549066e-22
7.8049114e-21
4.6863518e-20
1.9151174e-19
9.6156504e-19
6.3700996e-18
2.733074e-17
9.1483389e-17
2.6192971e-16
6.7200346e-16
1.5866751e-15
3.5065246e-15
7.3375357e-15
1.4659668e-14
2.8139758e-14
5.2150247e-14
9.3674996e-14
1.6360738e-13
2.7857437e-13
4.6345345e-13
7.5478709e-13
1.2053421e-12
1.8901077e-12
2.9140772e-12
4.4222095e-12
6.6120248e-12
9.7493411e-12
1.4187714e-11
2.0392195e-11
2.8968067e-11
4.0695266e-11
5.6569211e-11
7.7848821e-11
1.0611246e-10
1.4332262e-10
1.919e-10
2.5480786e-10
3.3564711e-10
4.3876289e-10
5.6936314e-10
7.3364946e-10
9.3896067e-10
1.1939292e-09
1.5086506e-09
1.8948649e-09
2.3661519e-09
2.938137e-09
3.628709e-09
4.4582485e-09
5.4498659e-09
6.6296473e-09
8.026908e-09
9.6744516e-09
1.1608833e-08
1.3870623e-08
1.6504677e-08
1.9560394e-08
2.3091986e-08
2.7158725e-08
3.1825199e-08
3.7161549e-08
4.3243695e-08
5.0153555e-08
5.797924e-08
6.6815244e-08
7.6762602e-08
8.7929039e-08
1.0042909e-07
1.1438421e-07
1.2992284e-07
1.4718046e-07
1.6629963e-07
1.8743e-07
2.1072823e-07
2.3635802e-07
2.6448998e-07
2.9530157e-07
3.2897693e-07
3.6570677e-07
4.0568817e-07
4.4912441e-07
4.9622474e-07
5.4720416e-07
6.0228314e-07
6.616874e-07
7.2564756e-07
7.9439891e-07
8.6818107e-07
9.4723769e-07
1.0318161e-06
1.1221671e-06
1.2185443e-06
1.3212045e-06
1.4304063e-06
1.546411e-06
1.6694813e-06
1.7998814e-06
1.9378771e-06
2.0837346e-06
2.2377212e-06
2.4001045e-06
2.5711525e-06
2.7511331e-06
2.9403143e-06
3.138964e-06
3.3473497e-06
3.5657387e-06
3.7943981e-06
4.0335948e-06
4.2835954e-06
4.5446669e-06
4.8170761e-06
5.1010908e-06
5.3969794e-06
5.7050117e-06
6.0254592e-06
6.3585959e-06
6.7046986e-06
7.0640482e-06
7.43693e-06
7.8236349e-06
8.2244609e-06
8.6397137e-06
9.0697084e-06
9.5147712e-06
9.9752411e-06
1.0451472e-05
1.0943833e-05
1.1452717e-05
1.1978533e-05
1.2521722e-05
1.3082749e-05
1.3662117e-05
1.4260368e-05
1.4878092e-05
1.5515938e-05
1.6174634e-05
1.6855009e-05
1.7558064e-05
1.8284971e-05
1.9037566e-05
1.9817247e-05
2.0631029e-05
2.1470423e-05
2.2418071e-05
1.1397821e-42
7.8417314e-43
6.0794926e-43
1.2696867e-42
2.217667e-42
3.2236672e-42
4.1072933e-42
4.7856376e-42
5.2539268e-42
5.544543e-42
5.7007134e-42
5.7620847e-42
5.7623076e-42
5.760024e-42
5.754834e-42
5.7480162e-42
5.7404232e-42
5.7326193e-42
5.7249713e-42
5.7177107e-42
5.7109744e-42
5.7048343e-42
5.6993168e-42
5.6944176e-42
5.6901117e-42
5.6863608e-42
5.6831192e-42
5.6803373e-42
5.677967e-42
5.6759834e-42
5.6744886e-42
5.6741073e-42
5.6772054e-42
5.7049065e-42
5.9476616e-42
7.5062579e-42
1.5009047e-41
4.4144825e-41
3.2822543e-40
2.6836686e-39
1.5887518e-38
7.1840245e-38
6.5152295e-37
5.6387965e-36
3.3675763e-35
1.5110011e-34
1.7773407e-33
1.4603837e-32
7.911223e-32
7.4122313e-31
6.8106897e-30
4.0161336e-29
2.4078305e-28
2.5385773e-27
1.6051638e-26
7.0983257e-26
6.7030281e-25
4.2695519e-24
1.8982686e-23
9.2880735e-23
5.8244867e-22
2.6829272e-21
9.7147564e-21
4.9824761e-20
2.2194174e-19
7.9598899e-19
2.4437062e-18
6.7008166e-18
1.6850901e-17
3.9538269e-17
8.7594098e-17
1.8481588e-16
3.7379857e-16
7.2840607e-16
1.3731259e-15
2.5124051e-15
4.4741564e-15
7.772994e-15
1.3200441e-14
2.1951378e-14
3.5798411e-14
5.7328639e-14
9.0260511e-14
1.3986205e-13
2.1349575e-13
3.2131976e-13
4.7717952e-13
6.9972904e-13
1.0138257e-12
1.4522477e-12
2.0577875e-12
2.8857807e-12
4.0071316e-12
5.5119018e-12
7.513532e-12
1.0153766e-11
1.3608352e-11
1.8093585e-11
2.3873774e-11
3.1269684e-11
4.0668031e-11
5.2532079e-11
6.7413388e-11
8.5964753e-11
1.0895438e-10
1.3728127e-10
1.7199194e-10
2.1429823e-10
2.6559653e-10
3.27488e-10
4.0180006e-10
4.906089e-10
5.9626293e-10
7.2140717e-10
8.6900841e-10
1.0423809e-09
1.2452129e-09
1.481593e-09
1.7560371e-09
2.0735154e-09
2.4394789e-09
2.859886e-09
3.3412284e-09
3.8905562e-09
4.5155021e-09
5.224305e-09
6.0258321e-09
6.9295993e-09
7.9457906e-09
9.0852756e-09
1.0359625e-08
1.1781125e-08
1.3362787e-08
1.5118362e-08
1.7062341e-08
1.9209968e-08
2.1577236e-08
2.4180892e-08
2.7038437e-08
3.0168116e-08
3.3588917e-08
3.7320565e-08
4.1383504e-08
4.5798894e-08
5.0588593e-08
5.5775141e-08
6.1381746e-08
6.7432264e-08
7.3951182e-08
8.0963594e-08
8.8495188e-08
9.6572216e-08
1.0522148e-07
1.1447031e-07
1.2434655e-07
1.348785e-07
1.4609497e-07
1.580252e-07
1.7069888e-07
1.8414609e-07
1.9839737e-07
2.1348363e-07
2.294362e-07
2.4628682e-07
2.6406763e-07
2.8281116e-07
3.0255042e-07
3.2331885e-07
3.4515035e-07
3.6807938e-07
3.9214093e-07
4.1737062e-07
4.4380472e-07
4.7148029e-07
5.004352e-07
5.3070827e-07
5.6233934e-07
5.9536949e-07
6.2984107e-07
6.6579798e-07
7.0328578e-07
7.4235196e-07
7.8304619e-07
8.2542056e-07
8.6952996e-07
9.1543246e-07
9.6318974e-07
1.0128677e-06
1.0645374e-06
1.1182755e-06
1.1741669e-06
1.2323066e-06
1.2928041e-06
1.355795e-06
1.4214469e-06
1.490043e-06
1.5618534e-06
1.6381602e-06
1.7180458e-06
1.8186561e-06
1.3633629e-42
1.3634372e-42
1.3635836e-42
1.6380095e-42
2.21772e-42
2.9152361e-42
3.3298393e-42
3.6186304e-42
3.8096738e-42
3.9272038e-42
3.9924359e-42
4.0222799e-42
4.0293378e-42
4.0296513e-42
4.0299651e-42
4.0302806e-42
4.0305983e-42
4.0309188e-42
4.0312421e-42
4.0315684e-42
4.0318976e-42
4.0322295e-42
4.0325639e-42
4.0329007e-42
4.0332395e-42
4.0335801e-42
4.0339224e-42
4.0342662e-42
4.0346111e-42
4.0349572e-42
4.0353043e-42
4.0356523e-42
4.036002e-42
4.0363584e-42
4.0367675e-42
4.0375118e-42
4.0398695e-42
4.0485074e-42
4.1184267e-42
4.6968375e-42
8.1284183e-42
2.3677445e-41
1.6483778e-40
1.3871867e-39
8.6922308e-39
4.1541726e-38
4.2806337e-37
3.6052505e-36
2.0843849e-35
1.8249492e-34
1.6682179e-33
1.0436597e-32
6.3091853e-32
6.1826714e-31
4.1301218e-30
1.9685138e-29
1.6659801e-28
1.1026504e-27
5.2671716e-27
2.5660228e-26
1.535714e-25
7.4291764e-25
2.8782675e-24
1.3832347e-23
6.2631023e-23
2.3765816e-22
7.750786e-22
2.6391925e-21
8.7307399e-21
2.6400836e-20
7.3192157e-20
1.8834416e-19
4.5497604e-19
1.0410964e-18
2.2726527e-18
4.7594007e-18
9.605369e-18
1.8751284e-17
3.5517892e-17
6.544833e-17
1.1758641e-16
2.0637805e-16
3.544472e-16
5.9657813e-16
9.8533483e-16
1.5988681e-15
2.5516033e-15
4.0086685e-15
6.205117e-15
9.471212e-15
1.4265292e-14
2.1215995e-14
3.117592e-14
4.5289097e-14
6.5074976e-14
9.2531953e-14
1.3026381e-13
1.8163272e-13
2.5094286e-13
3.4365878e-13
4.6666323e-13
6.2855894e-13
8.4001937e-13
1.1141933e-12
1.4671681e-12
1.918497e-12
2.4917939e-12
3.2154023e-12
4.1231397e-12
5.2551236e-12
6.6586807e-12
8.3893428e-12
1.051193e-11
1.3101723e-11
1.6245727e-11
2.0044019e-11
2.4611185e-11
3.0077845e-11
3.6592249e-11
4.4321957e-11
5.3455584e-11
6.4204611e-11
7.6805252e-11
9.1520363e-11
1.086414e-10
1.2849039e-10
1.5142193e-10
1.7782519e-10
2.0812594e-10
2.4278847e-10
2.8231761e-10
3.2726063e-10
3.7820907e-10
4.3580059e-10
5.007207e-10
5.7370437e-10
6.5553765e-10
7.4705906e-10
8.4916101e-10
9.6279099e-10
1.0889527e-09
1.2287071e-09
1.3831732e-09
1.5535288e-09
1.7410112e-09
1.9469176e-09
2.1726055e-09
2.4194929e-09
2.6890585e-09
2.9828418e-09
3.3024429e-09
3.6495224e-09
4.0258012e-09
4.4330603e-09
4.8731405e-09
5.3479418e-09
5.8594238e-09
6.4096045e-09
7.0005607e-09
7.634428e-09
8.3134e-09
9.0397291e-09
9.8157267e-09
1.0643763e-08
1.152627e-08
1.2465739e-08
1.3464725e-08
1.4525846e-08
1.565179e-08
1.684531e-08
1.8109238e-08
1.9446476e-08
2.0860014e-08
2.2352926e-08
2.3928381e-08
2.558965e-08
2.7340115e-08
2.9183278e-08
3.1122774e-08
3.3162384e-08
3.5306051e-08
3.7557895e-08
3.9922236e-08
4.2403618e-08
4.5006832e-08
4.7736953e-08
5.0599376e-08
5.3599869e-08
5.6744638e-08
6.0040429e-08
6.349468e-08
6.7115819e-08
7.0913714e-08
7.4901138e-08
7.9094627e-08
8.3526887e-08
8.8233343e-08
9.340592e-08
9.8907924e-08
1.079092e-07
)
;

boundaryField
{
    inlet_drug
    {
        type            fixedValue;
        value           uniform 1;
    }
    inlet_medium
    {
        type            fixedValue;
        value           uniform 0;
    }
    outlet
    {
        type            zeroGradient;
    }
    walls
    {
        type            zeroGradient;
    }
    floor
    {
        type            zeroGradient;
    }
    frontAndBack
    {
        type            empty;
    }
}


// ************************************************************************* //
