/*--------------------------------*- C++ -*----------------------------------*\
| =========                 |                                                 |
| \\      /  F ield         | OpenFOAM: The Open Source CFD Toolbox           |
|  \\    /   O peration     | Version:  2406                                  |
|   \\  /    A nd           | Website:  www.openfoam.com                      |
|    \\/     M anipulation  |                                                 |
\*---------------------------------------------------------------------------*/
FoamFile
{
    version     2.0;
    format      ascii;
    arch        "LSB;label=32;scalar=64";
    class       volScalarField;
    location    "2500";
    object      T;
}
// * * * * * * * * * * * * * * * * * * * * * * * * * * * * * * * * * * * * * //

dimensions      [0 0 0 0 0 0 0];

internalField   nonuniform List<scalar> 
6800
(
1
1
1
1
1
1
1
1
1
1
1
1
1
1
1
1
1
1
1
1
1
1
1
1
1
1
1
1
1
1
1
1
1
1
1
1
1
1
1
1
1
1
1
1
1
1
1
1
1
1
1
1
1
1
1
1
1
1
1
1
1
1
1
1
1
1
1
1
1
1
1
1
1
1
1
1
1
1
1
1
1
1
1
1
1
1
1
1
1
1
1
1
1
1
1
1
1
1
1
1
1
1
1
1
1
1
1
1
1
1
1
1
1
1
1
1
1
1
1
1
1
1
1
1
1
1
1
1
1
1
1
1
1
1
1
1
1
1
1
1
1
1
1
1
1
1
1
1
1
1
1
1
1
1
1
1
1
1
1
1
1
1
1
1
1
1
1
1
1
1
1
1
1
1
1
1
1
1
1
1
1
1
1
1
1
1
1
1
1
1
1
1
1
1
1
1
1
1
1
1
1
1
1
1
1
1
1
1
1
1
1
1
1
1
1
1
1
1
1
1
1
1
1
1
1
1
1
1
1
1
1
1
1
1
1
1
1
1
1
1
1
1
1
1
1
1
1
1
1
1
1
1
1
1
1
1
1
1
1
1
1
1
1
1
1
1
1
1
1
1
1
1
1
1
1
1
1
1
1
1
1
1
1
1
1
1
1
1
1
1
1
1
1
1
1
1
1
1
1
1
1
1
1
1
1
1
1
1
1
1
1
1
1
1
1
1
1
1
1
1
1
1
1
1
1
1
1
1
1
1
1
1
1
1
1
1
1
1
1
1
1
1
1
1
1
1
1
1
1
1
1
1
1
1
1
1
1
1
1
1
1
1
1
1
1
1
1
1
1
1
1
1
1
1
1
1
1
1
1
1
1
1
1
1
1
1
1
1
1
1
1
1
1
1
1
1
1
1
1
1
1
1
1
1
1
1
1
1
1
1
1
1
1
1
1
1
1
1
1
1
1
1
1
1
1
1
1
1
1
1
1
1
1
1
1
1
1
1
1
1
1
1
1
1
1
1
1
1
1
1
1
1
1
1
1
1
1
1
1
1
1
1
1
1
1
1
1
1
1
1
1
1
1
1
1
1
1
1
1
1
1
1
1
1
1
1
1
1
1
1
1
1
1
1
1
1
1
1
1
1
1
1
1
1
1
1
1
1
1
1
1
1
1
1
1
1
1
1
1
1
1
1
1
1
1
1
1
1
1
1
1
1
1
1
1
1
1
1
1
1
1
1
1
1
1
1
1
1
1
1
1
1
1
1
1
1
1
1
1
1
1
1
1
1
1
1
1
1
1
1
1
1
1
1
1
1
1
1
1
1
1
1
1
1
1
1
1
1
1
1
1
1
1
1
1
1
1
1
1
1
1
1
1
1
1
1
1
1
1
1
1
1
1
1
1
1
1
1
1
1
1
1
1
1
1
1
1
1
1
1
1
1
1
1
1
1
1
1
1
1
1
1
1
1
1
1
1
1
1
1
1
1
1
1
1
1
1
1
1
1
1
1
1
1
1
1
1
1
1
1
1
1
1
1
1
1
1
1
1
1
1
1
1
1
1
1
1
1
1
1
1
1
1
1
1
1
1
1
1
1
1
1
1
1
1
1
1
1
1
1
1
1
1
1
1
1
1
1
1
1
1
1
1
1
1
1
1
1
1
1
1
1
1
1
1
1
1
1
1
1
1
1
1
1
1
1
1
1
1
1
1
1
1
1
1
1
1
1
1
1
1
1
1
1
1
1
1
1
1
1
1
1
1
1
1
1
1
1
1
1
1
1
1
1
1
1
1
1
1
1
1
1
1
1
1
1
1
1
1
1
1
1
1
1
1
1
1
1
1
1
1
1
1
1
1
1
1
1
1
1
1
1
1
1
1
1
1
1
1
1
1
1
1
1
1
1
1
1
1
1
1
1
1
1
1
1
1
1
1
1
1
1
1
1
1
1
1
1
1
1
1
1
1
1
1
1
1
1
1
1
1
1
1
1
1
1
1
1
1
1
1
1
1
1
1
1
1
1
1
1
1
1
1
1
1
1
1
1
1
1
1
1
1
1
1
1
1
1
1
1
1
1
1
1
1
1
1
1
1
1
1
1
1
1
1
1
1
1
1
1
1
1
1
1
1
1
1
1
1
1
1
1
1
1
1
1
1
1
1
1
1
1
1
1
1
1
1
1
1
1
1
1
1
1
1
1
1
1
1
1
1
1
1
1
1
1
1
1
1
1
1
1
1
1
1
1
1
1
1
1
1
1
1
1
1
1
1
1
1
1
1
1
1
1
1
1
1
1
1
1
1
1
1
1
1
1
1
1
1
1
1
1
1
1
1
1
1
1
1
1
1
1
1
1
1
1
1
1
1
1
1
1
1
1
1
1
1
1
1
1
1
1
1
1
1
1
1
1
1
1
1
1
1
1
1
1
1
1
1
1
1
1
1
1
1
1
1
1
1
1
1
1
1
1
1
1
1
1
1
1
1
1
1
1
1
1
1
1
1
1
1
1
1
1
1
1
1
1
1
1
1
1
1
1
1
1
1
1
1
1
1
1
1
1
1
1
1
1
1
1
1
1
1
1
1
1
1
1
1
1
1
1
1
1
1
1
1
1
1
1
1
1
1
1
1
1
1
1
1
1
1
1
1
1
1
1
1
1
1
1
1
1
1
1
1
1
1
1
1
1
1
1
1
1
1
1
1
1
1
1
1
1
1
1
1
1
1
1
1
1
1
1
1
1
1
1
1
1
1
1
1
1
1
1
1
1
1
1
1
1
1
1
1
1
1
1
1
1
1
1
1
1
1
1
1
1
1
1
1
1
1
1
1
1
1
1
1
1
1
1
1
1
1
1
1
1
1
1
1
1
1
1
1
1
1
1
1
1
1
1
1
1
1
1
1
1
1
1
1
1
1
1
1
1
1
1
1
1
1
1
1
1
1
1
1
1
1
1
1
1
1
1
1
1
1
1
1
1
1
1
1
1
1
1
1
1
1
1
1
1
1
1
1
1
1
1
1
1
1
1
1
1
1
1
1
1
1
1
1
1
1
1
1
1
1
1
1
1
1
1
1
1
1
1
1
1
1
1
1
1
1
1
1
1
1
1
1
1
1
1
1
1
1
1
1
1
1
1
1
1
1
1
1
1
1
1
1
1
1
1
1
1
1
1
1
1
1
1
1
1
1
1
1
1
1
1
1
1
1
1
1
1
1
1
1
1
1
1
1
1
1
1
1
1
1
1
1
1
1
1
1
1
1
1
1
1
1
1
1
1
1
1
1
1
1
1
1
1
1
1
1
1
1
1
1
1
1
1
1
1
1
1
1
1
1
1
1
1
1
1
1
1
1
1
1
1
1
1
1
1
1
1
1
1
1
1
1
1
1
1
1
1
1
1
1
1
1
1
1
1
1
1
1
1
1
1
1
1
1
1
1
1
1
1
1
1
1
1
1
1
1
1
1
1
1
1
1
1
1
1
1
1
1
1
1
1
1
1
1
1
1
1
1
1
1
1
1
1
1
1
1
1
1
1
1
1
1
1
1
1
1
1
1
1
1
1
1
1
1
1
1
1
1
1
1
1
1
1
1
1
1
1
1
1
1
1
1
1
1
1
1
1
1
1
1
1
1
1
1
1
1
1
1
1
1
1
1
1
1
1
1
1
1
1
1
1
1
1
1
1
1
1
1
1
1
1
1
1
1
1
1
1
1
1
1
1
1
1
1
1
1
1
1
1
1
1
1
1
1
1
1
1
1
1
1
1
1
1
1
1
1
1
1
1
1
1
1
1
1
1
1
1
1
1
1
1
1
1
1
1
1
1
1
1
1
1
1
1
1
1
1
1
1
1
1
1
1
1
1
1
1
1
1
1
1
1
1
1
1
1
1
1
1
1
1
1
1
1
1
1
1
1
1
1
1
1
1
1
1
1
1
1
1
1
1
1
1
1
1
1
1
1
1
1
1
1
1
1
1
1
1
1
1
1
1
1
1
1
1
1
1
1
1
1
1
1
1
1
1
1
1
1
1
1
1
1
1
1
1
1
1
1
1
1
1
1
1
1
1
1
1
1
1
1
1
1
1
1
1
1
1
1
1
1
1
1
1
1
1
1
1
1
1
1
1
1
1
1
1
1
1
1
1
1
1
1
1
1
1
1
1
1
1
1
1
1
1
1
1
1
1
1
0.99999999
0.99999988
0.99999953
0.99999899
0.99999861
0.99999863
0.99999864
0.99999867
0.9999987
0.99999874
0.99999879
0.99999883
0.99999888
0.99999893
0.99999897
0.99999902
0.99999906
0.9999991
0.99999913
0.99999916
0.99999918
0.9999992
0.99999922
0.99999923
0.99999924
0.99999925
0.99999925
0.99999925
0.99999925
0.99999926
0.99999926
0.99999926
0.99999927
0.99999928
0.99999929
0.9999993
0.99999931
0.99999933
0.99999935
0.99999936
0.99999938
0.9999994
0.99999942
0.99999944
0.99999945
0.99999947
0.99999948
0.99999949
0.9999995
0.99999951
0.99999952
0.99999952
0.99999953
0.99999953
0.99999953
0.99999954
0.99999954
0.99999954
0.99999954
0.99999955
0.99999955
0.99999956
0.99999956
0.99999957
0.99999958
0.99999958
0.99999959
0.9999996
0.99999961
0.99999962
0.99999962
0.99999963
0.99999964
0.99999965
0.99999965
0.99999966
0.99999966
0.99999967
0.99999967
0.99999967
0.99999968
0.99999968
0.99999968
0.99999969
0.99999969
0.99999969
0.99999969
0.9999997
0.9999997
0.9999997
0.9999997
0.99999971
0.99999971
0.99999972
0.99999972
0.99999972
0.99999973
0.99999973
0.99999974
0.99999974
0.99999974
0.99999975
0.99999975
0.99999975
0.99999976
0.99999976
0.99999976
0.99999977
0.99999977
0.99999977
0.99999977
0.99999977
0.99999978
0.99999978
0.99999978
0.99999978
0.99999978
0.99999979
0.99999979
0.99999979
0.99999979
0.99999979
0.9999998
0.9999998
0.9999998
0.9999998
0.99999981
0.99999981
0.99999981
0.99999981
0.99999982
0.99999982
0.99999982
0.99999982
0.99999982
0.99999982
0.99999983
0.99999983
0.99999983
0.99999983
0.99999983
0.99999983
0.99999983
0.99999984
0.99999984
0.99999984
0.99999984
0.99999984
0.99999984
0.99999984
0.99999985
0.99999985
0.99999985
0.99999985
0.99999985
0.99999985
0.99999986
0.99999986
1
1
1
1
1
1
1
1
1
1
1
1
1
1
1
1
1
1
1
0.9999981
0.99999259
0.99999268
0.99999282
0.99999303
0.99999329
0.9999936
0.99999395
0.99999431
0.99999468
0.99999504
0.99999538
0.99999569
0.99999597
0.99999622
0.99999643
0.99999661
0.99999675
0.99999686
0.99999694
0.99999699
0.99999701
0.99999702
0.99999367
0.99997563
0.99994353
0.9998998
0.99985243
0.99981636
0.99981091
0.99981372
0.9998178
0.99982301
0.99982913
0.99983591
0.99984307
0.99985035
0.99985753
0.99986442
0.99987087
0.99987679
0.9998821
0.99988677
0.99989079
0.99989415
0.9998969
0.99989905
0.99990067
0.99990182
0.99990256
0.99990299
0.99990322
0.99990334
0.99990025
0.9998976
0.9998981
0.99989892
0.99990009
0.99990163
0.99990352
0.99990574
0.9999082
0.99991085
0.9999136
0.99991638
0.99991912
0.99992177
0.99992427
0.9999266
0.99992872
0.99993062
0.99993229
0.99993374
0.99993498
0.99993601
0.99993686
0.99993756
0.99993813
0.9999386
0.99993902
0.99993942
0.99993983
0.99994029
0.99994082
0.99994143
0.99994215
0.99994297
0.9999439
0.99994491
0.99994599
0.99994713
0.9999483
0.99994947
0.99995064
0.99995177
0.99995285
0.99995388
0.99995484
0.99995572
0.99995652
0.99995725
0.9999579
0.99995848
0.999959
0.99995946
0.99995989
0.99996028
0.99996065
0.99996101
0.99996138
0.99996176
0.99996215
0.99996258
0.99996303
0.99996351
0.99996401
0.99996455
0.9999651
0.99996567
0.99996624
0.99996682
0.99996739
0.99996795
0.99996849
0.99996901
0.9999695
0.99996997
0.99997041
0.99997082
0.9999712
0.99997156
0.9999719
0.99997221
0.99997251
0.9999728
0.99997307
0.99997335
0.99997362
0.99997389
0.99997417
0.99997445
0.99997474
0.99997503
0.99997534
0.99997565
0.99997596
0.99997628
0.9999766
0.99997692
0.99997723
0.99997754
0.99997784
0.99997813
0.99997842
0.99997869
0.99997895
0.9999792
0.99997944
0.99997967
0.99997989
0.99998011
0.99998031
0.99998051
0.99998071
0.9999809
0.9999811
0.99998129
0.99998148
0.99998167
0.99998186
0.99998206
0.99998225
0.99998245
0.99998265
0.99998284
0.99998304
0.99998323
0.99998343
0.99998362
0.99998381
0.99998399
0.99999763
0.99999514
0.99999263
0.99999021
0.99998808
0.99998645
0.99998546
0.99998508
0.99998518
0.9999856
0.99998619
0.9999868
0.99998735
0.99998777
0.99998802
0.99998808
0.99998793
0.99998759
0.99998708
0.99869624
0.99661449
0.99455633
0.99341983
0.99359761
0.99385372
0.99417357
0.99453692
0.99492264
0.99531179
0.99568911
0.99604345
0.99636746
0.996657
0.99691037
0.99712758
0.99730975
0.99745866
0.99757636
0.997665
0.99772675
0.99776388
0.99777892
0.99777872
0.99758622
0.99709937
0.9963956
0.99556941
0.99474028
0.99405369
0.99370978
0.99380532
0.99395247
0.99414422
0.99437048
0.9946199
0.99488125
0.99514447
0.99540117
0.99564483
0.9958707
0.99607564
0.99625781
0.99641641
0.99655141
0.99666336
0.99675328
0.99682254
0.99687286
0.99690635
0.99692557
0.99693354
0.99693382
0.99687018
0.99676263
0.9966509
0.99658273
0.99660147
0.99663863
0.99669056
0.99675655
0.99683486
0.99692297
0.99701799
0.99711688
0.9972168
0.99731519
0.9974099
0.99749923
0.99758191
0.99765707
0.99772422
0.99778318
0.99783401
0.99787706
0.99791283
0.99794206
0.99796564
0.99798462
0.99800016
0.99801354
0.99802606
0.99803899
0.99805349
0.99807054
0.99809085
0.99811485
0.99814268
0.99817414
0.99820883
0.99824613
0.99828531
0.99832558
0.99836615
0.99840628
0.99844531
0.99848269
0.99851798
0.99855086
0.99858114
0.99860871
0.99863358
0.99865588
0.99867577
0.99869351
0.99870941
0.99872384
0.99873719
0.99874984
0.99876219
0.99877461
0.99878742
0.99880088
0.99881518
0.99883042
0.99884663
0.99886378
0.99888173
0.99890035
0.99891941
0.9989387
0.998958
0.99897709
0.99899576
0.99901384
0.99903118
0.99904769
0.99906329
0.99907795
0.99909167
0.99910449
0.99911647
0.99912769
0.99913825
0.99914829
0.99915791
0.99916725
0.99917643
0.99918556
0.99919473
0.99920402
0.99921349
0.99922316
0.99923305
0.99924314
0.99925341
0.9992638
0.99927425
0.99928472
0.99929512
0.99930539
0.99931547
0.99932532
0.99933487
0.99934411
0.999353
0.99936154
0.99936974
0.99937759
0.99938513
0.99939238
0.99939937
0.99940615
0.99941276
0.99941923
0.99942561
0.99943192
0.99943821
0.99944449
0.99945079
0.9994571
0.99946344
0.99946981
0.99947619
0.99948257
0.99948894
0.99949528
0.99950157
0.99950779
0.99951394
0.99951993
0.48101103
0.47774784
0.47935429
0.48623947
0.50768506
0.54735649
0.60033067
0.65629304
0.70955367
0.75656978
0.79592211
0.82762729
0.8524294
0.87130552
0.88519482
0.89488898
0.90100271
0.90398683
0.90424432
0.90253662
0.89796605
0.89096011
0.88224333
0.87414886
0.87154334
0.87675633
0.8843037
0.89282026
0.90166478
0.91034865
0.91853702
0.92602548
0.93270985
0.93855717
0.94358125
0.9478235
0.95133871
0.95418513
0.95641784
0.95808496
0.95922658
0.95987646
0.96006858
0.96006823
0.95942399
0.95770828
0.95512543
0.95195134
0.94855267
0.94538348
0.94301856
0.94248048
0.94375365
0.94553126
0.94769274
0.95010561
0.95264355
0.9551973
0.95767944
0.96002481
0.96218842
0.96414209
0.96587082
0.96736933
0.96863928
0.96968707
0.97052235
0.97115732
0.97160665
0.97188806
0.97202337
0.97203968
0.97193086
0.9715191
0.97091564
0.97024585
0.96964562
0.96936794
0.96957038
0.96998132
0.97053895
0.97122616
0.97201761
0.97288354
0.97379319
0.97471745
0.97563055
0.97651105
0.97734206
0.97811113
0.97880979
0.97943306
0.97997894
0.98044791
0.98084262
0.9811676
0.98142914
0.98163519
0.98179525
0.98192019
0.98202202
0.98211335
0.9822068
0.98231415
0.98244554
0.98260873
0.98280853
0.98304666
0.98332184
0.98363018
0.98396582
0.9843216
0.98468974
0.98506247
0.98543248
0.98579327
0.98613938
0.98646645
0.98677131
0.98705189
0.98730716
0.98753709
0.98774249
0.98792498
0.98808685
0.98823096
0.98836063
0.98847949
0.98859134
0.98869995
0.98880888
0.98892128
0.98903977
0.98916626
0.9893019
0.98944707
0.9896014
0.98976388
0.98993298
0.99010682
0.99028329
0.99046021
0.9906355
0.99080723
0.99097372
0.99113359
0.9912858
0.99142968
0.99156488
0.99169137
0.99180945
0.99191967
0.9920228
0.99211981
0.99221177
0.99229986
0.99238524
0.99246906
0.99255236
0.99263604
0.99272083
0.99280725
0.99289562
0.99298604
0.99307838
0.99317238
0.9932676
0.99336352
0.99345954
0.99355505
0.99364943
0.99374211
0.99383261
0.9939205
0.99400548
0.99408735
0.99416602
0.99424148
0.99431386
0.99438333
0.99445017
0.99451469
0.99457724
0.99463819
0.99469791
0.99475676
0.99481505
0.99487306
0.99493101
0.99498906
0.9950473
0.99510576
0.99516442
0.99522321
0.995282
0.99534065
0.99539902
0.99545689
0.99551429
0.99557038
0.27774849
0.31176664
0.35104863
0.38761816
0.42338405
0.45285897
0.47690062
0.50999141
0.55654377
0.60682271
0.65460794
0.69686521
0.7325793
0.76180118
0.78502469
0.80282026
0.81559744
0.82341351
0.82596185
0.82454341
0.81668864
0.79809308
0.76768062
0.73003783
0.69298272
0.6638534
0.65537142
0.66863196
0.68861068
0.71050737
0.73265472
0.75394915
0.77372088
0.79161177
0.80747603
0.82130394
0.8331654
0.84316907
0.85143295
0.8580646
0.86314718
0.86673336
0.86884794
0.86950876
0.86950832
0.8678716
0.8635889
0.85708086
0.84897958
0.84011904
0.83148175
0.8241034
0.8193734
0.81962684
0.82392557
0.82965905
0.83639053
0.84369476
0.85120024
0.85860723
0.86568965
0.87228776
0.8782969
0.88365532
0.88833291
0.89232179
0.89562903
0.89827175
0.90027447
0.90166899
0.90249659
0.90281257
0.90281222
0.90226098
0.90097426
0.8991802
0.89714447
0.89515848
0.89352239
0.89294094
0.89377411
0.89527662
0.89726881
0.89966884
0.90237518
0.9052797
0.90827796
0.91127612
0.91419473
0.91697006
0.91955374
0.92191141
0.924021
0.92587085
0.92745822
0.92878799
0.92987191
0.93072818
0.93138126
0.93186179
0.93220632
0.93245661
0.93265816
0.93285791
0.93310128
0.9334287
0.93387254
0.93445462
0.93518501
0.93606205
0.93707367
0.93819954
0.9394137
0.94068723
0.94199059
0.94329563
0.94457691
0.94581265
0.94698519
0.94808111
0.9490912
0.95001021
0.95083657
0.95157212
0.95222174
0.95279306
0.95329611
0.95374287
0.95414683
0.95452238
0.95488411
0.95524612
0.95562119
0.95602012
0.95645115
0.95691955
0.95742754
0.95797431
0.95855643
0.95916827
0.95980262
0.9604513
0.96110572
0.96175748
0.96239873
0.96302257
0.96362323
0.96419623
0.96473846
0.96524816
0.96572488
0.96616941
0.96658362
0.96697032
0.96733312
0.96767618
0.96800405
0.96832137
0.96863274
0.96894238
0.96925405
0.9695708
0.96989487
0.97022767
0.97056969
0.97092064
0.97127945
0.97164448
0.97201362
0.97238446
0.97275448
0.97312117
0.97348216
0.97383538
0.97417905
0.97451184
0.97483281
0.97514149
0.97543783
0.97572217
0.97599522
0.97625798
0.97651169
0.97675776
0.97699767
0.97723292
0.97746495
0.97769507
0.97792442
0.97815391
0.9783842
0.97861569
0.97884854
0.97908264
0.97931771
0.97955326
0.97978875
0.9800233
0.98025706
0.98048654
0.27168117
0.31175948
0.35818178
0.41176412
0.46842941
0.52303226
0.56375392
0.56489862
0.56100827
0.5831325
0.6163184
0.65146463
0.68443149
0.71361709
0.73851313
0.7588869
0.77441083
0.78452431
0.78856524
0.78200367
0.75403659
0.70021869
0.62712388
0.54713137
0.47232866
0.41088813
0.36627636
0.33869409
0.34284112
0.37364117
0.41163108
0.45215893
0.49224042
0.53011565
0.56484806
0.59602469
0.62354664
0.64748663
0.66799163
0.68521893
0.69929286
0.71027611
0.71815891
0.72285928
0.72428038
0.72428013
0.72025653
0.71201828
0.70034554
0.68634653
0.67135885
0.65681397
0.64408124
0.63435123
0.62991222
0.63390085
0.64273188
0.65405669
0.66698603
0.68071937
0.69459643
0.70810756
0.72088129
0.7326617
0.74328319
0.75264699
0.76070128
0.7674257
0.7728206
0.77690122
0.77969732
0.78125796
0.78166569
0.78166543
0.78020579
0.7775
0.77390578
0.76984456
0.76577697
0.76216953
0.75946074
0.7590415
0.7612875
0.76468274
0.76907054
0.7742393
0.77995379
0.78598038
0.79210454
0.79814087
0.80393722
0.80937462
0.81436489
0.81884695
0.82278307
0.82615547
0.82896376
0.83122336
0.83296481
0.83423382
0.83509163
0.83561508
0.83589562
0.83599869
0.8358241
0.83565345
0.83576386
0.83640845
0.83738731
0.8387312
0.84044472
0.84250575
0.84487025
0.84747855
0.85026196
0.85314883
0.85606953
0.85896021
0.86176517
0.86443825
0.86694339
0.86925453
0.87135524
0.87323819
0.87490442
0.87636278
0.87762922
0.87872602
0.87968099
0.8805263
0.8812972
0.88203027
0.88276157
0.88352463
0.88434844
0.88525587
0.88626243
0.88737572
0.88859552
0.88991448
0.8913193
0.89279218
0.89431242
0.89585797
0.89740685
0.89893833
0.9004338
0.90187749
0.90325685
0.90456279
0.9057897
0.9069354
0.90800094
0.90899033
0.90991016
0.91076923
0.911578
0.91234808
0.91309159
0.91382063
0.91454657
0.91527959
0.91602812
0.91679854
0.91759496
0.91841913
0.91927055
0.92014669
0.92104332
0.9219549
0.92287504
0.92379692
0.92471367
0.92561881
0.92650648
0.92737172
0.9282106
0.92902035
0.92979939
0.93054731
0.93126479
0.93195353
0.93261604
0.93325553
0.9338757
0.9344805
0.93507399
0.93566006
0.93624232
0.93682389
0.93740733
0.93799449
0.93858652
0.93918388
0.93978636
0.94039309
0.94100296
0.94161371
0.9422257
0.94283018
0.25891675
0.29610374
0.34245577
0.39958991
0.46290065
0.52303688
0.56960404
0.59466262
0.59882379
0.60621733
0.62646303
0.6520634
0.68443157
0.70787512
0.72833957
0.74527536
0.75781871
0.76525556
0.75865905
0.71188538
0.63402013
0.53890521
0.44034554
0.34907404
0.27184023
0.21148648
0.16766391
0.13815512
0.1201668
0.1134147
0.13258264
0.16721351
0.20913904
0.25403791
0.29896397
0.34204356
0.38215667
0.41867715
0.45127621
0.47978303
0.50408792
0.52407555
0.53958868
0.55040341
0.55624926
0.55691682
0.55455869
0.54695856
0.5348466
0.51934187
0.50182476
0.48378754
0.46668181
0.45180074
0.44018583
0.43258038
0.43313021
0.44193714
0.45475516
0.47043187
0.48785285
0.50604636
0.52422242
0.54177167
0.55824357
0.57331654
0.58676785
0.59844674
0.60825274
0.6161207
0.6220124
0.62591632
0.62785824
0.62792776
0.62708192
0.62432123
0.62000606
0.61460031
0.60864015
0.60269391
0.59732114
0.59303358
0.59037189
0.59144665
0.59536851
0.60097122
0.60795392
0.61596196
0.62462934
0.6336096
0.64259477
0.65132458
0.65958849
0.66722333
0.67410877
0.68016207
0.68533338
0.68960211
0.69297489
0.69548507
0.69719333
0.69818932
0.69859217
0.69846958
0.69779165
0.69677025
0.69563427
0.69461623
0.69438655
0.69527026
0.69695017
0.69930389
0.7023049
0.7058851
0.70994549
0.71436782
0.71902571
0.7237939
0.7285554
0.73320628
0.73765855
0.74184151
0.745702
0.74920402
0.75232797
0.75506974
0.7574398
0.7594622
0.76117352
0.76262143
0.76386298
0.76496214
0.76598681
0.7670053
0.76808232
0.76927511
0.77062998
0.77217972
0.77394215
0.77591999
0.77810187
0.78046448
0.78297518
0.7855951
0.7882821
0.79099358
0.79368877
0.79633065
0.79888725
0.80133264
0.80364736
0.8058187
0.80784061
0.80971342
0.81144336
0.81304202
0.81452552
0.8159136
0.8172286
0.81849426
0.81973453
0.82097231
0.82222827
0.82351989
0.82486058
0.82625927
0.82772013
0.82924275
0.83082251
0.83245122
0.8341179
0.83580967
0.83751262
0.83921268
0.84089635
0.84255133
0.84416706
0.84573507
0.84724919
0.84870567
0.85010318
0.85144266
0.85272717
0.85396156
0.85515213
0.8563063
0.85743211
0.85853782
0.85963152
0.86072069
0.86181188
0.86291044
0.86402033
0.86514403
0.86628252
0.8674353
0.86860096
0.86977556
0.87095967
0.87213822
0.23196095
0.25079512
0.27744112
0.31903262
0.37672038
0.44469541
0.5157279
0.58052909
0.62928591
0.65452938
0.66264529
0.67683416
0.69503373
0.71059885
0.72832763
0.74013459
0.74705917
0.69648057
0.59846535
0.49226827
0.39144912
0.30243375
0.22772446
0.16763306
0.12124719
0.086950015
0.06271614
0.046389965
0.035959742
0.029762929
0.02659791
0.033485471
0.052825969
0.08102001
0.11510985
0.15236692
0.19057808
0.22806078
0.26356928
0.2961797
0.32518295
0.35000257
0.37013936
0.38511815
0.39451372
0.3979552
0.39698589
0.39093177
0.38041797
0.36641849
0.35012813
0.33283116
0.31578005
0.30010073
0.28672662
0.27636387
0.26949095
0.2679668
0.27489311
0.28634205
0.30129269
0.31865482
0.3374009
0.35663482
0.37561505
0.39374974
0.41057798
0.42574564
0.43898179
0.45007908
0.45887994
0.46526994
0.46918301
0.47061738
0.4706175
0.46843299
0.46430027
0.45865468
0.45202376
0.44498339
0.43811376
0.43196053
0.42700063
0.42361955
0.4232681
0.42675506
0.43235923
0.43976389
0.44857045
0.4583488
0.46867647
0.47916475
0.48947345
0.49931674
0.50846338
0.51673341
0.52399389
0.53015452
0.53516455
0.53901133
0.54172036
0.54335786
0.54403197
0.54399463
0.54314392
0.5416933
0.53988674
0.53798352
0.53624184
0.53490377
0.53478941
0.53628671
0.53871479
0.54205237
0.54622001
0.5510933
0.55651791
0.56232447
0.5683414
0.57440506
0.58036703
0.58609877
0.59149418
0.59647067
0.60096923
0.60495397
0.60841133
0.61134921
0.61379593
0.61579897
0.61742322
0.61874856
0.61986653
0.62087594
0.62187757
0.62296828
0.62423501
0.62574941
0.62756366
0.62970795
0.63218992
0.63499583
0.63809342
0.64143572
0.6449655
0.64861978
0.65233394
0.65604543
0.65969666
0.66323718
0.6666253
0.66982901
0.67282644
0.67560598
0.67816593
0.680514
0.68266646
0.684647
0.68648542
0.68821601
0.68987572
0.69150225
0.69313199
0.69479817
0.69652913
0.69834696
0.70026663
0.70229556
0.70443373
0.70667426
0.70900439
0.71140669
0.71386044
0.7163431
0.71883164
0.7213038
0.72373918
0.72612002
0.7284319
0.73066411
0.73280991
0.73486649
0.73683486
0.73871953
0.74052808
0.74227059
0.74395905
0.74560663
0.74722696
0.74883341
0.75043846
0.75205306
0.75368619
0.75534449
0.75703214
0.75875063
0.76049957
0.76227424
0.76407532
0.7658847
0.15698772
0.15698372
0.15698423
0.15989087
0.18256497
0.21891483
0.26712033
0.32535381
0.39068712
0.45943364
0.52807676
0.57654544
0.60119025
0.59897217
0.53261672
0.45471233
0.35133906
0.26483977
0.19920944
0.14880218
0.11013284
0.080667034
0.05842647
0.041834722
0.029636806
0.020836201
0.014636555
0.01039582
0.0075957003
0.0058265774
0.0047829807
0.0042561042
0.0064771812
0.015046406
0.03026463
0.051287142
0.076560974
0.10434555
0.13298905
0.16103851
0.18725563
0.21060379
0.23021592
0.24535715
0.25544898
0.26003051
0.25963561
0.25522756
0.24729781
0.23658185
0.22395875
0.21035876
0.19668436
0.18374942
0.17223684
0.1626767
0.15544783
0.15078881
0.14956133
0.15477905
0.1640109
0.17655197
0.19156309
0.20818073
0.22558986
0.24306309
0.25997505
0.27580086
0.29010643
0.30253694
0.31280519
0.32068643
0.32601859
0.32871046
0.32878684
0.32738543
0.32405125
0.31913943
0.31309776
0.30642497
0.2996304
0.29319946
0.28756632
0.28309563
0.28007052
0.27921251
0.28205937
0.28707153
0.29396605
0.30236959
0.31186436
0.32202596
0.33245086
0.34277389
0.35267736
0.36189458
0.37020972
0.37745596
0.38351371
0.3883091
0.3918141
0.39404866
0.39508218
0.39508236
0.39429054
0.39276221
0.39071943
0.38840703
0.38607651
0.38397103
0.38231214
0.38135305
0.38217496
0.38430222
0.38747167
0.39160219
0.39656125
0.40218065
0.40827232
0.41464245
0.42110302
0.42748047
0.43362163
0.43939744
0.444705
0.44946846
0.45363922
0.45719561
0.46014238
0.46250981
0.46435239
0.46574678
0.46678886
0.46758955
0.46826933
0.46895159
0.46975535
0.47078792
0.47213836
0.47387224
0.47602838
0.47861798
0.48162584
0.48501357
0.48872416
0.49268724
0.49682455
0.50105513
0.50529979
0.50948493
0.51354543
0.51742677
0.52108645
0.52449478
0.52763515
0.53050383
0.53310945
0.53547195
0.53762132
0.5395958
0.54143986
0.54320176
0.54493105
0.54667578
0.54848004
0.55038156
0.55240991
0.55458525
0.55691771
0.55940746
0.56204549
0.56481479
0.567692
0.57064922
0.57365594
0.57668084
0.57969354
0.58266599
0.5855737
0.58839659
0.59111965
0.59373321
0.59623306
0.59862026
0.60090072
0.60308468
0.60518593
0.60722094
0.60920789
0.61116568
0.61311289
0.61506685
0.61704279
0.61905316
0.62110713
0.6232102
0.6253648
0.62756752
0.62981925
0.63210601
0.10614546
0.055788221
0.01614123
0.016128876
0.015836584
0.014211676
0.012351038
0.010691199
0.009384158
0.0083440147
0.0075131034
0.0068270633
0.0058732468
0.0054112194
0.0049893772
0.0045879235
0.0041977517
0.003816553
0.003445289
0.0030867199
0.0027443833
0.0024217603
0.0021217289
0.0018463227
0.0015967733
0.0013737419
0.0011776009
0.0010086878
0.00086741617
0.00075416491
0.00066910045
0.0006120477
0.00058251781
0.0013847176
0.0049022996
0.012317354
0.023861865
0.038939808
0.056469075
0.075177758
0.093791359
0.11114195
0.12621506
0.13816349
0.14634263
0.15028474
0.14991396
0.14698096
0.14181965
0.13489734
0.12675318
0.11794625
0.10901381
0.10043968
0.092632293
0.085913048
0.080516442
0.07659978
0.074256371
0.074342879
0.078334517
0.085306153
0.094874156
0.10650852
0.11959781
0.1335069
0.14761998
0.16136726
0.1742396
0.18579462
0.19565724
0.20352303
0.20915717
0.21240768
0.21322595
0.21245125
0.21005587
0.20630338
0.20153486
0.19613384
0.19049342
0.18498946
0.17996046
0.17569508
0.17242569
0.17032449
0.16988611
0.17224984
0.17647768
0.18234831
0.18956097
0.19776792
0.20660373
0.21570877
0.22474611
0.23341277
0.24144632
0.24862817
0.25478566
0.25979268
0.26357137
0.26609358
0.26738316
0.26752361
0.26690718
0.26556599
0.26367916
0.26144991
0.25909148
0.25681385
0.25481256
0.25325944
0.25229538
0.25272658
0.25445556
0.25719194
0.26085942
0.26533384
0.27045651
0.27604807
0.28192128
0.28789184
0.29378704
0.29945211
0.30475468
0.30958773
0.31387131
0.31755358
0.32061109
0.32304871
0.32489884
0.32621999
0.3270945
0.32762489
0.32792904
0.32799627
0.32804766
0.32831389
0.32896726
0.32997673
0.33140915
0.33330356
0.33567023
0.338492
0.34172753
0.34531584
0.34918175
0.35324143
0.35740777
0.3615952
0.36572369
0.36972205
0.37353034
0.37710158
0.38040281
0.38341556
0.38613577
0.38857327
0.39075076
0.39270228
0.39447129
0.39610825
0.39766793
0.39920641
0.40077801
0.40243237
0.40421185
0.40614945
0.40826737
0.41057641
0.41307602
0.41575518
0.41859375
0.42156435
0.4246344
0.42776829
0.43092951
0.43408259
0.43719477
0.44023742
0.44318707
0.44602619
0.44874356
0.45133442
0.45380026
0.45614838
0.4583912
0.46054539
0.46263081
0.46466934
0.46668363
0.46869594
0.4707269
0.47279454
0.47491349
0.47709417
0.47934315
0.48166046
0.48404755
0.48650164
0.091980734
0.045398147
0.020300644
0.025211763
0.023575126
0.020250722
0.016822924
0.013745335
0.011412923
0.0095248611
0.0080019183
0.0067723313
0.0057739343
0.004953786
0.0042693477
0.0036884542
0.0031881141
0.0027524748
0.0023708151
0.0020358512
0.0017424109
0.0014864805
0.0012645912
0.0010734901
0.00091002835
0.00077118831
0.00065417643
0.00055653838
0.00047625303
0.00041176851
0.00036198981
0.00032619895
0.00030398426
0.000295128
0.00061039404
0.002041684
0.005397219
0.011062569
0.018882569
0.028278991
0.038435279
0.048461401
0.057510432
0.064846285
0.069904307
0.072294712
0.071899634
0.070255882
0.067536848
0.063971128
0.059815004
0.055330281
0.050767022
0.046350758
0.042273279
0.038687673
0.035708426
0.03341433
0.03185725
0.031069936
0.032084621
0.035040547
0.039908005
0.046535666
0.054644517
0.063854328
0.073721705
0.083777655
0.09355951
0.10263435
0.11061566
0.11717657
0.12205583
0.12507595
0.12614771
0.12576844
0.12423248
0.12171495
0.11844587
0.11468459
0.11069662
0.10673515
0.10302812
0.099770667
0.097121737
0.095203969
0.094104274
0.09442744
0.096465294
0.099898919
0.10457002
0.11026088
0.11671281
0.12364497
0.13077156
0.13781629
0.14452372
0.15066761
0.15605733
0.16054186
0.16401422
0.16641317
0.16772679
0.1679979
0.16756987
0.16654062
0.16504031
0.16321976
0.16123918
0.15925791
0.15742598
0.15587736
0.15472518
0.15405825
0.15447632
0.15588467
0.15813876
0.16117011
0.16487241
0.16911128
0.17373457
0.17858222
0.18349514
0.18832264
0.19292839
0.19719503
0.20102753
0.2043555
0.2071347
0.20934781
0.21100442
0.21214023
0.21281544
0.21311196
0.2130018
0.21270685
0.21233073
0.21196064
0.21172289
0.2119244
0.21259633
0.21367776
0.21519933
0.21716589
0.21955787
0.22233422
0.22543643
0.22879325
0.23232563
0.23595153
0.23959029
0.24316643
0.24661277
0.24987283
0.25290266
0.25567194
0.25816455
0.26037858
0.26232579
0.26403056
0.26552833
0.26686359
0.26808734
0.26925438
0.27042023
0.27163815
0.27295629
0.27441515
0.27604571
0.27786809
0.27989106
0.28211222
0.28451886
0.28708943
0.28979529
0.29260283
0.29547558
0.29837636
0.30126914
0.30412082
0.3069026
0.30959107
0.31216898
0.31462569
0.31695723
0.31916615
0.32126099
0.32325558
0.32516807
0.32701982
0.32883408
0.33063479
0.33244517
0.33428659
0.33617747
0.33813236
0.34016168
0.34226978
0.34445899
0.34674035
0.091429316
0.045400564
0.033636638
0.029552361
0.025003171
0.020672931
0.0168233
0.013524698
0.010774236
0.0085373375
0.0067568883
0.0053611093
0.0042750973
0.0034303317
0.0027696084
0.0022481469
0.0018323949
0.001497815
0.0012265944
0.0010057034
0.00082541377
0.00067825104
0.00055829505
0.00046073641
0.00038160557
0.00031760852
0.00026602346
0.00022463129
0.00019166258
0.00016575039
0.0001458858
0.00013137154
0.00012177827
0.00011687205
0.00012636777
0.00026687484
0.00082853126
0.0021605021
0.0044742456
0.007735245
0.011674724
0.015870408
0.019843473
0.023137739
0.025385711
0.02634111
0.02609317
0.025424278
0.024393267
0.023075572
0.02155512
0.019917795
0.018246315
0.016616336
0.015093474
0.013731729
0.012572906
0.011647474
0.010977369
0.010577539
0.010459197
0.011387475
0.013343506
0.016379029
0.020466973
0.025482823
0.031210313
0.037363573
0.043616722
0.049632792
0.055089718
0.05970093
0.063229533
0.065507292
0.066438061
0.066270096
0.065408178
0.063952699
0.062036874
0.059811168
0.057429363
0.055037668
0.052767342
0.050730514
0.049018992
0.047704575
0.046840305
0.04646186
0.047184279
0.04887989
0.051492964
0.054922005
0.059024669
0.063626047
0.068529377
0.073527841
0.0784161
0.083000734
0.087109243
0.090596836
0.093353023
0.095304631
0.096420468
0.096714558
0.096441645
0.095742009
0.094700503
0.093416779
0.091997391
0.090548755
0.089171459
0.087956022
0.08697992
0.08630571
0.085979667
0.086487495
0.087644568
0.08942471
0.091770809
0.094599701
0.097808206
0.10127981
0.10489147
0.10852011
0.11204855
0.11537053
0.11839495
0.12104911
0.12328114
0.12506149
0.12638367
0.12726408
0.1277409
0.1278723
0.12770189
0.12738759
0.12699085
0.1265746
0.12619994
0.12592308
0.12591618
0.12634749
0.12712391
0.12826343
0.12976427
0.13160616
0.13375254
0.13615363
0.13874994
0.14147606
0.14426433
0.14704842
0.1497664
0.15236342
0.15479384
0.15702286
0.1590275
0.16079718
0.16233364
0.16365042
0.16477176
0.16573115
0.16656929
0.16733187
0.16806699
0.16882254
0.16964366
0.17057032
0.17163539
0.17286311
0.17426822
0.17585561
0.17762064
0.17954997
0.18162284
0.18381264
0.18608874
0.1884183
0.19076811
0.19310631
0.19540384
0.19763572
0.19978201
0.20182848
0.20376696
0.20559544
0.2073178
0.20894336
0.21048613
0.21196386
0.21339701
0.21480748
0.21621745
0.21764815
0.21911877
0.22064546
0.22224074
0.22391226
0.22566328
0.22751534
0.05342703
0.037718439
0.02853685
0.021961246
0.016942779
0.013028108
0.0099511197
0.0075381153
0.005664294
0.0042303386
0.0031502048
0.0023473602
0.0017556533
0.0013208079
0.0010005526
0.00076332591
0.00058624351
0.00045298071
0.00035194839
0.00027488215
0.00021582286
0.00017041115
0.0001354109
0.00010838969
8.7502879e-05
7.1344492e-05
5.8841525e-05
4.9177173e-05
4.1733889e-05
3.6050329e-05
3.1788504e-05
2.8707969e-05
2.6645219e-05
2.5494928e-05
2.5190984e-05
3.4053327e-05
8.7579312e-05
0.00026909459
0.0006809201
0.0013857869
0.0023643872
0.0035116116
0.0046643231
0.0056420299
0.0062868575
0.0064953955
0.0064155139
0.0062463892
0.0059995617
0.0056900167
0.0053347226
0.0049514064
0.0045575658
0.0041696673
0.003802503
0.0034688074
0.0031789964
0.0029412984
0.002762134
0.0026463963
0.0025984013
0.0027892076
0.003363345
0.0044044675
0.0059810284
0.0081135927
0.010755785
0.013792899
0.017055001
0.020337599
0.023425344
0.026113319
0.02822452
0.029627279
0.030242037
0.030175352
0.029765623
0.029060739
0.028124968
0.027031141
0.025853683
0.024663227
0.023522972
0.022486775
0.02159874
0.020893426
0.020397133
0.020128491
0.020231696
0.020927812
0.022179835
0.023958704
0.026208732
0.028846899
0.03176561
0.034838646
0.037929205
0.040898958
0.043616966
0.045967384
0.047856729
0.049218153
0.05001634
0.050249735
0.050089329
0.049669251
0.049038675
0.048255755
0.04738276
0.046481828
0.045611648
0.044825067
0.044167545
0.043676325
0.043379757
0.043351687
0.043836198
0.044746004
0.046057187
0.04772739
0.049698131
0.051897964
0.05424634
0.056657948
0.059047221
0.061332713
0.063441111
0.065310655
0.066893915
0.068159724
0.069094305
0.069701659
0.070002823
0.07002102
0.069870052
0.069616902
0.069300331
0.068960424
0.068636395
0.068364709
0.068177541
0.068162718
0.068461894
0.069018796
0.069839954
0.070918614
0.072235702
0.073761393
0.075457152
0.077278107
0.079175624
0.081099915
0.083002561
0.084838829
0.086569686
0.088163439
0.089596962
0.090856471
0.091937827
0.092846392
0.093596421
0.094210044
0.09471588
0.095147349
0.095540764
0.095933333
0.096361152
0.09685734
0.097450393
0.098162862
0.099010426
0.10000138
0.1011366
0.10240982
0.10380845
0.10531451
0.10690588
0.10855772
0.11024385
0.11193815
0.11361589
0.11525488
0.11683642
0.11834607
0.11977412
0.12111585
0.12237151
0.12354608
0.12464882
0.12569256
0.12669289
0.12766726
0.12863393
0.12961099
0.13061537
0.131662
0.13276308
0.1339274
0.1351587
0.13648221
5.3020713e-07
8.8620406e-07
1.1049358e-06
1.2081634e-06
1.2207725e-06
1.1680686e-06
1.0723394e-06
9.5233215e-07
8.2326519e-07
6.9659979e-07
5.7992868e-07
4.7729785e-07
3.8995827e-07
3.173097e-07
2.5776633e-07
2.0939164e-07
1.7027914e-07
1.3873318e-07
1.1332397e-07
9.2877597e-08
7.6441049e-08
6.3243023e-08
5.26594e-08
4.4185331e-08
3.7413288e-08
3.2015681e-08
2.7730867e-08
2.435182e-08
2.1716928e-08
1.9702536e-08
1.8216862e-08
1.7194739e-08
1.6592638e-08
1.6383733e-08
1.6561385e-08
5.8983654e-07
4.0103448e-06
1.8670709e-05
6.1488576e-05
0.00015132777
0.00029660206
0.00048618545
0.00068946708
0.00086508487
0.00097340421
0.00098857189
0.00097619714
0.00095268629
0.00091923762
0.00087750074
0.00082942716
0.00077713789
0.0007228109
0.00066858316
0.0006164672
0.00056829346
0.00052566236
0.0004899455
0.0004623037
0.00044371132
0.00043505145
0.0004597037
0.000580128
0.00083652399
0.0012796873
0.0019540845
0.002879424
0.0040383083
0.0053738395
0.0067962409
0.0081958671
0.0094580367
0.010477385
0.011171355
0.011487911
0.011466439
0.011311433
0.011040504
0.010677774
0.010250917
0.0097884679
0.0093177058
0.0088631779
0.0084459341
0.0080832842
0.0077889313
0.0075734855
0.0074445889
0.0074073082
0.0076392733
0.0081440892
0.0089224762
0.0099638784
0.011242254
0.012713959
0.014318516
0.015982098
0.017623095
0.019158714
0.020511488
0.021615648
0.022421548
0.022899982
0.023044093
0.022961081
0.022746683
0.022424961
0.022024503
0.021575965
0.021109949
0.020655366
0.020238266
0.019881155
0.019602579
0.019416931
0.019334395
0.019487209
0.019886224
0.020524606
0.021385438
0.022441891
0.023657912
0.024989607
0.026387326
0.027798318
0.029169714
0.030451614
0.031599957
0.032579018
0.033363336
0.033938924
0.034303949
0.034468293
0.034443309
0.034339587
0.034175998
0.033973597
0.033754273
0.03353955
0.033349559
0.033202228
0.033112633
0.033152706
0.033372095
0.033758146
0.034310619
0.035021569
0.035875934
0.036852436
0.037924755
0.039062946
0.040235025
0.041408639
0.04255273
0.043639092
0.044643746
0.045548047
0.04633948
0.047012106
0.047566645
0.048010205
0.048355675
0.048620832
0.048827219
0.048998855
0.049160882
0.049338196
0.049554182
0.049829568
0.050181483
0.050622743
0.051161399
0.051800544
0.052538389
0.053368574
0.054280703
0.055261051
0.05629341
0.057360023
0.058442551
0.059523027
0.060584751
0.06161308
0.062596078
0.063525004
0.06439462
0.065203302
0.065952968
0.066648824
0.067298954
0.067913773
0.06850538
0.069086847
0.069671483
0.070272111
0.070900422
0.07156631
0.072277652
0.073037957
0.073869604
5.2513702e-12
1.3575864e-11
2.3178577e-11
3.2509273e-11
4.0411284e-11
4.6190915e-11
4.9573092e-11
5.0626555e-11
4.9675684e-11
4.7193679e-11
4.3693955e-11
3.9644175e-11
3.5416811e-11
3.1275453e-11
2.7385865e-11
2.3838242e-11
2.0670363e-11
1.7886506e-11
1.5470935e-11
1.3396812e-11
1.1631887e-11
1.0142148e-11
8.8941842e-12
7.8567079e-12
7.0014827e-12
6.3038221e-12
5.74278e-12
5.3011449e-12
4.9653221e-12
4.7251588e-12
4.5737329e-12
4.5070775e-12
4.5237687e-12
4.6243218e-12
4.8743531e-12
4.2930099e-09
1.0035119e-07
7.7281865e-07
3.4331468e-06
1.0378041e-05
2.3554318e-05
4.2786858e-05
6.4853277e-05
8.4255302e-05
9.5287965e-05
9.5232437e-05
9.4255817e-05
9.2382126e-05
8.9684585e-05
8.6275964e-05
8.2298725e-05
7.7915573e-05
7.3300869e-05
6.8632671e-05
6.4085674e-05
5.982584e-05
5.6005671e-05
5.2763167e-05
5.0221813e-05
4.8490642e-05
4.7669792e-05
4.9731142e-05
6.695181e-05
0.00011014818
0.00019742495
0.00035101417
0.00059032835
0.00092384655
0.001343365
0.00182272
0.0023212862
0.0027905347
0.0031820124
0.0034553573
0.0035839896
0.0035790794
0.0035325834
0.003449601
0.003337335
0.0032042018
0.003058999
0.0029102254
0.0027655968
0.0026317834
0.002514302
0.0024175647
0.0023450122
0.0022991644
0.0022818186
0.0023438213
0.0025141348
0.0027986834
0.003200868
0.0037181771
0.0043392818
0.0050425615
0.005796502
0.0065619577
0.0072957482
0.0079548493
0.0085008203
0.0089032849
0.0091431057
0.0092139777
0.0091765213
0.0090828414
0.0089430157
0.0087690573
0.0085738613
0.0083703037
0.0081705419
0.0079855316
0.0078247487
0.0076960169
0.0076054835
0.0075575729
0.0075832428
0.0077341183
0.0080065082
0.0083952874
0.0088905774
0.0094774438
0.010135976
0.01084189
0.011567684
0.01228423
0.012962679
0.013576406
0.014102833
0.014524949
0.014832335
0.015021819
0.015097334
0.01507719
0.015018294
0.014929578
0.014821047
0.014703132
0.014586111
0.01447963
0.01439231
0.014331464
0.01430288
0.01436637
0.014521243
0.014769011
0.015107147
0.015529223
0.016025182
0.016581769
0.017183139
0.017811628
0.018448659
0.019075734
0.019675442
0.020232405
0.020734101
0.021171505
0.021539506
0.021837072
0.022067168
0.022236445
0.022354716
0.022434276
0.022489127
0.022534138
0.022584238
0.022653653
0.022755243
0.022899927
0.023096253
0.023350093
0.023664475
0.02403956
0.024472737
0.024958852
0.025490539
0.026058655
0.026652792
0.027261837
0.027874564
0.028480212
0.029069028
0.029632743
0.030164951
0.030661381
0.031120041
0.031541233
0.03192745
0.032283153
0.032614451
0.032928709
0.033234104
0.033539161
0.033852275
0.034181307
0.03453309
0.034913405
0.035325029
0.035784042
5.2073921e-17
1.815718e-16
3.9131307e-16
6.6518229e-16
9.7497795e-16
1.2883598e-15
1.5751442e-15
1.8117685e-15
1.9839483e-15
2.0871388e-15
2.1249919e-15
2.1066889e-15
2.0441308e-15
1.9496723e-15
1.8346618e-15
1.708713e-15
1.5794818e-15
1.4527343e-15
1.3325593e-15
1.2216438e-15
1.1215655e-15
1.0330757e-15
9.5635481e-16
8.9122875e-16
8.3734401e-16
7.9430323e-16
7.6176691e-16
7.3952955e-16
7.2757677e-16
7.2612863e-16
7.356701e-16
7.569647e-16
7.9104124e-16
8.3914421e-16
1.1064689e-15
1.349699e-11
1.6708879e-09
2.2043063e-08
1.3382836e-07
4.9940634e-07
1.315884e-06
2.6553622e-06
4.3173754e-06
5.8434812e-06
6.7176125e-06
6.7188181e-06
6.677596e-06
6.5812468e-06
6.4327755e-06
6.2378383e-06
6.0042555e-06
5.7414918e-06
5.4601424e-06
5.1714306e-06
4.8867384e-06
4.6172265e-06
4.3735038e-06
4.1654729e-06
4.0022733e-06
3.8921435e-06
3.8426683e-06
4.0178752e-06
5.7328383e-06
1.0752981e-05
2.287644e-05
4.8186999e-05
9.3984115e-05
0.00016632691
0.00026714637
0.000392244
0.00053111148
0.00066857133
0.00078774353
0.00087350405
0.00091538736
0.00091488571
0.00090402368
0.00088395512
0.00085638139
0.00082334019
0.00078700089
0.0007494908
0.00071276673
0.00067854005
0.00064824091
0.00062302571
0.00060380081
0.00059124175
0.00058583732
0.00059901495
0.00064673336
0.00073263227
0.00086059643
0.001033171
0.0012497925
0.0015053663
0.00178964
0.0020876266
0.0023809947
0.0026501124
0.0028764641
0.0030447765
0.0031449336
0.0031730608
0.0031589654
0.0031248131
0.0030741216
0.0030111048
0.002940301
0.002866253
0.0027932581
0.0027251962
0.002665427
0.002616733
0.0025813131
0.0025607559
0.0025560338
0.002604276
0.0027043705
0.0028554789
0.0030550139
0.0032982001
0.0035777709
0.0038839385
0.004204714
0.0045265706
0.0048353853
0.0051175284
0.0053609525
0.0055561801
0.0056969958
0.0057809182
0.0058092408
0.0057978412
0.0057703338
0.0057303319
0.0056818956
0.0056292659
0.0055766296
0.0055279228
0.0054866747
0.0054558936
0.0054379759
0.005443086
0.0054948722
0.0055911839
0.0057315297
0.0059136526
0.0061335541
0.00638558
0.0066625984
0.0069562875
0.0072575333
0.0075569181
0.0078452619
0.008114173
0.008356557
0.0085670382
0.0087422595
0.0088810366
0.0089843604
0.0090552543
0.0090985044
0.0091202961
0.0091234161
0.0091168187
0.0091113437
0.0091173935
0.0091432658
0.0091903845
0.0092634836
0.0093659941
0.0094999483
0.0096659421
0.0098631523
0.010089408
0.010341316
0.010614443
0.010903544
0.011202837
0.011506306
0.01180802
0.012102444
0.012384735
0.012650979
0.01289839
0.013125421
0.013331813
0.013518561
0.013687812
0.013842704
0.013987155
0.014125618
0.014262829
0.014403535
0.01455227
0.014713061
0.014889461
0.015083312
0.01530421
5.170704e-22
2.2648652e-21
5.8827361e-21
1.1723141e-20
1.9748396e-20
2.9548512e-20
4.043819e-20
5.1596206e-20
6.2215755e-20
7.1628346e-20
7.9376458e-20
8.5232677e-20
8.9177661e-20
9.1354343e-20
9.2014174e-20
9.1466193e-20
9.0034817e-20
8.8028942e-20
8.5722794e-20
8.334733e-20
8.108992e-20
7.9099637e-20
7.7495691e-20
7.6377148e-20
7.5832747e-20
7.5950241e-20
7.6825106e-20
7.8568719e-20
8.1316195e-20
8.5233895e-20
9.0526355e-20
9.7441816e-20
1.0627488e-19
1.1737436e-19
7.9034473e-19
4.1062858e-14
2.4419757e-11
5.3573347e-10
4.3867663e-09
2.007636e-08
6.1311977e-08
1.379153e-07
2.4285525e-07
3.4856534e-07
4.1945809e-07
4.3344438e-07
4.3299307e-07
4.2928062e-07
4.2240269e-07
4.1262386e-07
4.0035469e-07
3.861239e-07
3.7054821e-07
3.5430141e-07
3.3808406e-07
3.2259756e-07
3.085221e-07
2.965014e-07
2.8713686e-07
2.8097346e-07
2.7850637e-07
2.9675074e-07
4.3180181e-07
8.7492655e-07
2.1497902e-06
5.3324758e-06
1.20872e-05
2.4297521e-05
4.3313938e-05
6.9132423e-05
9.992631e-05
0.00013217563
0.00016139689
0.00018321815
0.00019443779
0.00019444744
0.00019245088
0.00018854877
0.00018306633
0.00017640479
0.00016900076
0.00016129031
0.00015368134
0.00014653598
0.00014016111
0.00013480799
0.00013067471
0.00012791077
0.00012662356
0.00012881756
0.00013988515
0.00016120557
0.00019460196
0.00024185415
0.00030400942
0.00038066103
0.00046942012
0.00056578357
0.00066347298
0.00075518122
0.00083360287
0.00089245
0.00092738699
0.00093660628
0.00093229048
0.00092200223
0.00090675737
0.00088778329
0.00086641115
0.00084398166
0.00082176991
0.00080093309
0.00078247679
0.00076723781
0.00075587941
0.00074888234
0.00074655052
0.00075936121
0.00079067312
0.0008406305
0.00090891326
0.00099446654
0.0010952495
0.0012080823
0.0013286554
0.0014517256
0.0015714866
0.0016820636
0.0017780511
0.0018550328
0.0019099694
0.0019414678
0.0019498599
0.0019449458
0.0019343735
0.0019193809
0.0019013642
0.0018817865
0.0018620966
0.0018436597
0.0018277043
0.0018152809
0.0018072306
0.0018041676
0.0018179279
0.0018498911
0.0019000908
0.001967907
0.0020520335
0.0021504603
0.0022604905
0.0023788121
0.0025016332
0.0026248781
0.0027444303
0.0028564001
0.0029573871
0.0030447117
0.0031165895
0.0031722342
0.0032118794
0.0032367242
0.003248811
0.0032492152
0.003245198
0.0032399003
0.0032344856
0.0032300691
0.0032290244
0.0032394351
0.0032610123
0.003295389
0.0033436192
0.0034061564
0.0034828491
0.0035729537
0.0036751671
0.0037876835
0.0039082756
0.0040344018
0.0041633351
0.0042923091
0.0044186695
0.0045400226
0.0046543691
0.004760212
0.0048566327
0.0049433278
0.0050206082
0.0050893594
0.0051509701
0.0052072348
0.0052602388
0.0053122353
0.0053655183
0.0054223145
0.0054846364
0.0055543181
0.0056323844
0.005723614
5.1413024e-27
2.709506e-26
8.2326709e-26
1.8803147e-25
3.5747506e-25
5.9649622e-25
9.0191222e-25
1.2620117e-24
1.6588424e-24
2.0714873e-24
2.4794474e-24
2.8654456e-24
3.2172362e-24
3.5283036e-24
3.7975914e-24
4.0285608e-24
4.2279283e-24
4.4044054e-24
4.5676661e-24
4.7276554e-24
4.8942557e-24
5.0772693e-24
5.2866552e-24
5.5329611e-24
5.82791e-24
6.1851172e-24
6.6209362e-24
7.1554395e-24
7.8135478e-24
8.6263048e-24
9.6322619e-24
1.0878873e-23
1.2423713e-23
1.4421789e-23
4.9417975e-21
2.7400001e-16
4.1888042e-13
1.3865885e-11
1.4696842e-10
8.0829423e-10
2.8362092e-09
7.1118823e-09
1.3673887e-08
2.1152434e-08
2.7291224e-08
3.0280433e-08
3.0287329e-08
3.0198834e-08
2.9895184e-08
2.9389928e-08
2.8707213e-08
2.7880112e-08
2.6948655e-08
2.5957715e-08
2.4954876e-08
2.3988474e-08
2.3105949e-08
2.235245e-08
2.1770257e-08
2.139756e-08
2.1268266e-08
2.3080272e-08
3.2894569e-08
6.6554553e-08
1.7783703e-07
5.0589011e-07
1.3200183e-06
3.0048287e-06
5.9424835e-06
1.0317644e-05
1.5940862e-05
2.2192513e-05
2.8138094e-05
3.2775213e-05
3.5321282e-05
3.5444411e-05
3.5149258e-05
3.4519461e-05
3.3606958e-05
3.2478006e-05
3.1206543e-05
2.986805e-05
2.85346e-05
2.7271403e-05
2.6134727e-05
2.5171348e-05
2.4418482e-05
2.3904499e-05
2.3649512e-05
2.3918578e-05
2.6063313e-05
3.0461684e-05
3.7685852e-05
4.8403493e-05
6.3191776e-05
8.2291166e-05
0.00010536853
0.00013137909
0.00015859124
0.00018478646
0.00020760275
0.00022491743
0.00023521418
0.00023782245
0.00023676535
0.00023421268
0.00023040689
0.00022564507
0.00022025332
0.00021456373
0.00020889542
0.0002035408
0.00019875603
0.00019475604
0.00019171182
0.0001897484
0.00018894576
0.00019170935
0.00020004826
0.00021412142
0.00023401048
0.00025960903
0.00029050202
0.00032586704
0.00036443025
0.0004044981
0.00044407006
0.00048101955
0.00051331097
0.00053922267
0.0005575255
0.00056760755
0.00056952559
0.00056787194
0.00056453413
0.00055986874
0.00055428073
0.00054819703
0.00054204261
0.00053622011
0.00053109364
0.00052697588
0.00052411909
0.00052270864
0.00052528832
0.00053420593
0.0005495373
0.00057116154
0.00059873679
0.00063167476
0.00066912495
0.00070997939
0.00075290546
0.00079640896
0.00083892426
0.0008789225
0.00091502515
0.00094610918
0.00097139089
0.00099047917
0.0010033932
0.0010105443
0.0010126764
0.0010115329
0.0010095741
0.0010071669
0.0010046835
0.0010024817
0.0010008889
0.0010006762
0.001005307
0.0010146963
0.0010292823
0.0010492906
0.0010747305
0.0011053943
0.0011408612
0.0011805101
0.0012235408
0.0012690078
0.0013158654
0.0013630221
0.0014094025
0.0014540107
0.0014959898
0.0015346736
0.0015696245
0.0016006558
0.0016278361
0.0016514773
0.0016721071
0.0016904305
0.0017072825
0.0017235784
0.0017402613
0.0017582594
0.0017784245
0.0018015554
0.0018281282
0.0018601433
5.1207844e-32
3.1570795e-31
1.0990405e-30
2.8290338e-30
5.9855384e-30
1.1007173e-29
1.8202362e-29
2.7691405e-29
3.939308e-29
5.3053948e-29
6.8310411e-29
8.4766992e-29
1.0207193e-28
1.1997573e-28
1.3836576e-28
1.5727757e-28
1.7688897e-28
1.9750563e-28
2.1954632e-28
2.4353447e-28
2.7010048e-28
2.9999806e-28
3.341371e-28
3.7363594e-28
4.1989587e-28
4.7470192e-28
5.4035414e-28
6.1983485e-28
7.1701737e-28
8.3692052e-28
9.8600943e-28
1.1725357e-27
1.4069331e-27
3.4604849e-27
8.3750019e-23
3.8214993e-18
9.815731e-15
4.401761e-13
5.7366903e-12
3.6850372e-11
1.4624117e-10
4.058795e-10
8.5154344e-10
1.4255025e-09
1.9837376e-09
2.3736937e-09
2.5171734e-09
2.5177256e-09
2.5051296e-09
2.4756658e-09
2.4310567e-09
2.3737992e-09
2.307015e-09
2.2342835e-09
2.1594665e-09
2.086539e-09
2.0194414e-09
1.9619421e-09
1.9175667e-09
1.8894754e-09
1.880418e-09
2.0476483e-09
2.7786362e-09
5.2178715e-09
1.3952317e-08
4.3519588e-08
1.2828495e-07
3.2793168e-07
7.1646634e-07
1.3503103e-06
2.2279362e-06
3.2646194e-06
4.3017215e-06
5.1502747e-06
5.651978e-06
5.7302857e-06
5.694922e-06
5.608201e-06
5.4772085e-06
5.3113378e-06
5.1213837e-06
4.9186639e-06
4.7142674e-06
4.5184787e-06
4.3403891e-06
4.1877141e-06
4.0666911e-06
3.9821327e-06
3.9374193e-06
3.9488994e-06
4.3016205e-06
5.0723946e-06
6.3960853e-06
8.4504322e-06
1.1420351e-05
1.5436868e-05
2.0503905e-05
2.6439207e-05
3.285616e-05
3.9201124e-05
4.4843469e-05
4.9190675e-05
5.1804777e-05
5.2481509e-05
5.2278624e-05
5.175804e-05
5.0967535e-05
4.9966944e-05
4.8823171e-05
4.7605534e-05
4.638178e-05
4.5214971e-05
4.4161187e-05
4.3268123e-05
4.2574098e-05
4.2107546e-05
4.1886811e-05
4.2331122e-05
4.4200895e-05
4.7563673e-05
5.2486327e-05
5.9000639e-05
6.70611e-05
7.6504354e-05
8.7022109e-05
9.8157718e-05
0.00010933184
0.00011989605
0.00012920469
0.00013669351
0.00014194694
0.00014474586
0.0001450899
0.00014465339
0.00014379107
0.00014258872
0.00014114491
0.00013956465
0.00013795347
0.0001364123
0.00013503318
0.00013389586
0.00013306526
0.0001325895
0.00013265148
0.00013469627
0.00013866388
0.00014454369
0.00015226684
0.00016169324
0.0001726
0.00018467581
0.00019752502
0.00021068345
0.0002236459
0.00023590259
0.00024698011
0.00025648125
0.00026411832
0.00026973542
0.00027331769
0.00027498604
0.00027485849
0.00027440896
0.00027372815
0.00027291416
0.00027206702
0.00027128355
0.00027065289
0.00027025261
0.00027060324
0.00027258459
0.00027622908
0.0002816232
0.00028878809
0.00029767786
0.00030817881
0.00032011032
0.00033322883
0.00034723596
0.00036179128
0.00037652952
0.00039108134
0.00040509605
0.00041826402
0.00043033683
0.00044114305
0.00045059814
0.00045870798
0.00046556572
0.00047134296
0.00047627637
0.00048065134
0.0004847844
0.00048900525
0.00049364222
0.00049900105
0.000505377
0.00051295637
0.00052245045
5.1141832e-37
3.6224935e-36
1.423487e-35
4.0766073e-35
9.4947134e-35
1.9071866e-34
3.425638e-34
5.6389383e-34
8.6591594e-34
1.2572396e-33
1.7443613e-33
2.3329194e-33
3.0294379e-33
3.8432554e-33
4.7884024e-33
5.8853049e-33
7.1623246e-33
8.6572587e-33
1.0418998e-32
1.2509604e-32
1.5007154e-32
1.8009812e-32
2.1641754e-32
2.6061769e-32
3.1475579e-32
3.8153144e-32
4.6452441e-32
5.6851438e-32
6.9990135e-32
8.6724536e-32
1.0819402e-31
1.3590252e-31
1.7419889e-31
9.076604e-29
3.3630755e-24
9.4358348e-20
3.1969966e-16
1.7895074e-14
2.7393742e-13
1.9964441e-12
8.7891724e-12
2.6652183e-11
6.0487271e-11
1.088771e-10
1.6239676e-10
2.0788127e-10
2.3508944e-10
2.4069717e-10
2.4046347e-10
2.3863772e-10
2.3535808e-10
2.3083503e-10
2.2533977e-10
2.1919067e-10
2.1273841e-10
2.0635055e-10
2.003971e-10
1.9523608e-10
1.9120361e-10
1.8859946e-10
1.8768131e-10
2.0285384e-10
2.6222068e-10
4.445829e-10
1.1000133e-09
3.5431855e-09
1.1485414e-08
3.2573034e-08
7.8108856e-08
1.5915816e-07
2.7975072e-07
4.3092981e-07
5.9007025e-07
7.2695816e-07
8.1429865e-07
8.3716022e-07
8.3391936e-07
8.2377539e-07
8.0754408e-07
7.8635765e-07
7.6156481e-07
7.3462835e-07
7.0703111e-07
6.8019584e-07
6.5542383e-07
6.3385388e-07
6.1643298e-07
6.03907e-07
5.9680245e-07
5.9541983e-07
6.4493327e-07
7.6190815e-07
9.7183221e-07
1.3116714e-06
1.8250604e-06
2.5508064e-06
3.5058932e-06
4.6684241e-06
5.9680571e-06
7.2899338e-06
8.4934047e-06
9.44003e-06
1.002371e-05
1.0191926e-05
1.0162895e-05
1.0076526e-05
9.9405242e-06
9.7648426e-06
9.5609073e-06
9.3408584e-06
9.1168607e-06
8.9005163e-06
8.7023928e-06
8.5316781e-06
8.3959066e-06
8.3007987e-06
8.2501155e-06
8.2812117e-06
8.6306671e-06
9.3127358e-06
1.0351597e-05
1.1767665e-05
1.3566144e-05
1.5724556e-05
1.8182526e-05
2.0837326e-05
2.3547721e-05
2.6146772e-05
2.8461438e-05
3.0335542e-05
3.1650577e-05
3.2340941e-05
3.2401358e-05
3.2312099e-05
3.213178e-05
3.1877417e-05
3.156892e-05
3.1227845e-05
3.08762e-05
3.0535348e-05
3.0225052e-05
2.9962687e-05
2.9762601e-05
2.9635617e-05
2.9588765e-05
2.9953622e-05
3.0809772e-05
3.2160484e-05
3.3996661e-05
3.629225e-05
3.8999507e-05
4.2045543e-05
4.5331542e-05
4.8735639e-05
5.2119741e-05
5.5339755e-05
5.8257914e-05
6.075536e-05
6.2743172e-05
6.417e-05
6.5025704e-05
6.5340249e-05
6.5290618e-05
6.5165418e-05
6.4984619e-05
6.4770057e-05
6.4544227e-05
6.4329117e-05
6.4145159e-05
6.4010322e-05
6.393939e-05
6.4210948e-05
6.4934042e-05
6.6135545e-05
6.782576e-05
6.9997716e-05
7.2626352e-05
7.5667959e-05
7.9060359e-05
8.2724273e-05
8.6566186e-05
9.0482808e-05
9.4366927e-05
9.8114202e-05
0.00010163022
0.00010483708
0.00010767877
0.00011012479
0.00011217173
0.00011384269
0.00011518484
0.00011626549
0.00011716724
0.0001179827
0.00011880933
0.00011974533
0.00012088367
0.00012231725
0.00012410801
0.00012647322
5.1325025e-42
4.1409758e-41
1.8196344e-40
5.7493499e-40
1.4653193e-39
3.2047055e-39
6.2507896e-39
1.1164007e-38
1.8606696e-38
2.9352661e-38
4.4316148e-38
6.4606235e-38
9.1611091e-38
1.2711635e-37
1.7346187e-37
2.3374231e-37
3.1205987e-37
4.1384129e-37
5.4623665e-37
7.1862664e-37
9.4328058e-37
1.2362336e-36
1.6184924e-36
2.1177348e-36
2.7707435e-36
3.6268996e-36
4.7531554e-36
6.2410043e-36
8.2160425e-36
1.0850752e-35
1.4381057e-35
1.913807e-35
3.3196299e-34
8.1944152e-30
2.0500228e-25
3.6511536e-21
1.3874574e-17
9.1628289e-16
1.588277e-14
1.2789128e-13
6.1205651e-13
1.9955255e-12
4.8341751e-12
9.2456917e-12
1.460964e-11
1.9764164e-11
2.3553568e-11
2.5302656e-11
2.5309209e-11
2.5201789e-11
2.4950526e-11
2.4573231e-11
2.4093547e-11
2.3540037e-11
2.2945091e-11
2.2343689e-11
2.1772027e-11
2.1266052e-11
2.0860065e-11
2.0584939e-11
2.0467037e-11
2.1734626e-11
2.6873483e-11
4.1388054e-11
9.0290897e-11
2.8047278e-10
9.6458337e-10
2.9882598e-09
7.8017899e-09
1.7100503e-08
3.1911242e-08
5.1568172e-08
7.3319004e-08
9.2996467e-08
1.0652388e-07
1.114049e-07
1.1122771e-07
1.1025812e-07
1.0857199e-07
1.0628057e-07
1.0352242e-07
1.0045451e-07
9.7243323e-08
9.4056296e-08
9.1054107e-08
8.8383985e-08
8.6174005e-08
8.4528786e-08
8.3524584e-08
8.3207567e-08
8.9044122e-08
1.0456118e-07
1.3377147e-07
1.8298668e-07
2.6042783e-07
3.745452e-07
5.3091266e-07
7.2849942e-07
9.5690143e-07
1.1961543e-06
1.4198253e-06
1.6005844e-06
1.7166093e-06
1.7563178e-06
1.7536659e-06
1.7424029e-06
1.7235147e-06
1.6983274e-06
1.6684176e-06
1.6355184e-06
1.6014276e-06
1.5679211e-06
1.5366741e-06
1.5091933e-06
1.4867573e-06
1.4703708e-06
1.4607208e-06
1.4581609e-06
1.5112103e-06
1.628178e-06
1.8152077e-06
2.0786574e-06
2.422629e-06
2.8459534e-06
3.3393399e-06
3.8836067e-06
4.4498133e-06
5.0016928e-06
5.5000503e-06
5.9083193e-06
6.1978679e-06
6.3520464e-06
6.3681877e-06
6.3546423e-06
6.3250112e-06
6.2819953e-06
6.228836e-06
6.169125e-06
6.1066122e-06
6.045019e-06
5.9878651e-06
5.9383135e-06
5.8990352e-06
5.872103e-06
5.8589137e-06
5.9028929e-06
6.0547025e-06
6.3160886e-06
6.6866966e-06
7.1628686e-06
7.7362612e-06
8.392642e-06
9.1112597e-06
9.8651218e-06
1.0622343e-05
1.134851e-05
1.2009752e-05
1.2576049e-05
1.3024247e-05
1.3340233e-05
1.3520057e-05
1.3569814e-05
1.3558812e-05
1.3533262e-05
1.3496695e-05
1.3453039e-05
1.3406398e-05
1.336084e-05
1.3320202e-05
1.3287908e-05
1.3266819e-05
1.3259342e-05
1.3364974e-05
1.3581658e-05
1.3912688e-05
1.4357607e-05
1.4911924e-05
1.5566815e-05
1.6308958e-05
1.7120638e-05
1.7980237e-05
1.8863169e-05
1.9743245e-05
2.0594354e-05
2.1392313e-05
2.2116644e-05
2.2752091e-05
2.3289697e-05
2.3727326e-05
2.406962e-05
2.4327427e-05
2.451683e-05
2.4657917e-05
2.4773478e-05
2.4887728e-05
2.5025394e-05
2.5210375e-05
2.5467605e-05
2.5814846e-05
2.6309878e-05
5.1544191e-47
4.7353542e-46
2.3728478e-45
8.3352637e-45
2.3416804e-44
5.625311e-44
1.2047973e-43
2.3663096e-43
4.3471679e-43
7.5788879e-43
1.2677996e-42
2.052487e-42
3.2379865e-42
5.005348e-42
7.6153107e-42
1.1443648e-41
1.7031159e-41
2.5153536e-41
3.6917944e-41
5.3895571e-41
7.8303077e-41
1.1325212e-40
1.6309618e-40
2.3391977e-40
3.3423798e-40
4.7600514e-40
6.7606847e-40
9.5824226e-40
1.3562098e-39
1.9174668e-39
2.7087381e-39
8.2897528e-39
7.4834641e-35
1.2368121e-30
1.8519948e-26
2.0557023e-22
7.5608896e-19
5.6541242e-17
1.0764658e-15
9.3426719e-15
4.7603083e-14
1.6390903e-13
4.1719638e-13
8.3569543e-13
1.3800946e-12
1.9475915e-12
2.4159337e-12
2.6943015e-12
2.7517206e-12
2.7469931e-12
2.7295457e-12
2.7006746e-12
2.6621434e-12
2.6161582e-12
2.5653268e-12
2.5125983e-12
2.4611716e-12
2.4143747e-12
2.3755059e-12
2.3476362e-12
2.3333995e-12
2.4137445e-12
2.8587658e-12
4.067306e-12
7.7495269e-12
2.1803813e-11
7.5999182e-11
2.5211696e-10
7.0982826e-10
1.6637601e-09
3.2826743e-09
5.5495868e-09
8.1807371e-09
1.0681634e-08
1.2527098e-08
1.3361365e-08
1.3364128e-08
1.3295537e-08
1.3160788e-08
1.2967948e-08
1.2727583e-08
1.2452319e-08
1.2156347e-08
1.1854855e-08
1.1563406e-08
1.1297217e-08
1.1070405e-08
1.0895185e-08
1.0781026e-08
1.0734037e-08
1.1274234e-08
1.3055602e-08
1.6612213e-08
2.2847348e-08
3.3037683e-08
4.8644343e-08
7.0856737e-08
9.994806e-08
1.3469851e-07
1.722106e-07
2.0830763e-07
2.384403e-07
2.5880252e-07
2.672132e-07
2.6714997e-07
2.6609055e-07
2.6412788e-07
2.6139254e-07
2.5804612e-07
2.542738e-07
2.5027639e-07
2.4626159e-07
2.4243489e-07
2.3899005e-07
2.3609957e-07
2.3390554e-07
2.3251116e-07
2.3197554e-07
2.3815318e-07
2.5497214e-07
2.8361492e-07
3.2546928e-07
3.8170375e-07
4.5268769e-07
5.3737361e-07
6.3282908e-07
7.3411679e-07
8.3464786e-07
9.2698553e-07
1.0039467e-06
1.0597122e-06
1.0907133e-06
1.0960768e-06
1.0947064e-06
1.0911639e-06
1.0857683e-06
1.078914e-06
1.0710508e-06
1.0626618e-06
1.0542404e-06
1.0462676e-06
1.0391886e-06
1.0333913e-06
1.0291873e-06
1.0267963e-06
1.0271697e-06
1.0484202e-06
1.0903757e-06
1.1532223e-06
1.2366242e-06
1.3394156e-06
1.4592994e-06
1.5926412e-06
1.7344407e-06
1.878538e-06
2.0180568e-06
2.1460336e-06
2.2561302e-06
2.3433093e-06
2.4043438e-06
2.4380973e-06
2.445533e-06
2.4440556e-06
2.4404605e-06
2.4352141e-06
2.4288445e-06
2.4219142e-06
2.4149914e-06
2.4086216e-06
2.4033009e-06
2.3994532e-06
2.3974103e-06
2.4054892e-06
2.4355878e-06
2.4881225e-06
2.5632097e-06
2.6602183e-06
2.7776859e-06
2.9132501e-06
3.0636258e-06
3.2246627e-06
3.3915007e-06
3.5588279e-06
3.7212241e-06
3.8735531e-06
4.0113592e-06
4.1312146e-06
4.2309773e-06
4.30993e-06
4.3687902e-06
4.409603e-06
4.4355415e-06
4.4506503e-06
4.4591668e-06
4.4662698e-06
4.4776844e-06
4.498516e-06
4.5341536e-06
4.5890402e-06
4.6767208e-06
7.0572107e-49
1.0609158e-47
1.0638005e-47
1.0746565e-47
1.1042854e-47
1.1739461e-47
1.3370155e-47
1.6869753e-47
2.3869193e-47
3.7172825e-47
6.1531602e-47
1.0489731e-46
1.804558e-46
3.099108e-46
5.2875212e-46
8.9463162e-46
1.5005365e-45
2.4952632e-45
4.1148653e-45
6.7304542e-45
1.0920273e-44
1.7577828e-44
2.8073783e-44
4.4498233e-44
7.0022857e-44
1.0943958e-43
1.6995244e-43
2.6231691e-43
4.024245e-43
6.1389362e-43
1.7440817e-42
5.5271983e-39
4.485764e-35
3.606242e-31
2.7320722e-27
1.6768086e-23
4.8923088e-20
3.9886536e-18
8.0909832e-17
7.3706414e-16
3.9058438e-15
1.3912137e-14
3.652661e-14
7.5374949e-14
1.281564e-13
1.8610934e-13
2.3738613e-13
2.7189218e-13
2.8461065e-13
2.8449257e-13
2.8367747e-13
2.8222381e-13
2.8021053e-13
2.7773978e-13
2.7493953e-13
2.7196495e-13
2.6899729e-13
2.6623934e-13
2.6390532e-13
2.6220568e-13
2.6132529e-13
2.622522e-13
2.9809846e-13
3.9810266e-13
6.7453756e-13
1.6519146e-12
5.524227e-12
1.9088415e-11
5.7211254e-11
1.4228546e-10
2.9515491e-10
5.1980214e-10
7.9211036e-10
1.0628976e-09
1.2755964e-09
1.3883184e-09
1.3889786e-09
1.3861942e-09
1.3799219e-09
1.370483e-09
1.3583142e-09
1.3439693e-09
1.328118e-09
1.3115393e-09
1.295104e-09
1.2797415e-09
1.2663879e-09
1.2559147e-09
1.2490464e-09
1.2462754e-09
1.2799147e-09
1.4529591e-09
1.8246218e-09
2.5021333e-09
3.6479834e-09
5.464515e-09
8.1403392e-09
1.1761931e-08
1.6222591e-08
2.1178241e-08
2.6085746e-08
3.0321486e-08
3.3337742e-08
3.4796039e-08
3.4805505e-08
3.4749938e-08
3.4634427e-08
3.4466166e-08
3.4254315e-08
3.4009831e-08
3.3745228e-08
3.3474226e-08
3.3211246e-08
3.2970723e-08
3.2766266e-08
3.2609681e-08
3.2510039e-08
3.2472846e-08
3.2959806e-08
3.4963112e-08
3.8656544e-08
4.4264815e-08
5.2006341e-08
6.2005638e-08
7.4189856e-08
8.8198899e-08
1.0334525e-07
1.1865053e-07
1.3296225e-07
1.4512817e-07
1.5418239e-07
1.5949987e-07
1.6087762e-07
1.6081283e-07
1.6058512e-07
1.6021614e-07
1.5973302e-07
1.5916745e-07
1.5855444e-07
1.5793094e-07
1.5733418e-07
1.5679976e-07
1.5635973e-07
1.5604059e-07
1.5586167e-07
1.5583406e-07
1.5804044e-07
1.6350636e-07
1.7228621e-07
1.8436939e-07
1.996277e-07
2.1775913e-07
2.3824302e-07
2.603226e-07
2.8302737e-07
3.0523912e-07
3.2579467e-07
3.4360852e-07
3.5779338e-07
3.6775497e-07
3.7324756e-07
3.743813e-07
3.7431406e-07
3.7407897e-07
3.7371111e-07
3.7325065e-07
3.7274097e-07
3.7222651e-07
3.7175064e-07
3.7135343e-07
3.710696e-07
3.7092673e-07
3.7094464e-07
3.7392864e-07
3.8053982e-07
3.9081902e-07
4.0469316e-07
4.2195996e-07
4.4227265e-07
4.6513091e-07
4.8988409e-07
5.1575128e-07
5.4186013e-07
5.673023e-07
5.9120012e-07
6.1277607e-07
6.3141586e-07
6.4671686e-07
6.5851599e-07
6.6689489e-07
6.721638e-07
6.7482862e-07
6.7548623e-07
6.7555221e-07
6.7559997e-07
6.756738e-07
6.7678783e-07
6.8046277e-07
6.8763057e-07
7.0113603e-07
8.9921162e-49
4.8564862e-48
6.0888123e-48
6.4548537e-48
6.4550642e-48
6.43664e-48
6.4105373e-48
6.3818009e-48
6.3531807e-48
6.3265464e-48
6.3037362e-48
6.2875153e-48
6.2829075e-48
6.2993833e-48
6.3547411e-48
6.482063e-48
6.7420771e-48
7.2448276e-48
8.1871127e-48
9.9163336e-48
1.3038286e-47
1.8597857e-47
2.8380533e-47
4.5413477e-47
7.4793352e-47
1.2503884e-46
2.1025651e-46
3.535387e-46
6.3232082e-46
3.1068199e-44
1.9827849e-41
2.3812677e-38
7.5588101e-35
2.5367036e-31
8.4569726e-28
2.502414e-24
4.5510462e-21
3.8681604e-19
8.0956126e-18
7.5363919e-17
4.0599297e-16
1.4667298e-15
3.9037423e-15
8.1682061e-15
1.4086966e-14
2.0748145e-14
2.6816962e-14
3.1061384e-14
3.2770004e-14
3.2801665e-14
3.27448e-14
3.2606642e-14
3.2396907e-14
3.212826e-14
3.1816774e-14
3.1482215e-14
3.1148004e-14
3.0840656e-14
3.0588462e-14
3.0419471e-14
3.035852e-14
3.0425419e-14
3.4586553e-14
4.5943495e-14
7.4057846e-14
1.6093834e-13
4.9241253e-13
1.7003729e-12
5.2996328e-12
1.3781218e-11
2.9736272e-11
5.4091003e-11
8.4593178e-11
1.1587641e-10
1.4133495e-10
1.5571469e-10
1.5688147e-10
1.567791e-10
1.5625471e-10
1.553451e-10
1.5410092e-10
1.5258722e-10
1.5088404e-10
1.4908603e-10
1.4730068e-10
1.4564441e-10
1.4423583e-10
1.4318641e-10
1.425898e-10
1.4251039e-10
1.4611816e-10
1.6809256e-10
2.1543127e-10
3.0170102e-10
4.4868059e-10
6.8525345e-10
1.0407922e-09
1.532601e-09
2.1515309e-09
2.8533476e-09
3.5621989e-09
4.1868997e-09
4.6439892e-09
4.8785909e-09
4.8855109e-09
4.8826021e-09
4.8706106e-09
4.850594e-09
4.823908e-09
4.7921884e-09
4.7573218e-09
4.7213972e-09
4.6866299e-09
4.6552564e-09
4.629397e-09
4.6108988e-09
4.6011881e-09
4.6011369e-09
4.6614536e-09
4.9655785e-09
5.5370731e-09
6.4097264e-09
7.619543e-09
9.1912083e-09
1.1120744e-08
1.3358949e-08
1.580205e-08
1.829499e-08
2.0649021e-08
2.2670331e-08
2.4192202e-08
2.5102518e-08
2.5359109e-08
2.5370601e-08
2.535418e-08
2.5313501e-08
2.5253167e-08
2.5178569e-08
2.5095694e-08
2.5010892e-08
2.4930585e-08
2.4860938e-08
2.4807511e-08
2.4774906e-08
2.4766484e-08
2.478418e-08
2.5094992e-08
2.5971693e-08
2.7418882e-08
2.9432343e-08
3.1990459e-08
3.5044286e-08
3.8508813e-08
4.2258437e-08
4.6129188e-08
4.9928915e-08
5.3454581e-08
5.6513897e-08
5.8947236e-08
6.0645492e-08
6.1560854e-08
6.1707502e-08
6.1742497e-08
6.1747383e-08
6.1728414e-08
6.169276e-08
6.1648176e-08
6.1602624e-08
6.1563878e-08
6.1539131e-08
6.1534616e-08
6.1555288e-08
6.1604613e-08
6.1967211e-08
6.2965387e-08
6.4602949e-08
6.6864913e-08
6.9715124e-08
7.3093576e-08
7.6914484e-08
8.1066257e-08
8.5414341e-08
8.9807381e-08
9.4086565e-08
9.8097208e-08
1.0170117e-07
1.0478835e-07
1.0728573e-07
1.091627e-07
1.104323e-07
1.1114837e-07
1.1139279e-07
1.1149204e-07
1.1158052e-07
1.1166555e-07
1.1175513e-07
1.1185808e-07
1.1231437e-07
1.1353609e-07
1.1628387e-07
4.8443237e-48
4.8565654e-48
5.4333123e-48
5.5848987e-48
5.5867302e-48
5.586953e-48
5.5871832e-48
5.5874278e-48
5.587692e-48
5.5879805e-48
5.5882981e-48
5.5886516e-48
5.5890515e-48
5.5895172e-48
5.5900873e-48
5.5908404e-48
5.5919386e-48
5.5937133e-48
5.5968357e-48
5.602647e-48
5.6137957e-48
5.6354565e-48
5.6776572e-48
5.7597034e-48
5.9185317e-48
6.2242509e-48
6.8094165e-48
9.3511925e-48
1.5883072e-45
1.5687249e-42
1.4336729e-39
1.2309846e-36
1.0215328e-33
8.7205309e-31
7.7914095e-28
7.0096526e-25
5.0082648e-22
4.0794351e-20
8.4194553e-19
7.7404909e-18
4.1250187e-17
1.4785151e-16
3.9178065e-16
8.1897453e-16
1.4152003e-15
2.0930195e-15
2.719945e-15
3.1689564e-15
3.3624782e-15
3.4042275e-15
3.4460026e-15
3.4880541e-15
3.5306309e-15
3.5739812e-15
3.6183488e-15
3.6639651e-15
3.711033e-15
3.7597015e-15
3.8100318e-15
3.861958e-15
3.915255e-15
3.9697804e-15
4.4494319e-15
5.7295517e-15
8.7092515e-15
1.6778183e-14
4.4694329e-14
1.4542339e-13
4.5431937e-13
1.2080785e-12
2.6714862e-12
4.9670562e-12
7.9139935e-12
1.1013969e-11
1.3620851e-11
1.5194547e-11
1.548927e-11
1.5654198e-11
1.5819642e-11
1.5986577e-11
1.6155985e-11
1.6328839e-11
1.6506095e-11
1.6688645e-11
1.6877268e-11
1.7072533e-11
1.7274685e-11
1.7483526e-11
1.7698324e-11
1.7917931e-11
1.8438865e-11
2.0956862e-11
2.6348672e-11
3.6267615e-11
5.3350617e-11
8.1152477e-11
1.2343545e-10
1.8268008e-10
2.5825677e-10
3.4519859e-10
4.3445448e-10
5.1478547e-10
5.7560314e-10
6.0964888e-10
6.1481715e-10
6.1997608e-10
6.2514866e-10
6.3035723e-10
6.3562319e-10
6.4096658e-10
6.464054e-10
6.5195471e-10
6.5762547e-10
6.6342319e-10
6.6934661e-10
6.7538671e-10
6.8152644e-10
6.8774376e-10
6.9913894e-10
7.4222015e-10
8.2087268e-10
9.4060269e-10
1.1073117e-09
1.3253699e-09
1.595173e-09
1.9107625e-09
2.2583769e-09
2.6167455e-09
2.9594406e-09
3.2588571e-09
3.4908526e-09
3.6387507e-09
3.6957503e-09
3.7229394e-09
3.7501469e-09
3.7774446e-09
3.8048986e-09
3.8325673e-09
3.8604989e-09
3.8887294e-09
3.9172799e-09
3.9461546e-09
3.9753394e-09
4.0048019e-09
4.0344927e-09
4.0643606e-09
4.1247126e-09
4.2661767e-09
4.4901732e-09
4.797085e-09
5.1848474e-09
5.6473535e-09
6.1730587e-09
6.744213e-09
7.3371093e-09
7.9235401e-09
8.4733409e-09
8.9576498e-09
9.3522314e-09
9.6402401e-09
9.813944e-09
9.878913e-09
9.9438492e-09
1.0008843e-08
1.0073977e-08
1.0139318e-08
1.020492e-08
1.0270818e-08
1.0337028e-08
1.0403546e-08
1.0470346e-08
1.0537387e-08
1.0604616e-08
1.0691092e-08
1.0871194e-08
1.1145685e-08
1.1512692e-08
1.1967314e-08
1.2501166e-08
1.3102038e-08
1.3753832e-08
1.4436935e-08
1.51291e-08
1.5806818e-08
1.6447048e-08
1.7029087e-08
1.7536321e-08
1.7957611e-08
1.8288114e-08
1.852949e-08
1.8689487e-08
1.880113e-08
1.8912782e-08
1.9024493e-08
1.9136296e-08
1.924821e-08
1.936024e-08
1.9488652e-08
1.9731409e-08
2.036364e-08
)
;

boundaryField
{
    inlet_drug
    {
        type            fixedValue;
        value           uniform 1;
    }
    inlet_medium
    {
        type            fixedValue;
        value           uniform 0;
    }
    outlet
    {
        type            zeroGradient;
    }
    walls
    {
        type            zeroGradient;
    }
    floor
    {
        type            zeroGradient;
    }
    frontAndBack
    {
        type            empty;
    }
}


// ************************************************************************* //
