/*--------------------------------*- C++ -*----------------------------------*\
| =========                 |                                                 |
| \\      /  F ield         | OpenFOAM: The Open Source CFD Toolbox           |
|  \\    /   O peration     | Version:  2406                                  |
|   \\  /    A nd           | Website:  www.openfoam.com                      |
|    \\/     M anipulation  |                                                 |
\*---------------------------------------------------------------------------*/
FoamFile
{
    version     2.0;
    format      ascii;
    arch        "LSB;label=32;scalar=64";
    class       volScalarField;
    location    "2500";
    object      T;
}
// * * * * * * * * * * * * * * * * * * * * * * * * * * * * * * * * * * * * * //

dimensions      [0 0 0 0 0 0 0];

internalField   nonuniform List<scalar> 
8600
(
1
1
1
1
1
1
1
1
1
1
1
1
1
1
1
1
1
1
1
1
1
1
1
1
1
1
1
1
1
1
1
1
1
1
1
1
1
1
1
1
1
1
1
1
1
1
1
1
1
1
1
1
1
1
1
1
1
1
1
1
1
1
1
1
1
1
1
1
1
1
1
1
1
1
1
1
1
1
1
1
1
1
1
1
1
1
1
1
1
1
1
1
1
1
1
1
1
1
1
1
1
1
1
1
1
1
1
1
1
1
1
1
1
1
1
1
1
1
1
1
1
1
1
1
1
1
1
1
1
1
1
1
1
1
1
1
1
1
1
1
1
1
1
1
1
1
1
1
1
1
1
1
1
1
1
1
1
1
1
1
1
1
1
1
1
1
1
1
1
1
1
1
1
1
1
1
1
1
1
1
1
1
1
1
1
1
1
1
1
1
1
1
1
1
1
1
1
1
1
1
1
1
1
1
1
1
1
1
1
1
1
1
1
1
1
1
1
1
1
1
1
1
1
1
1
1
1
1
1
1
1
1
1
1
1
1
1
1
1
1
1
1
1
1
1
1
1
1
1
1
1
1
1
1
1
1
1
1
1
1
1
1
1
1
1
1
1
1
1
1
1
1
1
1
1
1
1
1
1
1
1
1
1
1
1
1
1
1
1
1
1
1
1
1
1
1
1
1
1
1
1
1
1
1
1
1
1
1
1
1
1
1
1
1
1
1
1
1
1
1
1
1
1
1
1
1
1
1
1
1
1
1
1
1
1
1
1
1
1
1
1
1
1
1
1
1
1
1
1
1
1
1
1
1
1
1
1
1
1
1
1
1
1
1
1
1
1
1
1
1
1
1
1
1
1
1
1
1
1
1
1
1
1
1
1
1
1
1
1
1
1
1
1
1
1
1
1
1
1
1
1
1
1
1
1
1
1
1
1
1
1
1
1
1
1
1
1
1
1
1
1
1
1
1
1
1
1
1
1
1
1
1
1
1
1
1
1
1
1
1
1
1
1
1
1
1
1
1
1
1
1
1
1
1
1
1
1
1
1
1
1
1
1
1
1
1
1
1
1
1
1
1
1
1
1
1
1
1
1
1
1
1
1
1
1
1
1
1
1
1
1
1
1
1
1
1
1
1
1
1
1
1
1
1
1
1
1
1
1
1
1
1
1
1
1
1
1
1
1
1
1
1
1
1
1
1
1
1
1
1
1
1
1
1
1
1
1
1
1
1
1
1
1
1
1
1
1
1
1
1
1
1
1
1
1
1
1
1
1
1
1
1
1
1
1
1
1
1
1
1
1
1
1
1
1
1
1
1
1
1
1
1
1
1
1
1
1
1
1
1
1
1
1
1
1
1
1
1
1
1
1
1
1
1
1
1
1
1
1
1
1
1
1
1
1
1
1
1
1
1
1
1
1
1
1
1
1
1
1
1
1
1
1
1
1
1
1
1
1
1
1
1
1
1
1
1
1
1
1
1
1
1
1
1
1
1
1
1
1
1
1
1
1
1
1
1
1
1
1
1
1
1
1
1
1
1
1
1
1
1
1
1
1
1
1
1
1
1
1
1
1
1
1
1
0.99999999
0.99999999
0.99999999
0.99999999
0.99999999
0.99999999
0.99999999
0.99999999
0.99999999
0.99999999
0.99999999
0.99999999
0.99999999
0.99999999
0.99999999
0.99999999
0.99999999
0.99999999
0.99999999
0.99999999
0.99999999
0.99999999
0.99999999
0.99999999
0.99999999
0.99999999
0.99999999
0.99999999
0.99999999
0.99999999
0.99999999
0.99999999
0.99999999
0.99999999
0.99999999
0.99999999
0.99999999
0.99999999
0.99999999
0.99999999
0.99999999
0.99999999
0.99999999
0.99999999
0.99999999
0.99999999
0.99999999
0.99999999
0.99999999
0.99999999
0.99999999
0.99999999
0.99999999
0.99999999
0.99999999
0.99999999
0.99999999
0.99999999
0.99999999
0.99999999
0.99999999
0.99999999
0.99999999
0.99999999
0.99999999
0.99999999
0.99999999
0.99999999
0.99999999
0.99999999
0.99999999
0.99999999
0.99999999
0.99999999
0.99999999
0.99999999
0.99999999
0.99999999
0.99999999
0.99999999
0.99999999
0.99999999
0.99999999
0.99999999
0.99999999
0.99999999
0.99999999
0.99999999
0.99999999
0.99999999
0.99999999
0.99999999
0.99999999
0.99999999
0.99999999
0.99999999
0.99999999
0.99999999
0.99999999
0.99999999
0.99999999
0.99999999
0.99999999
0.99999999
0.99999999
0.99999999
1
1
1
1
1
1
1
1
1
1
1
1
1
1
1
1
1
1
1
1
1
1
1
1
1
1
1
1
1
1
1
1
1
1
1
1
1
1
1
1
1
1
1
1
1
1
1
1
1
1
1
1
1
1
1
1
1
1
1
1
1
1
1
1
1
1
1
1
1
1
1
1
1
1
1
1
1
1
1
1
1
1
1
1
1
0.99999999
0.99999999
0.99999999
0.99999998
0.99999998
0.99999998
0.99999997
0.99999997
0.99999997
0.99999997
0.99999996
0.99999996
0.99999996
0.99999996
0.99999996
0.99999996
0.99999996
0.99999996
0.99999996
0.99999996
0.99999996
0.99999996
0.99999997
0.99999997
0.99999997
0.99999997
0.99999997
0.99999997
0.99999997
0.99999997
0.99999997
0.99999997
0.99999997
0.99999997
0.99999997
0.99999997
0.99999997
0.99999997
0.99999997
0.99999997
0.99999997
0.99999997
0.99999997
0.99999997
0.99999997
0.99999997
0.99999996
0.99999996
0.99999996
0.99999996
0.99999996
0.99999996
0.99999996
0.99999996
0.99999996
0.99999996
0.99999996
0.99999996
0.99999996
0.99999996
0.99999996
0.99999996
0.99999996
0.99999996
0.99999996
0.99999996
0.99999996
0.99999996
0.99999996
0.99999996
0.99999996
0.99999996
0.99999996
0.99999996
0.99999996
0.99999996
0.99999996
0.99999996
0.99999996
0.99999996
0.99999996
0.99999996
0.99999996
0.99999996
0.99999996
0.99999996
0.99999996
0.99999996
0.99999996
0.99999996
0.99999996
0.99999996
0.99999996
0.99999996
0.99999996
0.99999996
0.99999996
0.99999996
0.99999996
0.99999996
0.99999996
0.99999996
0.99999996
0.99999996
0.99999996
0.99999996
0.99999996
0.99999996
0.99999996
0.99999996
0.99999996
0.99999996
0.99999996
0.99999996
0.99999996
1
1
1
1
1
1
1
1
1
1
1
1
1
1
1
1
1
1
1
1
1
1
1
1
1
1
1
1
1
1
1
1
1
1
1
1
1
1
1
1
1
1
1
1
1
1
1
1
1
1
1
1
0.99999999
0.99999999
0.99999999
0.99999999
0.99999999
0.99999999
0.99999999
0.99999999
0.99999999
0.99999999
0.99999999
0.99999999
0.99999999
0.99999999
0.99999999
0.99999999
0.99999999
0.99999999
0.99999999
0.99999999
0.99999999
0.99999999
0.99999999
0.99999999
0.99999999
0.99999999
0.99999999
0.99999999
0.99999999
0.99999999
0.99999998
0.99999998
0.99999997
0.99999996
0.99999994
0.99999993
0.99999991
0.99999989
0.99999987
0.99999985
0.99999983
0.99999981
0.9999998
0.99999979
0.99999979
0.99999979
0.99999979
0.99999979
0.99999979
0.99999979
0.99999979
0.99999979
0.9999998
0.9999998
0.9999998
0.9999998
0.99999981
0.99999981
0.99999981
0.99999981
0.99999982
0.99999982
0.99999982
0.99999983
0.99999983
0.99999983
0.99999983
0.99999983
0.99999983
0.99999984
0.99999984
0.99999984
0.99999984
0.99999984
0.99999983
0.99999983
0.99999983
0.99999982
0.99999982
0.99999981
0.9999998
0.9999998
0.99999979
0.99999979
0.99999979
0.99999978
0.99999978
0.99999978
0.99999978
0.99999978
0.99999978
0.99999978
0.99999978
0.99999978
0.99999978
0.99999978
0.99999978
0.99999978
0.99999978
0.99999978
0.99999978
0.99999978
0.99999978
0.99999978
0.99999979
0.99999979
0.99999979
0.99999979
0.99999979
0.99999979
0.99999979
0.99999979
0.99999979
0.99999979
0.99999979
0.99999979
0.99999979
0.99999979
0.99999979
0.99999979
0.99999979
0.99999979
0.99999979
0.99999979
0.99999979
0.99999979
0.99999979
0.99999979
0.99999979
0.99999979
0.99999979
0.99999979
0.99999979
0.9999998
0.9999998
0.9999998
0.9999998
0.9999998
0.9999998
0.9999998
0.9999998
0.9999998
0.9999998
0.9999998
0.9999998
0.9999998
0.9999998
0.9999998
1
1
1
1
1
1
1
1
1
1
1
1
1
1
1
1
1
1
1
1
1
1
1
1
1
1
1
1
1
1
1
1
1
1
1
1
1
1
1
1
1
1
1
1
1
1
1
1
1
0.99999999
0.99999998
0.99999996
0.99999994
0.99999993
0.99999992
0.99999991
0.99999991
0.99999991
0.99999992
0.99999992
0.99999992
0.99999992
0.99999993
0.99999993
0.99999993
0.99999994
0.99999994
0.99999994
0.99999995
0.99999995
0.99999995
0.99999996
0.99999996
0.99999996
0.99999996
0.99999996
0.99999996
0.99999996
0.99999996
0.99999996
0.99999994
0.99999993
0.9999999
0.99999987
0.99999982
0.99999975
0.99999967
0.99999958
0.99999949
0.99999938
0.99999928
0.99999918
0.99999909
0.99999902
0.99999896
0.99999892
0.9999989
0.99999889
0.99999889
0.99999889
0.9999989
0.99999891
0.99999892
0.99999893
0.99999894
0.99999896
0.99999897
0.99999899
0.99999901
0.99999902
0.99999904
0.99999906
0.99999908
0.99999909
0.99999911
0.99999912
0.99999914
0.99999915
0.99999916
0.99999917
0.99999917
0.99999918
0.99999918
0.99999919
0.99999919
0.99999918
0.99999918
0.99999916
0.99999915
0.99999913
0.9999991
0.99999908
0.99999905
0.99999903
0.99999901
0.99999899
0.99999897
0.99999896
0.99999895
0.99999895
0.99999895
0.99999895
0.99999895
0.99999895
0.99999895
0.99999895
0.99999896
0.99999896
0.99999896
0.99999897
0.99999897
0.99999897
0.99999898
0.99999898
0.99999898
0.99999899
0.99999899
0.99999899
0.999999
0.999999
0.999999
0.999999
0.99999901
0.99999901
0.99999901
0.99999901
0.99999902
0.99999902
0.99999902
0.99999902
0.99999902
0.99999902
0.99999903
0.99999903
0.99999903
0.99999903
0.99999903
0.99999903
0.99999904
0.99999904
0.99999904
0.99999904
0.99999904
0.99999904
0.99999904
0.99999905
0.99999905
0.99999905
0.99999905
0.99999905
0.99999905
0.99999906
0.99999906
0.99999906
0.99999906
0.99999906
0.99999906
0.99999906
0.99999906
0.99999906
1
1
1
1
1
1
1
1
1
1
1
1
1
1
1
1
1
1
1
1
1
1
1
1
1
1
1
1
1
1
1
1
1
1
1
1
1
1
1
1
1
1
1
1
1
1
1
0.99999998
0.99999996
0.9999999
0.99999981
0.99999968
0.99999954
0.99999942
0.99999934
0.99999933
0.99999934
0.99999935
0.99999936
0.99999938
0.99999941
0.99999943
0.99999946
0.99999949
0.99999952
0.99999955
0.99999958
0.99999961
0.99999964
0.99999966
0.99999968
0.9999997
0.99999972
0.99999973
0.99999974
0.99999975
0.99999975
0.99999975
0.99999974
0.99999971
0.99999964
0.99999954
0.99999939
0.99999919
0.99999893
0.99999861
0.99999824
0.99999781
0.99999736
0.99999689
0.99999643
0.999996
0.99999562
0.99999529
0.99999502
0.99999483
0.99999471
0.99999466
0.99999467
0.99999469
0.99999473
0.99999477
0.99999482
0.99999489
0.99999496
0.99999503
0.99999512
0.9999952
0.99999529
0.99999539
0.99999548
0.99999557
0.99999566
0.99999575
0.99999583
0.9999959
0.99999597
0.99999604
0.99999609
0.99999614
0.99999617
0.9999962
0.99999622
0.99999623
0.99999624
0.99999624
0.99999622
0.99999618
0.99999612
0.99999604
0.99999596
0.99999587
0.99999578
0.99999569
0.99999562
0.99999555
0.99999549
0.99999545
0.99999542
0.9999954
0.9999954
0.99999541
0.99999541
0.99999542
0.99999543
0.99999544
0.99999545
0.99999547
0.99999548
0.9999955
0.99999551
0.99999553
0.99999555
0.99999556
0.99999558
0.9999956
0.99999561
0.99999563
0.99999564
0.99999566
0.99999567
0.99999569
0.9999957
0.99999571
0.99999572
0.99999573
0.99999575
0.99999576
0.99999577
0.99999578
0.99999578
0.99999579
0.9999958
0.99999581
0.99999582
0.99999583
0.99999584
0.99999585
0.99999585
0.99999586
0.99999587
0.99999588
0.99999589
0.9999959
0.9999959
0.99999591
0.99999592
0.99999593
0.99999594
0.99999594
0.99999595
0.99999596
0.99999596
0.99999597
0.99999597
0.99999598
0.99999598
0.99999598
0.99999599
0.99999599
1
1
1
1
1
1
1
1
1
1
1
1
1
1
1
1
1
1
1
1
1
1
1
1
1
1
1
1
1
1
1
1
1
1
1
1
1
1
1
1
1
1
1
1
1
0.99999999
0.99999995
0.99999984
0.9999996
0.99999915
0.99999843
0.99999746
0.99999633
0.99999528
0.99999458
0.99999447
0.99999453
0.99999465
0.99999481
0.99999502
0.99999526
0.99999553
0.9999958
0.99999608
0.99999635
0.99999662
0.99999687
0.99999711
0.99999732
0.99999751
0.99999768
0.99999783
0.99999795
0.99999805
0.99999812
0.99999818
0.99999821
0.99999822
0.99999818
0.99999799
0.99999763
0.99999709
0.99999633
0.99999535
0.99999413
0.99999268
0.99999104
0.99998925
0.99998739
0.99998552
0.9999837
0.99998201
0.99998049
0.99997918
0.9999781
0.99997728
0.99997673
0.99997644
0.99997643
0.99997652
0.99997666
0.99997685
0.99997709
0.99997737
0.9999777
0.99997806
0.99997844
0.99997885
0.99997927
0.99997971
0.99998014
0.99998057
0.99998099
0.9999814
0.99998178
0.99998214
0.99998246
0.99998275
0.99998301
0.99998322
0.9999834
0.99998354
0.99998365
0.99998372
0.99998375
0.99998376
0.99998376
0.99998368
0.99998353
0.99998332
0.99998307
0.9999828
0.99998252
0.99998226
0.99998201
0.9999818
0.99998164
0.99998151
0.99998144
0.99998141
0.99998141
0.99998143
0.99998145
0.99998148
0.99998152
0.99998157
0.99998163
0.99998169
0.99998175
0.99998181
0.99998188
0.99998195
0.99998202
0.99998209
0.99998216
0.99998222
0.99998229
0.99998235
0.99998242
0.99998248
0.99998254
0.9999826
0.99998266
0.99998271
0.99998277
0.99998282
0.99998287
0.99998292
0.99998297
0.99998302
0.99998307
0.99998311
0.99998316
0.9999832
0.99998324
0.99998328
0.99998333
0.99998337
0.99998341
0.99998345
0.99998349
0.99998353
0.99998357
0.99998361
0.99998365
0.99998369
0.99998373
0.99998377
0.9999838
0.99998383
0.99998386
0.99998389
0.99998391
0.99998394
0.99998396
0.99998397
0.99998399
0.999984
0.99998401
0.99998402
1
1
1
1
1
1
1
1
1
1
1
1
1
1
1
1
1
1
1
1
1
1
1
1
1
1
1
1
1
1
1
1
1
1
1
1
1
1
1
1
1
1
1
1
0.99999998
0.99999986
0.99999946
0.99999849
0.99999653
0.99999317
0.99998804
0.99998108
0.99997271
0.99996411
0.99995719
0.99995413
0.99995465
0.99995575
0.99995734
0.99995931
0.99996155
0.99996397
0.99996646
0.99996895
0.99997137
0.99997368
0.99997583
0.9999778
0.99997957
0.99998114
0.99998251
0.99998367
0.99998464
0.99998542
0.99998601
0.99998644
0.9999867
0.99998681
0.99998681
0.99998607
0.99998444
0.99998194
0.99997856
0.99997432
0.99996927
0.99996355
0.9999573
0.99995073
0.99994405
0.99993748
0.9999312
0.99992537
0.99992011
0.99991551
0.99991162
0.99990847
0.99990609
0.99990451
0.99990374
0.99990396
0.99990441
0.99990509
0.99990598
0.99990706
0.99990833
0.99990975
0.99991131
0.99991298
0.99991473
0.99991653
0.99991836
0.99992017
0.99992196
0.99992367
0.99992531
0.99992683
0.99992823
0.9999295
0.99993061
0.99993157
0.99993238
0.99993304
0.99993354
0.99993391
0.99993414
0.99993426
0.99993427
0.99993427
0.99993412
0.99993376
0.99993324
0.99993263
0.99993198
0.99993135
0.99993078
0.9999303
0.99992993
0.9999297
0.9999296
0.9999296
0.99992962
0.99992968
0.99992978
0.99992991
0.99993007
0.99993025
0.99993046
0.99993067
0.9999309
0.99993114
0.99993138
0.99993163
0.99993187
0.99993212
0.99993236
0.99993261
0.99993285
0.99993309
0.99993333
0.99993356
0.9999338
0.99993403
0.99993426
0.99993449
0.99993471
0.99993493
0.99993515
0.99993537
0.99993558
0.99993579
0.999936
0.9999362
0.99993641
0.99993661
0.99993681
0.999937
0.9999372
0.99993739
0.99993758
0.99993777
0.99993796
0.99993814
0.99993832
0.9999385
0.99993867
0.99993883
0.99993899
0.99993914
0.99993928
0.99993941
0.99993954
0.99993965
0.99993975
0.99993984
0.99993991
0.99993998
0.99994003
0.99994008
0.99994011
0.99994014
1
1
1
1
1
1
1
1
1
1
1
1
1
1
1
1
1
1
1
1
1
1
1
1
1
1
1
1
1
1
1
1
1
1
1
1
1
1
1
1
1
1
1
0.99999999
0.99999959
0.99999796
0.99999386
0.99998582
0.99997207
0.99995061
0.99991952
0.99987755
0.99982528
0.99976668
0.99971017
0.99966826
0.9996567
0.99966416
0.99967613
0.99969165
0.99970967
0.99972918
0.99974929
0.99976927
0.99978854
0.99980671
0.99982349
0.99983871
0.99985229
0.9998642
0.99987449
0.9998832
0.99989043
0.99989625
0.99990078
0.9999041
0.99990629
0.99990744
0.99990763
0.99990727
0.9999024
0.99989368
0.99988161
0.9998667
0.99984949
0.99983059
0.99981062
0.99979024
0.99977005
0.99975054
0.99973214
0.9997151
0.99969959
0.9996857
0.99967343
0.99966281
0.99965385
0.99964662
0.99964126
0.99963805
0.99963798
0.9996397
0.99964223
0.99964555
0.99964963
0.99965441
0.9996598
0.99966572
0.99967207
0.99967871
0.99968553
0.9996924
0.99969921
0.99970584
0.9997122
0.99971819
0.99972375
0.99972881
0.99973335
0.99973732
0.99974073
0.99974358
0.99974587
0.99974764
0.99974893
0.99974978
0.99975024
0.99975037
0.99975036
0.99975035
0.99975034
0.99974993
0.99974929
0.99974859
0.99974797
0.99974752
0.99974734
0.99974733
0.99974732
0.99974736
0.99974753
0.99974781
0.9997482
0.99974869
0.99974925
0.99974988
0.99975055
0.99975126
0.999752
0.99975275
0.9997535
0.99975427
0.99975503
0.9997558
0.99975656
0.99975733
0.9997581
0.99975888
0.99975967
0.99976046
0.99976126
0.99976208
0.9997629
0.99976373
0.99976458
0.99976543
0.99976629
0.99976715
0.99976802
0.99976888
0.99976975
0.99977062
0.99977148
0.99977234
0.9997732
0.99977405
0.99977489
0.99977572
0.99977654
0.99977735
0.99977814
0.99977891
0.99977967
0.99978039
0.9997811
0.99978177
0.9997824
0.999783
0.99978356
0.99978407
0.99978454
0.99978496
0.99978533
0.99978565
0.99978593
0.99978615
0.99978634
0.99978648
0.99978659
0.99978666
0.99999397
0.99998862
0.99998455
0.99998161
0.99997961
0.99997837
0.99997771
0.99997747
0.99997752
0.99997777
0.99997816
0.99997866
0.99997925
0.99997997
0.99998082
0.99998182
0.999983
0.99998434
0.99998582
0.99998737
0.99998895
0.99999049
0.99999194
0.99999325
0.99999441
0.9999954
0.99999624
0.99999693
0.99999748
0.99999793
0.99999829
0.99999857
0.99999879
0.99999896
0.9999991
0.9999992
0.99999928
0.99999933
0.99999937
0.9999994
0.99999941
0.99999941
0.9999994
0.99999939
0.99998837
0.99996509
0.99992823
0.99987443
0.99979821
0.99969192
0.99954616
0.99935178
0.99910406
0.99880919
0.99849047
0.99819094
0.99796902
0.99790766
0.99796645
0.99805431
0.99816341
0.99828583
0.99841444
0.99854341
0.99866831
0.99878599
0.99889441
0.99899242
0.99907954
0.99915577
0.99922145
0.99927713
0.99932347
0.99936118
0.99939097
0.99941353
0.99942951
0.99943948
0.99944401
0.99944399
0.99944396
0.99942926
0.99940265
0.99936697
0.9993248
0.99927845
0.99923002
0.99918128
0.99913364
0.99908809
0.99904521
0.99900518
0.9989679
0.9989331
0.99890041
0.99886954
0.99884036
0.99881299
0.99878784
0.99876571
0.99874768
0.99873672
0.99873543
0.99874254
0.99875252
0.99876528
0.99878069
0.99879846
0.99881826
0.99883967
0.99886224
0.99888549
0.99890896
0.9989322
0.99895482
0.99897645
0.9989968
0.99901563
0.99903276
0.99904808
0.99906153
0.99907309
0.99908281
0.99909077
0.99909706
0.99910185
0.99910529
0.99910757
0.99910888
0.99910943
0.9991094
0.99910938
0.99910935
0.99910933
0.9991093
0.99910928
0.99910925
0.99910935
0.99910978
0.99911053
0.99911159
0.99911293
0.99911451
0.99911629
0.99911822
0.99912025
0.99912234
0.99912446
0.99912659
0.9991287
0.99913079
0.99913287
0.99913492
0.99913698
0.99913905
0.99914115
0.9991433
0.99914553
0.99914785
0.99915026
0.99915279
0.99915545
0.99915822
0.99916112
0.99916414
0.99916728
0.99917051
0.99917384
0.99917725
0.99918072
0.99918424
0.99918781
0.9991914
0.999195
0.9991986
0.99920218
0.99920573
0.99920925
0.99921271
0.9992161
0.99921941
0.99922263
0.99922574
0.99922873
0.99923159
0.99923429
0.99923683
0.99923919
0.99924137
0.99924335
0.99924513
0.99924671
0.99924807
0.99924923
0.99925019
0.99925095
0.99925154
0.99925195
0.99925222
0.99925228
0.42697963
0.49772174
0.59294704
0.66180532
0.71412832
0.75564568
0.78927018
0.81668746
0.83907666
0.85739331
0.87246882
0.88504615
0.89579118
0.9052904
0.91403751
0.92241236
0.93065837
0.93886766
0.94698719
0.95485484
0.962259
0.96900113
0.97494087
0.98001458
0.98423088
0.98765264
0.9903753
0.99250751
0.99415687
0.99542127
0.99638468
0.99711611
0.9976705
0.99809059
0.99840899
0.99865032
0.99883293
0.99897045
0.99907288
0.99914757
0.99919982
0.99923333
0.99925052
0.99925274
0.99925269
0.99923205
0.99915119
0.9990052
0.99877966
0.99845029
0.99798419
0.99734543
0.99650729
0.99547046
0.994281
0.99303977
0.99189801
0.99103663
0.99072431
0.99100055
0.99141755
0.99193201
0.99250215
0.99309239
0.99367512
0.99423064
0.99474608
0.99521403
0.99563121
0.99599719
0.99631354
0.99658298
0.99680892
0.99699502
0.99714497
0.99726232
0.99735042
0.99741237
0.99745107
0.9974693
0.99746977
0.9974697
0.99746262
0.99742654
0.99737001
0.99730064
0.99722473
0.99714685
0.99707
0.99699574
0.99692433
0.99685505
0.99678647
0.9967168
0.99664425
0.99656732
0.99648514
0.9963977
0.99630604
0.99621239
0.99612022
0.99603405
0.99595928
0.99590462
0.99588258
0.99589888
0.99593176
0.99597446
0.99602614
0.99608557
0.99615128
0.99622162
0.99629487
0.99636936
0.99644352
0.99651594
0.99658542
0.99665097
0.99671183
0.99676744
0.99681749
0.99686181
0.99690043
0.99693352
0.99696138
0.9969844
0.99700306
0.9970179
0.99702948
0.9970384
0.99704523
0.99705051
0.99705476
0.99705841
0.99706184
0.99706534
0.99706912
0.99707332
0.99707799
0.99708314
0.99708871
0.9970946
0.99710069
0.99710686
0.99711296
0.9971189
0.99712456
0.99712989
0.99713486
0.99713946
0.99714373
0.99714774
0.99715157
0.99715534
0.99715915
0.99716315
0.99716745
0.99717217
0.99717743
0.9971833
0.99718986
0.99719716
0.99720522
0.99721406
0.99722366
0.99723399
0.997245
0.99725663
0.99726883
0.9972815
0.99729459
0.99730799
0.99732164
0.99733545
0.99734934
0.99736324
0.99737707
0.99739075
0.99740423
0.99741742
0.99743026
0.99744269
0.99745464
0.99746606
0.99747688
0.99748706
0.99749655
0.9975053
0.99751327
0.99752043
0.99752678
0.99753229
0.99753697
0.99754083
0.9975439
0.99754622
0.99754784
0.99754882
0.99754897
0.99754661
0.00019182081
0.00036396119
0.00062286251
0.09458554
0.21091765
0.31970946
0.40933325
0.481365
0.53852315
0.58353624
0.61889156
0.64684351
0.6694725
0.68872817
0.70642256
0.72416086
0.74320889
0.76431523
0.78756575
0.81238372
0.83773083
0.86242284
0.88542193
0.90600848
0.92382056
0.93880326
0.95111957
0.96105988
0.96896875
0.97519409
0.98005675
0.98383569
0.98676363
0.98902896
0.99078087
0.99213558
0.99318259
0.99399023
0.99461046
0.9950826
0.99543631
0.99569368
0.99587062
0.99597753
0.99601986
0.99601976
0.99601966
0.99584461
0.99542432
0.99470168
0.99359987
0.99203603
0.98994799
0.98732909
0.98425909
0.98091835
0.97758102
0.9745884
0.9723031
0.97121168
0.97195296
0.97316722
0.97469735
0.97640576
0.97817754
0.97992537
0.98158826
0.9831274
0.98452123
0.98576081
0.98684599
0.98778232
0.9885788
0.98924628
0.98979638
0.99024074
0.99059069
0.99085701
0.99104994
0.99117923
0.9912542
0.99128394
0.9912838
0.99128367
0.99128353
0.99128339
0.99128325
0.99127352
0.9912529
0.99122303
0.99118259
0.99112788
0.99105389
0.9909551
0.99082614
0.9906628
0.99046274
0.99022605
0.9899557
0.98965775
0.98934136
0.98901853
0.98870353
0.98841211
0.98816046
0.98796413
0.987862
0.98787257
0.9879631
0.98808363
0.98823061
0.98839951
0.98858528
0.98878262
0.98898635
0.98919162
0.98939414
0.98959023
0.98977692
0.98995193
0.99011364
0.99026108
0.99039383
0.99051194
0.99061591
0.99070654
0.99078493
0.99085235
0.99091019
0.9909599
0.9910029
0.99104057
0.99107416
0.99110474
0.99113322
0.9911603
0.99118646
0.99121198
0.99123695
0.99126132
0.99128489
0.99130737
0.99132845
0.99134778
0.99136506
0.99138006
0.9913926
0.99140265
0.99141027
0.99140718
0.99139405
0.99137275
0.99134549
0.99131474
0.99128316
0.99125349
0.99122847
0.99121075
0.99120273
0.99120658
0.99121875
0.99123432
0.99125343
0.99127617
0.9913025
0.99133234
0.99136551
0.99140176
0.99144082
0.99148235
0.99152602
0.99157145
0.99161827
0.99166611
0.9917146
0.99176339
0.99181212
0.99186047
0.99190812
0.99195477
0.99200013
0.99204394
0.99208594
0.9921259
0.99216361
0.99219886
0.99223149
0.99226136
0.99228833
0.99231232
0.99233328
0.9923512
0.99236609
0.99237801
0.99238708
0.99239345
0.99239731
0.99239889
0.99239287
0.99238102
0.00013257684
0.00031222347
0.00069290941
0.0016377523
0.0030187489
0.054434296
0.13747175
0.21655892
0.28032392
0.32850145
0.35742327
0.36393006
0.35317865
0.33266529
0.31081196
0.29601208
0.29623822
0.31888865
0.36601177
0.42589678
0.4942274
0.56549714
0.63464674
0.69803646
0.75365398
0.80084559
0.83988545
0.87157378
0.89693704
0.91703471
0.93285089
0.94524413
0.95493316
0.96250272
0.96841895
0.9730481
0.97667516
0.97952049
0.98175398
0.98350647
0.98487851
0.98594667
0.98676752
0.98737973
0.98780433
0.98804458
0.98808386
0.98808372
0.98754184
0.98630171
0.98423171
0.98120468
0.97713991
0.97204892
0.96606846
0.95947061
0.95265054
0.94609746
0.9403494
0.93593237
0.93329392
0.93406556
0.93650994
0.93971908
0.94337557
0.94721303
0.95102852
0.95467967
0.95807506
0.96116276
0.96391984
0.96634351
0.96844432
0.97024106
0.97175721
0.9730185
0.97405137
0.97488203
0.97553598
0.97603773
0.97641073
0.9766772
0.97685804
0.97697254
0.97703757
0.9770674
0.9770734
0.97707322
0.97707304
0.97707285
0.97707267
0.97707249
0.97707231
0.97703558
0.97690268
0.97666565
0.97632046
0.97586799
0.9753147
0.97467296
0.97396086
0.97320178
0.97242334
0.97165615
0.97093213
0.97028279
0.96973731
0.96932091
0.96909155
0.96911054
0.96931833
0.96960016
0.96994519
0.97034088
0.97077404
0.97123162
0.9717014
0.97217243
0.97263536
0.97308255
0.9735081
0.97390778
0.97427888
0.97462008
0.9749312
0.97521304
0.97546717
0.9756957
0.97590114
0.97608618
0.97625356
0.9764059
0.97654559
0.9766747
0.97679492
0.97690747
0.97701318
0.9771124
0.97720514
0.97729108
0.97736965
0.97744014
0.97750181
0.97755393
0.97759591
0.97762739
0.97764824
0.9776522
0.97761924
0.97756083
0.97748081
0.97738286
0.97727124
0.97715062
0.97702595
0.97690235
0.9767849
0.97667853
0.97658784
0.97651699
0.97647476
0.97647026
0.9764986
0.97653936
0.97659263
0.9766582
0.9767356
0.97682412
0.97692289
0.97703086
0.97714689
0.97726975
0.97739818
0.97753091
0.97766667
0.97780422
0.97794236
0.97807995
0.9782159
0.97834919
0.97847886
0.97860403
0.97872387
0.97883763
0.97894465
0.97904433
0.97913614
0.97921967
0.97929456
0.97936059
0.97941762
0.97946562
0.97950468
0.979535
0.97955693
0.97957092
0.97957755
0.97956896
0.97954689
0.97951213
7.7354454e-05
0.00022137248
0.000631504
0.0016207416
0.0037603363
0.0080848999
0.017164883
0.049037354
0.068927386
0.055167597
0.035431065
0.02348415
0.015898249
0.011028561
0.0078978356
0.0058888488
0.0046142542
0.0038372268
0.0097768861
0.044220873
0.10894369
0.19552053
0.2939896
0.39469039
0.49033173
0.57649218
0.65119855
0.71419601
0.76625779
0.80866338
0.8428552
0.87023793
0.89207673
0.90945772
0.92328428
0.93429187
0.94307068
0.95008986
0.95572018
0.96025327
0.96391681
0.96688546
0.96928791
0.97121044
0.97269816
0.97375493
0.97434361
0.97439344
0.97374993
0.9718177
0.96841573
0.96340542
0.95673937
0.94849841
0.93890756
0.92833243
0.91726209
0.90628377
0.89604814
0.88722043
0.88042002
0.87616567
0.87645163
0.8800843
0.88512496
0.89104274
0.8973789
0.90377484
0.90997193
0.91579787
0.92114902
0.92597321
0.93025515
0.93400485
0.93724883
0.94002388
0.94237255
0.94434017
0.94597288
0.94731621
0.94841415
0.94930828
0.95003702
0.95063487
0.95113153
0.95155116
0.95191175
0.95222492
0.95249585
0.95272372
0.95290252
0.95302224
0.95307039
0.95307017
0.95300122
0.95271138
0.95219565
0.95145755
0.95050981
0.94937454
0.94808275
0.94667333
0.94519146
0.94368674
0.94221092
0.94081552
0.93954948
0.93845683
0.93757472
0.93693174
0.93660681
0.93671047
0.93708365
0.93758841
0.93820308
0.93890425
0.93966835
0.94047293
0.94129756
0.94212447
0.94293883
0.94372889
0.94448585
0.94520362
0.94587858
0.94650917
0.9470955
0.94763904
0.94814216
0.94860782
0.94903927
0.94943973
0.94981217
0.95015914
0.95048262
0.95078395
0.95106381
0.95132226
0.95155879
0.95177245
0.95196199
0.952126
0.95226309
0.95237206
0.95245206
0.95250272
0.95252428
0.95247465
0.95236968
0.95221424
0.95201441
0.95177739
0.95151133
0.95122511
0.95092811
0.95062996
0.95034022
0.95006818
0.9498226
0.94961145
0.94944174
0.94931942
0.94925686
0.94927925
0.94934628
0.94944325
0.94956938
0.9497233
0.94990314
0.95010664
0.9503312
0.95057401
0.9508321
0.95110243
0.95138194
0.95166763
0.95195658
0.95224596
0.95253313
0.95281555
0.95309089
0.95335699
0.95361185
0.95385369
0.95408089
0.95429206
0.954486
0.95466171
0.95481842
0.95495559
0.95507291
0.95517034
0.95524806
0.95530655
0.95534652
0.95536897
0.95537458
0.95534642
0.95529401
0.95521866
1.8415807e-05
1.9911411e-05
2.2417534e-05
2.5836736e-05
2.9851818e-05
3.3902366e-05
3.7386974e-05
3.9761867e-05
3.828797e-05
3.3772458e-05
3.0285177e-05
2.9135839e-05
3.0011723e-05
3.2792257e-05
3.6962615e-05
4.2873306e-05
5.2140546e-05
6.3654884e-05
7.6957902e-05
9.2129905e-05
0.0074299985
0.038499064
0.095974922
0.17471756
0.26563615
0.35976688
0.45031184
0.53305848
0.60598001
0.6685938
0.7213668
0.76526563
0.80145536
0.83111701
0.85534874
0.87512099
0.89126384
0.90447175
0.91531615
0.92425987
0.93167015
0.9378288
0.94293919
0.94713111
0.95046465
0.95293429
0.95447409
0.95496971
0.95391193
0.95079307
0.94544022
0.93779011
0.92791538
0.91602668
0.90246057
0.88766332
0.87217551
0.85661762
0.84167189
0.82805337
0.81646547
0.80755189
0.80183995
0.80131679
0.80582564
0.81245256
0.82047566
0.82924916
0.83825295
0.8471003
0.85552403
0.86335495
0.87049941
0.87691965
0.88261757
0.88762229
0.89198068
0.89575055
0.89899556
0.90178154
0.90417363
0.90623402
0.90801996
0.90958204
0.91096275
0.91219522
0.91330254
0.91429749
0.91518308
0.91595346
0.91659559
0.91709116
0.91741895
0.91755781
0.91755757
0.91722108
0.9164997
0.91540345
0.9139559
0.91219364
0.91016494
0.90792789
0.90554803
0.90309585
0.90064409
0.89826508
0.89602814
0.89399705
0.89222788
0.89076703
0.88964961
0.88889863
0.88866787
0.88905933
0.88967577
0.89048432
0.89145058
0.89253925
0.89371619
0.89494978
0.89621206
0.89747917
0.89873164
0.89995426
0.9011358
0.90226856
0.90334783
0.90437135
0.90533871
0.90625082
0.90710935
0.90791635
0.9086738
0.90938334
0.91004606
0.91066237
0.91123193
0.9117537
0.91222604
0.91264684
0.91301375
0.91332438
0.91357655
0.91376853
0.9138993
0.91396874
0.91395964
0.91384048
0.91362691
0.91332723
0.91295163
0.91251195
0.91202146
0.9114945
0.9109461
0.91039165
0.90984646
0.90932536
0.9088424
0.90841047
0.90804107
0.90774405
0.90752746
0.90739743
0.90740033
0.90749951
0.90765501
0.90786484
0.908126
0.90843462
0.90878613
0.90917541
0.909597
0.91004518
0.91051417
0.91099817
0.91149154
0.91198879
0.9124847
0.91297435
0.91345313
0.91391678
0.91436143
0.91478357
0.91518007
0.9155482
0.91588566
0.91619053
0.91646132
0.91669701
0.91689697
0.91706108
0.91718965
0.91728348
0.91734385
0.9173725
0.91735577
0.91729609
0.91719803
0.91706381
1.7556242e-05
1.7940876e-05
1.8442647e-05
1.8958302e-05
1.942068e-05
1.9801228e-05
2.0123965e-05
2.0464191e-05
2.094607e-05
2.171699e-05
2.2956227e-05
2.4879064e-05
2.775877e-05
3.1957499e-05
3.7970564e-05
4.6516541e-05
6.1266484e-05
8.014065e-05
0.00010468132
0.00013965351
0.00017716585
0.0025866795
0.021967602
0.064040963
0.12696689
0.20426374
0.28838481
0.37286834
0.4531284
0.52642586
0.59149055
0.64807519
0.69656853
0.73770541
0.77236918
0.80146741
0.82585974
0.84631972
0.8635174
0.8780131
0.89025684
0.90059043
0.90925158
0.9163802
0.92202743
0.92616652
0.92870426
0.92950179
0.92725274
0.92205628
0.91387971
0.90285475
0.8892518
0.8734433
0.85587306
0.83703861
0.81748512
0.79780558
0.77864048
0.76066936
0.74458754
0.73106987
0.72072672
0.71404756
0.71279592
0.71782877
0.72561077
0.73529335
0.74608986
0.75734728
0.76856553
0.77938779
0.7895785
0.79899847
0.80758174
0.815316
0.8222268
0.82836521
0.83379829
0.83860173
0.84285402
0.8466318
0.85000605
0.853039
0.85578167
0.85827224
0.86053512
0.86258104
0.86440797
0.86600288
0.86734413
0.86840428
0.86915329
0.86956215
0.86960701
0.8691927
0.86821415
0.86669361
0.8646709
0.86220149
0.85935389
0.85620668
0.85284545
0.84935986
0.84584088
0.84237827
0.83905819
0.83596097
0.83315907
0.8307152
0.82868056
0.82709376
0.82597973
0.82534903
0.82555554
0.82624298
0.8272199
0.82844157
0.82986136
0.83143328
0.83311413
0.83486491
0.83665164
0.83844578
0.84022413
0.84196853
0.84366527
0.84530446
0.84687929
0.84838529
0.84981964
0.85118053
0.85246664
0.85367668
0.85480912
0.85586194
0.85683255
0.85771784
0.85851424
0.8592179
0.85982497
0.86033184
0.86073545
0.86103358
0.86122521
0.86131078
0.86125034
0.86104021
0.86069002
0.86021216
0.85962155
0.85893534
0.85817254
0.85735349
0.85649947
0.85563209
0.85477287
0.85394266
0.85316126
0.85244696
0.85181619
0.85128325
0.85086007
0.85055605
0.85037799
0.85038303
0.85052758
0.85076161
0.85108115
0.85148072
0.85195356
0.85249189
0.85308718
0.85373039
0.85441218
0.85512316
0.85585403
0.85659573
0.85733956
0.85807726
0.85880112
0.85950397
0.86017926
0.86082109
0.8614242
0.861984
0.8624966
0.86295878
0.86336805
0.86372262
0.86402143
0.86426414
0.86445119
0.86458374
0.8646637
0.86469373
0.8646522
0.86455008
0.86439354
0.86418572
1.7141899e-05
1.714392e-05
1.7144603e-05
1.714496e-05
1.7145185e-05
1.7145346e-05
1.7145472e-05
1.7145575e-05
1.7382497e-05
1.7989392e-05
1.9145127e-05
2.107321e-05
2.4094474e-05
2.8691836e-05
3.5599544e-05
4.5921945e-05
6.126688e-05
8.3878978e-05
0.00011688069
0.00017308445
0.0002468539
0.00033237174
0.0020889256
0.019315915
0.05600299
0.11052738
0.17795692
0.25245875
0.3288003
0.40300413
0.47244206
0.53564639
0.59202667
0.64159341
0.68473027
0.72202323
0.75414027
0.78175025
0.8054701
0.82583183
0.84326367
0.85808219
0.87049363
0.880603
0.88842871
0.89391971
0.89697194
0.89658179
0.8919248
0.88351589
0.87159845
0.85658075
0.83895778
0.81925302
0.79798705
0.77566913
0.75280481
0.72991111
0.70753207
0.68624732
0.66666805
0.64941763
0.63509886
0.62425171
0.61730019
0.61580185
0.62113083
0.62965468
0.64047545
0.652733
0.66569284
0.67877709
0.69156163
0.70375684
0.71518309
0.72574639
0.7354168
0.74421031
0.75217408
0.75937448
0.76588746
0.77179083
0.77715799
0.78205311
0.78652751
0.79061737
0.79434282
0.79770818
0.80070353
0.80330714
0.80548879
0.80721321
0.80844403
0.80914837
0.80930088
0.80872579
0.80741328
0.80540483
0.80276181
0.79956176
0.79589423
0.79185685
0.78755181
0.78308295
0.77855339
0.77406365
0.76970998
0.76558278
0.76176511
0.7583312
0.75534482
0.752858
0.75090985
0.74952549
0.7487156
0.7487887
0.74953487
0.75066788
0.75213508
0.75388049
0.75584804
0.75798406
0.76023919
0.76256946
0.76493686
0.76730938
0.76966067
0.77196951
0.774219
0.77639583
0.7784894
0.7804911
0.78239366
0.78419057
0.78587565
0.78744282
0.78888593
0.79019871
0.7913749
0.79240842
0.79329359
0.79402548
0.79460016
0.79501512
0.79526959
0.79536489
0.79524987
0.79493483
0.79443307
0.79376137
0.79293959
0.79199025
0.79093803
0.78980915
0.78863084
0.78743068
0.78623599
0.78507334
0.78396792
0.78294315
0.78202024
0.78121783
0.78055175
0.78003482
0.77967672
0.7794839
0.77954253
0.77975445
0.78009106
0.78054569
0.78110969
0.78177272
0.78252315
0.78334842
0.78423537
0.78517055
0.78614053
0.78713207
0.78813239
0.78912929
0.79011127
0.79106765
0.79198864
0.79286536
0.79368992
0.79445542
0.79515598
0.79578676
0.79634396
0.79682483
0.79722769
0.7975519
0.79779792
0.79796724
0.79806245
0.79808716
0.79801293
0.79786023
0.79763674
0.79734657
1.3453253e-05
1.3279988e-05
1.3155292e-05
1.300153e-05
1.2823231e-05
1.2643518e-05
1.2515063e-05
1.2511845e-05
1.2511837e-05
1.2740556e-05
1.3457772e-05
1.4829175e-05
1.7134278e-05
2.0848464e-05
2.6765618e-05
3.619236e-05
5.1246283e-05
7.5285633e-05
0.00011344465
0.00017308566
0.00026398048
0.00040293847
0.00064725514
0.0032152166
0.023253291
0.059604292
0.11006152
0.17080576
0.23752401
0.30627032
0.3739133
0.43825053
0.49792601
0.55226204
0.60107458
0.64450618
0.68288873
0.71663767
0.74617433
0.77187307
0.79402964
0.81284782
0.82844109
0.84084505
0.85003565
0.85594742
0.85849493
0.85445841
0.84576808
0.83285761
0.81635437
0.79695229
0.77532681
0.75209061
0.72778023
0.70286416
0.67776422
0.65288298
0.62863083
0.60544678
0.5838082
0.56422635
0.54722714
0.53331962
0.52295579
0.51648245
0.51545953
0.52101213
0.52997007
0.54145563
0.55460477
0.56866088
0.58301412
0.59720547
0.6109123
0.62392623
0.63612956
0.64747319
0.65795738
0.66761531
0.67649949
0.6846707
0.69218906
0.69910728
0.70546583
0.71128999
0.71658881
0.72135575
0.72557059
0.72920268
0.73221483
0.73456742
0.73622259
0.73714957
0.73732892
0.73647101
0.73473838
0.73219834
0.72893738
0.72505552
0.72066086
0.71586519
0.71078059
0.70551717
0.70018162
0.69487639
0.68969905
0.68474172
0.68009035
0.6758238
0.67201258
0.66871758
0.66598874
0.66386376
0.66236711
0.66150921
0.66160022
0.66243817
0.66374891
0.66547402
0.66755043
0.66991392
0.67250209
0.67525644
0.67812381
0.68105704
0.68401521
0.68696332
0.68987179
0.6927157
0.69547405
0.69812891
0.70066476
0.70306781
0.70532554
0.70742636
0.70935939
0.71111442
0.71268194
0.71405328
0.71522087
0.71617851
0.71692163
0.71744769
0.71775656
0.7178508
0.717671
0.71724637
0.71659394
0.71573467
0.71469295
0.71349609
0.71217364
0.71075678
0.7092776
0.70776849
0.70626147
0.7047876
0.70337641
0.70205545
0.70084983
0.69978183
0.69887066
0.69813218
0.6975788
0.69721933
0.69705892
0.69720252
0.69751019
0.69797481
0.69858647
0.69933285
0.70019968
0.7011712
0.70223062
0.70336054
0.70454335
0.70576155
0.70699809
0.70823656
0.70946144
0.7106582
0.7118135
0.71291519
0.71395245
0.7149158
0.71579714
0.71658976
0.71728839
0.71788917
0.71838965
0.71878882
0.71908705
0.71928614
0.71938927
0.71939186
0.71927902
0.71907163
0.71877871
0.71840526
1.2844348e-05
1.2179186e-05
1.1409021e-05
1.060216e-05
9.8145024e-06
9.0859435e-06
8.4696679e-06
8.0393182e-06
7.8851461e-06
7.8850574e-06
8.1333771e-06
8.7512489e-06
9.9016325e-06
1.190991e-05
1.537489e-05
2.1371596e-05
3.1818941e-05
5.0133255e-05
8.2338418e-05
0.0001388123
0.00023673158
0.00040293599
0.00067734248
0.001150707
0.0071687739
0.033614715
0.071357899
0.1193555
0.1750994
0.23555413
0.29783074
0.35954652
0.41894331
0.47485802
0.52662024
0.57392544
0.61671112
0.65504987
0.68906587
0.7188775
0.74456498
0.7661592
0.78364643
0.7969819
0.80610762
0.81097694
0.80818617
0.799084
0.78500255
0.76683974
0.74554458
0.72199992
0.69696568
0.67106205
0.64477773
0.61849333
0.59251357
0.56710271
0.54251879
0.51904191
0.49699268
0.47673813
0.45868368
0.4432525
0.4308555
0.42185386
0.41651856
0.41670747
0.4225076
0.4316872
0.44344182
0.4569627
0.4715262
0.48653599
0.50153253
0.51618356
0.53026565
0.54364277
0.55624519
0.5680503
0.57906597
0.58931662
0.598832
0.60763877
0.61575453
0.62318441
0.62991994
0.63593991
0.64121277
0.64570024
0.64936169
0.65215848
0.6540581
0.65503936
0.65485379
0.65359366
0.65139084
0.64834007
0.6445507
0.64013972
0.63522611
0.62992671
0.62435379
0.61861393
0.61280782
0.60703063
0.60137258
0.59591933
0.5907521
0.58594733
0.58157586
0.57770183
0.57438128
0.57166068
0.56957557
0.5681493
0.56739201
0.56769546
0.56867949
0.57019869
0.57219127
0.57458957
0.57732381
0.58032514
0.58352797
0.58687154
0.59030079
0.59376668
0.59722605
0.60064116
0.60397913
0.60721124
0.61031225
0.61325975
0.61603375
0.61861621
0.62099086
0.62314306
0.6250598
0.62672982
0.62814378
0.62929447
0.63017704
0.63078932
0.63113217
0.63120978
0.63095901
0.63043047
0.62964451
0.62862555
0.62740156
0.6260034
0.62446407
0.62281807
0.62110069
0.61934734
0.6175929
0.61587121
0.61421447
0.61265278
0.61121378
0.60992218
0.60879955
0.60786404
0.60713019
0.60660884
0.60630698
0.60626783
0.60650621
0.60693614
0.60754735
0.60832643
0.60925736
0.61032199
0.61150064
0.6127726
0.61411664
0.61551143
0.61693598
0.61836996
0.61979399
0.62118985
0.62254069
0.62383115
0.62504749
0.62617762
0.62721119
0.62813963
0.62895614
0.62965568
0.63023503
0.63069271
0.63102898
0.63124583
0.63134694
0.63130955
0.63115513
0.63089383
0.63053572
0.63008666
1.2402937e-05
1.1365951e-05
1.0154839e-05
8.9465863e-06
7.8377729e-06
6.8752936e-06
6.0932097e-06
5.5217682e-06
5.188869e-06
5.1281676e-06
5.1505723e-06
5.254276e-06
5.4909653e-06
5.9958451e-06
7.0504737e-06
9.2067305e-06
1.354247e-05
2.2196216e-05
3.9470082e-05
7.4069903e-05
0.0001436007
0.00028357584
0.00056630397
0.0011498036
0.002510754
0.016047054
0.050508208
0.089100287
0.13483986
0.18647647
0.24188348
0.29890943
0.35571131
0.4108602
0.46332798
0.51241633
0.55766567
0.59876766
0.63549559
0.66765978
0.69508761
0.71761956
0.73511615
0.74747061
0.75462992
0.75340537
0.74331753
0.72749453
0.70718735
0.68364804
0.65799218
0.63114302
0.60382122
0.57655923
0.54972925
0.52357827
0.49826663
0.47390679
0.45059976
0.42846592
0.40766747
0.38842011
0.37099232
0.35569321
0.34285099
0.3327844
0.32577289
0.32202033
0.32394765
0.33002052
0.33924421
0.35092272
0.3643453
0.37886362
0.39393173
0.4091182
0.42410087
0.4386524
0.45262201
0.4659166
0.47848333
0.49029437
0.50133446
0.51159146
0.52104984
0.52968705
0.53747245
0.54436837
0.55033285
0.55532332
0.55930091
0.56223465
0.56410547
0.56491003
0.56419897
0.56245818
0.5597905
0.55631408
0.55215388
0.54743463
0.54227599
0.5367897
0.53107845
0.52523624
0.51934948
0.51349851
0.50775921
0.50220421
0.4969037
0.49192564
0.48733532
0.48319447
0.47955994
0.47648215
0.47400344
0.47215659
0.47096336
0.47043305
0.4709948
0.47217523
0.47392176
0.47617122
0.47885384
0.48189687
0.48522766
0.488776
0.49247582
0.49626616
0.50009164
0.50390244
0.50765413
0.51130718
0.51482646
0.51818078
0.52134241
0.52428677
0.52699214
0.52943954
0.53161269
0.53349805
0.53508485
0.53636534
0.53733483
0.53799191
0.53833875
0.53837267
0.5380517
0.53743678
0.53655067
0.53542008
0.53407507
0.53254827
0.53087426
0.5290888
0.52722819
0.52532871
0.52342598
0.52155447
0.51974706
0.51803456
0.51644537
0.51500513
0.51373643
0.51265858
0.51178738
0.51113503
0.51070995
0.5105167
0.5106597
0.51101988
0.51158752
0.51234914
0.51328806
0.5143849
0.51561819
0.51696502
0.51840153
0.51990354
0.52144697
0.52300832
0.52456503
0.52609576
0.52758067
0.5290016
0.53034222
0.53158815
0.53272706
0.53374865
0.53464476
0.53540929
0.53603828
0.53652979
0.53688396
0.53710287
0.5371906
0.53712031
0.5369252
0.53661623
0.53620406
0.53569538
1.209555e-05
1.0799325e-05
9.3186071e-06
7.9243147e-06
6.748926e-06
5.8405097e-06
5.2061908e-06
4.8213011e-06
4.6311583e-06
4.5681121e-06
4.5680656e-06
4.5047073e-06
4.37563e-06
4.2010068e-06
4.0517149e-06
4.079641e-06
4.5885001e-06
6.2225546e-06
1.0434677e-05
2.0619281e-05
4.4864518e-05
0.00010276648
0.00024298183
0.00059225932
0.0015183364
0.0044381538
0.028429498
0.070378189
0.1094825
0.15340857
0.2018929
0.25343778
0.30637783
0.35920137
0.41064195
0.45967278
0.50546163
0.54731913
0.5846598
0.61698514
0.64388387
0.66503331
0.68020485
0.6892842
0.6885063
0.67673419
0.65861412
0.63579183
0.60983039
0.58206749
0.55357131
0.52514518
0.49735488
0.47056581
0.4449837
0.42069558
0.39770954
0.375992
0.35550155
0.33621784
0.3181636
0.30141804
0.28612019
0.27246221
0.26067464
0.25100508
0.24369455
0.23895252
0.23692893
0.24000567
0.24634007
0.25546055
0.26679069
0.2797362
0.29374585
0.30834505
0.32314778
0.33785404
0.35223906
0.36613881
0.37943465
0.3920392
0.40388435
0.41491211
0.42506839
0.43429966
0.44255221
0.44977344
0.45591458
0.46093422
0.46480199
0.4675019
0.46903585
0.46922676
0.46796668
0.46575763
0.46272496
0.45899955
0.45470977
0.44997593
0.44490699
0.43959945
0.43413791
0.42859661
0.42304168
0.41753359
0.41212934
0.40688435
0.40185365
0.39709246
0.39265608
0.38859917
0.38497455
0.38183167
0.37921491
0.37716191
0.37570192
0.37485422
0.37475599
0.37553655
0.3769297
0.37888349
0.38133546
0.38421628
0.38745309
0.39097243
0.39470253
0.39857496
0.40252571
0.40649578
0.41043141
0.41428402
0.41801002
0.4215705
0.42493098
0.42806112
0.43093452
0.43352856
0.43582435
0.43780668
0.43946399
0.44078846
0.441776
0.44242629
0.44274298
0.44267319
0.44229369
0.44162402
0.44068791
0.43951264
0.43812838
0.43656745
0.43486369
0.43305178
0.43116675
0.42924339
0.42731577
0.42541686
0.42357811
0.42182911
0.42019722
0.41870736
0.41738168
0.41623935
0.41529637
0.41456543
0.41405571
0.4137728
0.41375784
0.41402772
0.41451959
0.41522089
0.41611536
0.41718366
0.41840389
0.41975225
0.4212037
0.42273247
0.42431272
0.42591895
0.42752652
0.42911196
0.43065336
0.43213053
0.43352528
0.43482153
0.43600544
0.43706545
0.43799232
0.43877917
0.43942144
0.43991685
0.44026536
0.44046915
0.4405325
0.44042865
0.44019936
0.43985577
0.43940867
0.43886543
1.1909207e-05
1.044823e-05
8.8160056e-06
7.3531047e-06
6.2140919e-06
5.4388379e-06
5.0062427e-06
4.8497848e-06
4.864562e-06
4.9263979e-06
4.9293866e-06
4.8712976e-06
4.7092552e-06
4.418353e-06
4.0182229e-06
3.5576989e-06
3.096731e-06
2.707692e-06
2.5120647e-06
2.7952629e-06
4.3274482e-06
9.2581557e-06
2.3662534e-05
6.5098336e-05
0.00018701206
0.00057319583
0.0021042945
0.060409171
0.094295583
0.13128989
0.17322419
0.21914708
0.26759472
0.3170413
0.36604902
0.41331346
0.45766681
0.49807133
0.5336211
0.56355976
0.58729998
0.60442124
0.61468341
0.61263233
0.59832343
0.57736161
0.55180172
0.52349416
0.49395303
0.46433506
0.43546843
0.40790106
0.38195388
0.35777183
0.33536999
0.31467399
0.29555516
0.27786122
0.26144301
0.24617712
0.23198378
0.21883855
0.2067768
0.19589045
0.18631818
0.17823007
0.17180961
0.16723499
0.16465955
0.16496479
0.1686295
0.17496714
0.18362212
0.19415537
0.20610379
0.219025
0.23252439
0.24626667
0.25997632
0.27343116
0.28645273
0.29889594
0.31063974
0.32157979
0.33162364
0.3406883
0.34870012
0.35559613
0.36132658
0.36585771
0.36917436
0.37128206
0.3722092
0.37135874
0.36960057
0.36706304
0.36387844
0.36017442
0.35606806
0.35166248
0.34704571
0.34229127
0.33745994
0.33260231
0.32776167
0.32297677
0.31828444
0.31372158
0.30932658
0.30514005
0.30120485
0.29756555
0.29426732
0.29135457
0.28886924
0.28684916
0.28532638
0.28432557
0.28386252
0.28425653
0.28525572
0.28682314
0.288909
0.29145377
0.29439126
0.29765167
0.30116409
0.3048587
0.30866828
0.31252938
0.31638302
0.32017504
0.32385634
0.32738283
0.33071537
0.3338197
0.33666627
0.33923014
0.3414909
0.34343257
0.34504351
0.34631633
0.34724785
0.34783894
0.34809463
0.34796667
0.34755225
0.34687082
0.34594541
0.344802
0.34346879
0.34197566
0.34035354
0.33863392
0.33684837
0.33502814
0.33320377
0.33140481
0.32965944
0.32799428
0.32643407
0.32500146
0.32371675
0.32259774
0.3216595
0.32091422
0.32037109
0.32003612
0.319912
0.32008609
0.32048245
0.32109015
0.32189445
0.32287725
0.32401764
0.32529253
0.32667724
0.3281461
0.32967306
0.33123223
0.33279836
0.33434725
0.33585615
0.33730402
0.33867183
0.33994266
0.34110194
0.34213744
0.3430394
0.34380049
0.34441584
0.34488294
0.34520166
0.34537412
0.3453993
0.34526699
0.34501612
0.34465747
0.34420136
0.34365554
1.1824199e-05
1.0278015e-05
8.5739239e-06
7.0913529e-06
5.9919288e-06
5.3026172e-06
4.9796784e-06
4.9320368e-06
5.0355452e-06
5.1571391e-06
5.184165e-06
5.192675e-06
5.0853861e-06
4.8073287e-06
4.3838702e-06
3.8746777e-06
3.3392166e-06
2.822177e-06
2.35138e-06
1.9408584e-06
1.5952376e-06
1.3141941e-06
1.0983783e-06
9.6349866e-07
9.8962227e-07
1.5372306e-06
4.585628e-06
4.2208278e-05
0.064803334
0.10715111
0.14744723
0.1896621
0.23402799
0.27958988
0.32500139
0.3688224
0.40964909
0.44618578
0.47730021
0.5020779
0.51986096
0.53023314
0.52459685
0.50684802
0.48269946
0.45459561
0.42459223
0.39426772
0.36474747
0.33677196
0.31077567
0.28696166
0.26536556
0.24590746
0.22843257
0.21274247
0.19861944
0.1858458
0.17422001
0.16357033
0.15376594
0.14472482
0.13641741
0.12886536
0.1221355
0.11632957
0.11157107
0.10799193
0.10572104
0.1048705
0.10662675
0.11060535
0.11665299
0.12451666
0.13387981
0.14439899
0.15573342
0.16756481
0.17960756
0.19161161
0.20336055
0.21466744
0.22537023
0.23532796
0.24441843
0.25253746
0.25959952
0.26553924
0.27031333
0.27390221
0.27631118
0.27757075
0.27716939
0.27579512
0.27374153
0.27113512
0.26809607
0.26473258
0.26113765
0.25738808
0.25354503
0.24965577
0.2457562
0.24187365
0.23802985
0.23424373
0.23053378
0.22692004
0.22342538
0.22007625
0.21690273
0.21393809
0.21121784
0.20877849
0.20665606
0.20488453
0.20349437
0.20251099
0.20195338
0.20191328
0.20254156
0.20369525
0.2053395
0.20742852
0.20990802
0.21271786
0.21579445
0.219073
0.22248933
0.22598134
0.22949014
0.23296079
0.23634283
0.23959065
0.24266361
0.24552615
0.24814777
0.25050304
0.25257142
0.25433723
0.25578945
0.25692156
0.25773136
0.25822078
0.25839579
0.25822699
0.25781369
0.25717361
0.25632725
0.25529729
0.25410805
0.25278498
0.25135422
0.2498422
0.2482753
0.24667956
0.24508041
0.24350243
0.24196913
0.24050279
0.23912419
0.23785246
0.23670492
0.23569686
0.23484142
0.23414939
0.23362915
0.23328647
0.23312438
0.23321146
0.23350663
0.23400105
0.2346822
0.23553425
0.23653854
0.23767407
0.23891811
0.24024674
0.24163542
0.24305952
0.24449483
0.24591799
0.2473069
0.24864102
0.24990165
0.25107217
0.25213816
0.25308753
0.25391059
0.25460005
0.25515103
0.25556101
0.25582978
0.25595938
0.25592249
0.25577353
0.25552017
0.25517215
0.25473874
0.2542276
1.1804926e-05
1.0246893e-05
8.5377168e-06
7.063145e-06
5.9796991e-06
5.3026561e-06
4.9813436e-06
4.9351447e-06
5.0158751e-06
5.0578703e-06
5.1689794e-06
5.2752721e-06
5.2164998e-06
4.9478589e-06
4.5139469e-06
3.988891e-06
3.4394186e-06
2.9122119e-06
2.434237e-06
2.0176176e-06
1.6649302e-06
1.3733755e-06
1.1375909e-06
9.5143187e-07
8.0899143e-07
7.0517687e-07
6.3668631e-07
2.9987825e-06
0.016663966
0.062308652
0.10842866
0.15251282
0.19568547
0.23827149
0.27965208
0.31867684
0.3539952
0.38427023
0.40831943
0.4252254
0.43249292
0.42086172
0.39947232
0.37288485
0.34374807
0.31408679
0.28530966
0.25830794
0.23357528
0.21131852
0.19154906
0.17415317
0.15894313
0.14569287
0.13416184
0.12411045
0.11531009
0.10755006
0.10064288
0.09442914
0.088781979
0.083610767
0.078863293
0.074525597
0.070619031
0.067194423
0.064324037
0.062093411
0.060593935
0.059913487
0.060572327
0.062822156
0.066649508
0.071963893
0.078606008
0.086364489
0.094996248
0.10424554
0.11385883
0.12359467
0.13322934
0.14255952
0.15140343
0.15960162
0.16701778
0.17354008
0.1790827
0.18358727
0.1870239
0.18939166
0.19071783
0.19063206
0.18955707
0.18794603
0.18591083
0.18355616
0.18097463
0.1782442
0.17542735
0.17257174
0.16971174
0.16687059
0.16406288
0.16129715
0.15857844
0.15591061
0.15329833
0.15074865
0.14827211
0.14588329
0.14360089
0.1414473
0.13944788
0.13762986
0.13602114
0.134649
0.13353881
0.13271285
0.13218912
0.13198033
0.13230488
0.13306836
0.13425027
0.13581986
0.13773773
0.13995774
0.14242892
0.14509737
0.14790805
0.15080626
0.15373898
0.15665581
0.15950984
0.1622582
0.16486244
0.16728886
0.16950859
0.17149767
0.17323699
0.17471219
0.17591349
0.17683543
0.17747664
0.17783966
0.17793069
0.17775036
0.17738029
0.17683494
0.17613073
0.17528555
0.17431841
0.17324897
0.17209735
0.17088377
0.16962837
0.168351
0.16707104
0.16580728
0.16457771
0.16339943
0.16228848
0.16125969
0.16032659
0.1595012
0.15879396
0.1582136
0.15776699
0.15745908
0.1572927
0.15728717
0.15748685
0.15786067
0.15839877
0.15908831
0.15991385
0.16085769
0.16190044
0.16302141
0.16419917
0.16541198
0.16663832
0.16785725
0.16904881
0.17019436
0.17127684
0.17228103
0.17319366
0.17400359
0.17470185
0.17528171
0.17573862
0.17607023
0.17627632
0.1763587
0.17630138
0.1761532
0.17592057
0.1756116
0.17523401
0.17479468
1.1792384e-05
1.0246884e-05
8.5828926e-06
7.1844085e-06
6.1600108e-06
5.5044789e-06
5.1602412e-06
5.0434468e-06
5.0345819e-06
5.0851533e-06
5.2347147e-06
5.3147676e-06
5.198259e-06
4.8695461e-06
4.3888853e-06
3.836155e-06
3.2777416e-06
2.756823e-06
2.2957372e-06
1.9020442e-06
1.574375e-06
1.3068267e-06
1.0918369e-06
9.2186983e-07
7.9032004e-07
6.9195885e-07
6.2321505e-07
5.8284865e-07
3.5794571e-06
0.015690881
0.049951473
0.092138305
0.13533066
0.17667916
0.21487406
0.24886578
0.27755208
0.29982367
0.31468525
0.31413416
0.29700662
0.27406586
0.24838463
0.22224819
0.19716605
0.17402204
0.15324558
0.1349603
0.11909866
0.10548428
0.093887679
0.084062076
0.075764708
0.068768415
0.06286687
0.057876018
0.053633553
0.049997693
0.046846128
0.044075594
0.041602213
0.039362429
0.037314013
0.035436445
0.033730179
0.032214462
0.030923805
0.029903879
0.029207315
0.028888569
0.029100562
0.030285476
0.032486835
0.035709107
0.039909819
0.044997834
0.050838589
0.057264303
0.064086161
0.071106049
0.078126534
0.084958806
0.091428971
0.09738303
0.10269082
0.10724935
0.11098504
0.11385484
0.11584667
0.11697843
0.11692924
0.11610342
0.11490913
0.11343396
0.11175859
0.10995324
0.10807586
0.10617181
0.10427434
0.10240591
0.10057978
0.09880189
0.097072771
0.095389475
0.093747391
0.092141899
0.090569774
0.089030296
0.087526011
0.086063122
0.084651516
0.08330445
0.082037956
0.080870046
0.079819797
0.078906384
0.078148138
0.077561657
0.077161024
0.07695701
0.077070452
0.077511953
0.078270969
0.079330027
0.080664399
0.082243162
0.084030456
0.085986828
0.088070594
0.090239135
0.09245008
0.094662348
0.096837018
0.098938049
0.10093282
0.10279255
0.1044925
0.1060122
0.10733537
0.1084499
0.10934771
0.11002447
0.11047936
0.11071487
0.11071707
0.11055857
0.11026963
0.10986048
0.10934263
0.10872846
0.10803101
0.10726375
0.10644036
0.10557459
0.10468013
0.1037705
0.10285891
0.1019582
0.10108072
0.10023823
0.099441816
0.098701797
0.098027606
0.097427705
0.096909493
0.096479215
0.09614188
0.095901172
0.095759367
0.095717233
0.09583587
0.096093369
0.096482667
0.096994287
0.097616575
0.098335984
0.099137418
0.1000046
0.10092046
0.10186752
0.10282828
0.10378561
0.10472302
0.10562502
0.10647735
0.1072672
0.10798338
0.10861644
0.10915876
0.1096046
0.10995006
0.11019312
0.11033356
0.11037291
0.11031095
0.11018288
0.10999354
0.10974899
0.10945499
0.10911708
1.1711606e-05
1.0246875e-05
8.6544841e-06
7.4252051e-06
6.53058e-06
5.9362148e-06
5.5883736e-06
5.4220972e-06
5.3687408e-06
5.4830246e-06
5.5452509e-06
5.4198308e-06
5.0779539e-06
4.5725339e-06
3.9849992e-06
3.3878736e-06
2.830419e-06
2.3388334e-06
1.9221298e-06
1.578627e-06
1.3010853e-06
1.0801514e-06
9.0640125e-07
7.7140644e-07
6.6820574e-07
5.9145779e-07
5.3746846e-07
5.0419517e-07
5.5621272e-07
0.0013850322
0.010770711
0.030902404
0.058665205
0.089241986
0.11860865
0.14388957
0.16304015
0.17226363
0.1659518
0.1518838
0.13564333
0.11900704
0.10313743
0.088687224
0.075943038
0.064954251
0.055631103
0.047812612
0.04131029
0.03593426
0.031507444
0.02787209
0.024891635
0.022449947
0.020449219
0.018807372
0.017455432
0.016335212
0.015397489
0.014600766
0.013910647
0.01329981
0.012748397
0.012244458
0.01178419
0.011371749
0.011018473
0.010741639
0.010562905
0.010505874
0.01061425
0.01120054
0.012313207
0.01399113
0.016252758
0.019086136
0.022443382
0.026241042
0.03036556
0.034681997
0.039043998
0.043303595
0.047320164
0.050967907
0.054141764
0.056762004
0.058776563
0.060161995
0.060923433
0.060780599
0.060202006
0.05941618
0.058479908
0.057444681
0.056354617
0.055245519
0.054144786
0.053071891
0.052039216
0.051053078
0.050114854
0.049222131
0.04836985
0.047551414
0.046759728
0.045988148
0.045231302
0.044485743
0.0437504
0.043026808
0.042319117
0.041633881
0.040979678
0.040366594
0.039805635
0.039308118
0.038885066
0.038546681
0.038301842
0.038157662
0.038119124
0.038329064
0.038747227
0.039365877
0.040172304
0.041149241
0.042275453
0.043526462
0.044875367
0.04629372
0.047752395
0.049222432
0.050675804
0.052086093
0.053429049
0.05468303
0.055829316
0.056852303
0.057739584
0.05848193
0.059073184
0.059510095
0.059792089
0.059921072
0.059890898
0.059779435
0.059591841
0.059334128
0.05901297
0.058635535
0.058209347
0.057742162
0.057241878
0.056716449
0.056173819
0.055621856
0.055068297
0.054520688
0.053986322
0.053472182
0.052984877
0.05253058
0.052114967
0.051743154
0.051419644
0.051148266
0.050932128
0.050773562
0.050674075
0.05063429
0.050692341
0.050848963
0.051099675
0.051438287
0.051857024
0.052346696
0.052896911
0.05349631
0.054132829
0.054793974
0.055467099
0.056139679
0.056799572
0.057435257
0.05803605
0.058592287
0.059095474
0.059538403
0.059915231
0.060221527
0.060454285
0.060611916
0.06069422
0.060694788
0.060643464
0.060550578
0.060419285
0.06025347
0.060056874
0.059833269
1.1539582e-05
1.0246861e-05
8.7771874e-06
7.8244422e-06
7.141104e-06
6.6758258e-06
6.3924721e-06
6.2623618e-06
6.2491398e-06
6.0890489e-06
5.7188174e-06
5.1667987e-06
4.5070558e-06
3.8191978e-06
3.1649482e-06
2.5815302e-06
2.0848337e-06
1.6759591e-06
1.3475186e-06
1.0883401e-06
8.8645688e-07
7.3074877e-07
6.1167698e-07
5.2148404e-07
4.5411767e-07
4.050387e-07
3.7099799e-07
3.4980267e-07
3.4109305e-07
3.7684188e-05
0.00097413237
0.0046679548
0.012069951
0.022213338
0.032807721
0.040875353
0.042897365
0.039612222
0.035569685
0.031237269
0.026972762
0.023008337
0.019468387
0.016398197
0.013791606
0.011612991
0.0098128183
0.0083376605
0.0071360478
0.0061614733
0.0053735799
0.0047382731
0.0042272577
0.0038173074
0.0034894531
0.0032281948
0.0030207907
0.0028566475
0.0027268364
0.0026237449
0.0025408551
0.0024726849
0.0024148796
0.0023643673
0.0023195515
0.0022804521
0.0022487369
0.002227613
0.0022215464
0.002221689
0.0023088098
0.002564525
0.0030196062
0.0037079547
0.0046601145
0.0058947335
0.0074106639
0.0091821758
0.011158494
0.013267465
0.015422117
0.017528686
0.019494928
0.021237487
0.022687923
0.023797193
0.024537553
0.024839508
0.024642057
0.024322727
0.023917857
0.023454467
0.022956776
0.022445306
0.021936519
0.021442839
0.020972915
0.020532023
0.020122541
0.019744442
0.019395785
0.019073205
0.018772376
0.018488477
0.018216629
0.017952306
0.017691705
0.017432049
0.017171803
0.01691079
0.016650203
0.016392506
0.016141252
0.015900828
0.015676166
0.015472435
0.015294753
0.015147921
0.015036189
0.014963063
0.014931144
0.015002481
0.015185231
0.015477335
0.015874135
0.016368405
0.016950484
0.017608497
0.018328684
0.019095808
0.019893642
0.020705478
0.021514661
0.022305079
0.023061621
0.02377055
0.024419801
0.024999183
0.025500502
0.025917587
0.026246253
0.02648421
0.02663092
0.026687455
0.026666092
0.026606955
0.026512367
0.026385026
0.02622793
0.026044307
0.025837557
0.025611209
0.025368877
0.025114233
0.024850973
0.02458279
0.024313345
0.024046233
0.023784957
0.023532887
0.023293233
0.023069007
0.02286299
0.0226777
0.022515366
0.022377895
0.022266845
0.022183409
0.02212838
0.022102129
0.022122228
0.022202105
0.022339368
0.022530617
0.022771486
0.023056723
0.023380289
0.023735473
0.024115038
0.02451138
0.024916689
0.025323128
0.025723005
0.026108934
0.026473995
0.026811867
0.027116946
0.027384436
0.027610424
0.027791918
0.02792687
0.028014179
0.028053676
0.028044134
0.028011845
0.027958117
0.027884619
0.027793386
0.027686407
0.027565748
1.1480824e-05
1.024642e-05
9.3185413e-06
8.7360265e-06
8.3277445e-06
7.9416116e-06
7.4871095e-06
6.9231017e-06
6.2017913e-06
5.3864373e-06
4.5464793e-06
3.7427163e-06
3.0178638e-06
2.3944884e-06
1.878227e-06
1.4631474e-06
1.1369614e-06
8.8501679e-07
6.9286236e-07
5.4761952e-07
4.3852195e-07
3.5695486e-07
2.9623907e-07
2.5131689e-07
2.1842786e-07
1.9481423e-07
1.7846569e-07
1.678917e-07
1.6190212e-07
2.1562274e-07
3.1272977e-05
0.00025827835
0.00087416042
0.0017539905
0.0023373547
0.0021982593
0.0020177756
0.001811376
0.0015953372
0.0013833813
0.0011852723
0.0010068049
0.00085050725
0.00071656233
0.00060366838
0.00050972141
0.00043229874
0.00036896922
0.00031747125
0.00027579921
0.00024223117
0.0002153219
0.00019387761
0.00017692247
0.00016366319
0.00015345489
0.00014577
0.00014017029
0.00013628279
0.0001337821
0.00013237665
0.00013180352
0.00013183162
0.00013187258
0.00013191372
0.00013195517
0.00013199702
0.00013203946
0.00013208301
0.00014586122
0.0001848973
0.00025778117
0.00037728528
0.00056003144
0.00082442016
0.0011868123
0.0016568025
0.002232991
0.0029006012
0.0036316766
0.0043877236
0.0051241262
0.0057954372
0.0063604182
0.0067863583
0.0070521397
0.0071034139
0.0070165957
0.0068978378
0.0067559069
0.0065991466
0.0064350123
0.0062698074
0.0061085803
0.0059551342
0.0058121095
0.0056811045
0.0055628134
0.0054571666
0.0053634666
0.0052805192
0.0052067599
0.0051403785
0.0050794444
0.0050220329
0.0049663492
0.0049108439
0.0048543131
0.004795975
0.0047355149
0.0046730955
0.0046093302
0.004545225
0.0044820951
0.0044214671
0.0043649751
0.0043142605
0.0042708821
0.0042362381
0.0042115038
0.0041975815
0.0042059681
0.0042619291
0.004362871
0.0045079567
0.0046953596
0.0049222059
0.0051845534
0.0054774253
0.0057949065
0.0061303052
0.0064763676
0.0068255315
0.0071701974
0.0075029962
0.0078170338
0.0081060996
0.0083648257
0.0085887954
0.0087745994
0.0089198425
0.0090231149
0.0090839355
0.009102675
0.0090938268
0.009072107
0.0090382298
0.0089930363
0.0089374717
0.0088725669
0.0087994227
0.0087191979
0.0086330985
0.008542368
0.008448277
0.0083521127
0.0082551676
0.0081587262
0.0080640513
0.0079723697
0.0078848572
0.0078026241
0.0077267014
0.0076580274
0.0075974356
0.0075456441
0.007503245
0.0074706959
0.0074483106
0.0074362493
0.0074367719
0.0074683855
0.0075281842
0.0076147135
0.0077260644
0.0078598896
0.0080134299
0.0081835547
0.0083668144
0.008559507
0.0087577548
0.0089575908
0.0091550501
0.0093462629
0.0095275458
0.0096954871
0.0098470227
0.0099795002
0.010090729
0.010179016
0.010243186
0.010282591
0.010297103
0.010291429
0.010276728
0.010253522
0.010222482
0.010184418
0.01014014
0.010090495
6.2628816e-06
5.4680524e-06
4.8282578e-06
4.3464994e-06
3.9088041e-06
3.4885587e-06
3.0824342e-06
2.6752761e-06
2.2708448e-06
1.8822844e-06
1.5245779e-06
1.2093997e-06
9.4276204e-07
7.2506604e-07
5.5254254e-07
4.1906789e-07
3.1771863e-07
2.4182657e-07
1.855492e-07
1.4407961e-07
1.1363391e-07
9.1326894e-08
7.500843e-08
6.3101617e-08
5.4460966e-08
4.8255688e-08
4.3876005e-08
4.085785e-08
3.882261e-08
3.7433545e-08
3.691931e-08
9.373075e-07
9.1824378e-07
9.0155121e-07
8.7897604e-07
8.3972934e-07
7.8638521e-07
7.2306574e-07
6.5435146e-07
5.8444004e-07
5.166707e-07
4.5337616e-07
3.9595172e-07
3.4503252e-07
3.007e-07
2.6267191e-07
2.3045546e-07
2.0345984e-07
1.8107255e-07
1.6270705e-07
1.478296e-07
1.3597187e-07
1.2673421e-07
1.197831e-07
1.1484524e-07
1.1169965e-07
1.1016843e-07
1.1010595e-07
1.1138513e-07
1.1379701e-07
1.1623261e-07
1.1870944e-07
1.2124883e-07
5.2498843e-07
1.2024929e-06
2.0879642e-06
3.197346e-06
4.6223987e-06
6.5069852e-06
9.2813561e-06
1.3902483e-05
2.2091527e-05
3.667089e-05
6.1770212e-05
0.00010264617
0.00016488496
0.00025298267
0.00036863804
0.00050933219
0.00066775108
0.00083230573
0.000988663
0.0011219399
0.0012189487
0.0012647644
0.0012525593
0.001232526
0.0012073057
0.0011784183
0.0011473221
0.0011153322
0.0010835731
0.0010529569
0.0010241815
0.00099774212
0.00097394923
0.00095295081
0.00093475429
0.00091924801
0.0009062211
0.00089538246
0.00088637955
0.00087881766
0.0008722804
0.00086635182
0.00086063917
0.00085479513
0.00084853805
0.00084166846
0.00083408
0.00082576321
0.000816802
0.00080736324
0.00079768102
0.00078803721
0.00077874067
0.00077010685
0.0007624393
0.00075601388
0.00075106622
0.00074778229
0.00074629263
0.00075576233
0.00077769822
0.0008122379
0.00085931511
0.00091860151
0.00098944946
0.0010708482
0.0011614039
0.0012593514
0.001362597
0.0014687923
0.0015754289
0.0016799458
0.0017798389
0.0018727628
0.0019566167
0.0020296113
0.0020903122
0.0021376611
0.0021709782
0.0021899508
0.0021946081
0.0021925505
0.0021875277
0.0021796733
0.0021691507
0.0021561493
0.0021408815
0.0021235804
0.0021044979
0.0020839028
0.0020620792
0.0020393235
0.0020159421
0.0019922481
0.0019685573
0.0019451842
0.0019224377
0.0019006164
0.0018800048
0.0018608684
0.0018434504
0.0018279683
0.0018146103
0.0018035331
0.0017948593
0.0017886749
0.0017850275
0.0017839244
0.0017926116
0.0018116068
0.0018404794
0.0018786505
0.0019253866
0.0019797975
0.0020408383
0.0021073177
0.0021779143
0.0022511995
0.0023256676
0.0023997713
0.0024719618
0.0025407303
0.0026046498
0.0026624141
0.0027128728
0.0027550603
0.0027882179
0.002811809
0.002825527
0.0028292968
0.0028272992
0.0028227136
0.0028156874
0.0028064113
0.0027951159
0.0027820379
0.0027674234
7.1062526e-11
1.3476658e-10
1.8954936e-10
2.3488417e-10
2.6953371e-10
2.9244726e-10
3.0310496e-10
3.0168662e-10
2.8945473e-10
2.6865463e-10
2.4210718e-10
2.1269929e-10
1.8294785e-10
1.5474404e-10
1.2929065e-10
1.0717933e-10
8.8537005e-11
7.3184411e-11
6.077287e-11
5.0885844e-11
4.3105227e-11
3.7048738e-11
3.2386542e-11
2.8844408e-11
2.6198891e-11
2.4268199e-11
2.2900985e-11
2.1964652e-11
2.133495e-11
2.0889396e-11
2.0515277e-11
3.271152e-11
4.3525864e-11
5.2753066e-11
6.0137517e-11
6.5425488e-11
6.8571085e-11
6.9724049e-11
6.9176235e-11
6.7294074e-11
6.4457997e-11
6.1019357e-11
5.7276393e-11
5.3465775e-11
4.9764639e-11
4.6298413e-11
4.3150929e-11
4.0374618e-11
3.7999631e-11
3.6041458e-11
3.4507046e-11
3.3399566e-11
3.2722094e-11
3.2480385e-11
3.2684948e-11
3.3352617e-11
3.4507244e-11
3.6177934e-11
3.8165325e-11
1.2740267e-10
1.2697659e-09
3.2358873e-09
5.7885668e-09
1.8644004e-08
5.0019692e-08
1.0568323e-07
1.9128153e-07
3.1580421e-07
4.9502282e-07
7.6261738e-07
1.1917951e-06
1.9315365e-06
3.2622299e-06
5.6575106e-06
9.8114133e-06
1.6568545e-05
2.6711206e-05
4.0624252e-05
5.7945916e-05
7.7361816e-05
9.6662618e-05
0.00011309244
0.00012364028
0.0001257186
0.00012401738
0.00012174362
0.00011902246
0.00011598618
0.00011276463
0.00010947796
0.00010623176
0.00010311442
0.0001001961
9.7529038e-05
9.5148607e-05
9.3074816e-05
9.1313971e-05
8.9860328e-05
8.8697645e-05
8.7800621e-05
8.7136316e-05
8.6665649e-05
8.6345042e-05
8.6128372e-05
8.5969187e-05
8.5823023e-05
8.5649746e-05
8.5415754e-05
8.5095873e-05
8.4674697e-05
8.4147207e-05
8.3518594e-05
8.2803317e-05
8.2023533e-05
8.1207091e-05
8.0385331e-05
7.9590877e-05
7.8855618e-05
7.8208983e-05
7.7676556e-05
7.7279069e-05
7.7031759e-05
7.7269788e-05
7.9593958e-05
8.3998919e-05
9.0577436e-05
9.9402153e-05
0.00011050326
0.00012384531
0.00013930718
0.00015666891
0.00017560781
0.00019570511
0.00021646229
0.00023732527
0.00025771339
0.00027704996
0.00029479105
0.0003104504
0.00032361851
0.00033397519
0.00034129621
0.00034545475
0.00034641796
0.0003461962
0.00034555736
0.00034451372
0.00034308194
0.00034128272
0.00033914068
0.00033668424
0.00033394554
0.0003309603
0.00032776756
0.00032440945
0.00032093069
0.00031737804
0.00031379967
0.00031024437
0.00030676079
0.00030339656
0.00030019754
0.00029720701
0.00029446495
0.0002920074
0.00028986587
0.00028806688
0.00028663148
0.00028557489
0.00028490617
0.0002846279
0.00028601645
0.00028993625
0.00029631493
0.00030505318
0.00031601892
0.00032904166
0.00034390783
0.00036035801
0.00037808659
0.00039674453
0.00041594516
0.00043527316
0.00045429597
0.00047257727
0.0004896914
0.00050523798
0.00051885577
0.00053023479
0.00053912624
0.00054534988
0.00054879863
0.00054944049
0.00054903364
0.00054813528
0.00054677204
0.00054497889
0.00054279825
0.00054027531
0.00053745633
7.9838484e-16
2.2807063e-15
4.3146283e-15
6.7341733e-15
9.3323534e-15
1.1877997e-14
1.4141847e-14
1.5928866e-14
1.7110237e-14
1.7640406e-14
1.7554719e-14
1.6951004e-14
1.5962532e-14
1.4730957e-14
1.3385476e-14
1.2030661e-14
1.0742248e-14
9.5686605e-15
8.5357152e-15
7.6524477e-15
6.9166632e-15
6.3194921e-15
5.8487001e-15
5.4907865e-15
5.2320372e-15
5.0587359e-15
4.95676e-15
4.9108351e-15
4.9038301e-15
4.9165804e-15
4.9287918e-15
5.0829726e-15
5.3312957e-15
5.62845e-15
5.9332354e-15
6.2105617e-15
6.4347201e-15
6.5907588e-15
6.6738968e-15
6.6875665e-15
6.6408827e-15
6.5462066e-15
6.4171919e-15
6.2674455e-15
6.10976e-15
5.9557978e-15
5.8160841e-15
5.7001894e-15
5.6170189e-15
5.5751587e-15
5.5832638e-15
5.6504858e-15
5.7869538e-15
6.0043169e-15
6.3163771e-15
6.7398098e-15
7.2947217e-15
7.9709366e-15
2.5135871e-13
2.5819485e-12
3.7953947e-11
1.5029724e-10
3.763426e-10
1.1622798e-09
3.3243346e-09
7.8457786e-09
1.5772446e-08
2.831129e-08
4.7107582e-08
7.49555e-08
1.1723988e-07
1.84515e-07
2.9665114e-07
4.8796103e-07
8.1017776e-07
1.3270278e-06
2.093863e-06
3.1220856e-06
4.3401733e-06
5.5731361e-06
6.5603777e-06
6.9829135e-06
6.9131634e-06
6.8108424e-06
6.6805977e-06
6.5280854e-06
6.3594661e-06
6.1809951e-06
5.9986768e-06
5.8179999e-06
5.6437578e-06
5.4799458e-06
5.3297209e-06
5.1954108e-06
5.0785527e-06
4.979951e-06
4.8997404e-06
4.8374507e-06
4.7920656e-06
4.762079e-06
4.7455545e-06
4.7401862e-06
4.7417336e-06
4.7432841e-06
4.7448388e-06
4.7463977e-06
4.7479602e-06
4.7495247e-06
4.7496968e-06
4.7430618e-06
4.7291515e-06
4.708087e-06
4.680532e-06
4.647609e-06
4.61079e-06
4.5717726e-06
4.5323557e-06
4.4943244e-06
4.4593504e-06
4.4289129e-06
4.4042404e-06
4.3862736e-06
4.3756559e-06
4.4411697e-06
4.6985675e-06
5.1619211e-06
5.8533011e-06
6.7952407e-06
8.0066813e-06
9.4984529e-06
1.1268988e-05
1.3301004e-05
1.5559755e-05
1.7993205e-05
2.0534133e-05
2.3103888e-05
2.5617263e-05
2.7987852e-05
3.0133286e-05
3.1979827e-05
3.3465968e-05
3.4544957e-05
3.518621e-05
3.537568e-05
3.5370138e-05
3.5326765e-05
3.5245941e-05
3.5128468e-05
3.497557e-05
3.4788899e-05
3.4570553e-05
3.4323075e-05
3.404946e-05
3.3753136e-05
3.343794e-05
3.3108073e-05
3.2768039e-05
3.2422574e-05
3.2076559e-05
3.1734934e-05
3.1402594e-05
3.1084305e-05
3.0784606e-05
3.0507731e-05
3.0257528e-05
3.0037397e-05
2.9850227e-05
2.9698351e-05
2.9583502e-05
2.9506776e-05
2.9468607e-05
2.9557332e-05
3.0056534e-05
3.095637e-05
3.2250158e-05
3.3927889e-05
3.5974198e-05
3.8366341e-05
4.1072418e-05
4.4050078e-05
4.7245914e-05
5.0595695e-05
5.4025511e-05
5.7453796e-05
6.0794125e-05
6.3958579e-05
6.6861438e-05
6.9422917e-05
7.1572666e-05
7.3252781e-05
7.4420185e-05
7.5048265e-05
7.5127678e-05
7.5077305e-05
7.496152e-05
7.4783568e-05
7.454783e-05
7.4259643e-05
7.3924995e-05
7.3549754e-05
8.9658478e-21
3.4110143e-20
8.0450224e-20
1.5009818e-19
2.4170728e-19
3.5048847e-19
4.6876756e-19
5.8714179e-19
6.9610093e-19
7.8764347e-19
8.5644508e-19
9.0034854e-19
9.2017114e-19
9.1901679e-19
9.0136981e-19
8.7221949e-19
8.3637308e-19
7.980177e-19
7.6051761e-19
7.2639148e-19
6.974014e-19
6.7469091e-19
6.589248e-19
6.5039893e-19
6.4910294e-19
6.5472941e-19
6.6663514e-19
6.8377457e-19
7.0464231e-19
7.2727578e-19
7.4936528e-19
7.7052642e-19
7.8999438e-19
8.0690134e-19
8.2049534e-19
8.3027667e-19
8.3606677e-19
8.3801086e-19
8.3653049e-19
8.3224976e-19
8.259181e-19
8.1834698e-19
8.1036973e-19
8.0282637e-19
7.9657082e-19
7.9249523e-19
7.9156578e-19
7.9486562e-19
8.0364288e-19
8.1936486e-19
8.4378275e-19
8.7901378e-19
9.2765029e-19
9.9290647e-19
1.0788158e-18
1.1904799e-18
1.3351243e-18
4.2663209e-17
5.1109143e-15
8.9502783e-14
1.7070508e-12
9.1466087e-12
2.930552e-11
9.4381421e-11
2.8171717e-10
7.1258331e-10
1.5368792e-09
2.9216618e-09
5.0550869e-09
8.18054e-09
1.267431e-08
1.9177731e-08
2.8784e-08
4.3217661e-08
6.4801681e-08
9.5844283e-08
1.371186e-07
1.8562154e-07
2.3274173e-07
2.6444725e-07
2.6468753e-07
2.6215917e-07
2.5853353e-07
2.539452e-07
2.4855984e-07
2.4256446e-07
2.361572e-07
2.2953723e-07
2.2289592e-07
2.1640952e-07
2.1023369e-07
2.045e-07
1.9931395e-07
1.9475451e-07
1.9087453e-07
1.8770187e-07
1.8524079e-07
1.8347346e-07
1.8236141e-07
1.8184703e-07
1.8185493e-07
1.8194971e-07
1.8382993e-07
1.9194611e-07
2.0323868e-07
2.1480622e-07
2.2405868e-07
2.2882687e-07
2.2892206e-07
2.2901738e-07
2.2891302e-07
2.284251e-07
2.2757901e-07
2.2642214e-07
2.2501896e-07
2.2344535e-07
2.2178299e-07
2.20114e-07
2.1851634e-07
2.1706014e-07
2.1580493e-07
2.1479789e-07
2.1407301e-07
2.1365254e-07
2.1730852e-07
2.3091453e-07
2.5617688e-07
2.9560479e-07
3.5205459e-07
4.2834605e-07
5.2678215e-07
6.4864048e-07
7.9372338e-07
9.6005167e-07
1.1437633e-06
1.3392404e-06
1.5394468e-06
1.7364239e-06
1.9218742e-06
2.0877579e-06
2.2268375e-06
2.3331287e-06
2.4022292e-06
2.4315209e-06
2.4321871e-06
2.4310614e-06
2.4276353e-06
2.4219082e-06
2.4139085e-06
2.4036951e-06
2.3913599e-06
2.3770287e-06
2.3608624e-06
2.3430564e-06
2.3238394e-06
2.30347e-06
2.2822334e-06
2.2604359e-06
2.2383989e-06
2.2164522e-06
2.1949275e-06
2.174151e-06
2.154437e-06
2.1360815e-06
2.1193562e-06
2.1045037e-06
2.091733e-06
2.0812158e-06
2.0730829e-06
2.0674222e-06
2.0642765e-06
2.0636445e-06
2.1000538e-06
2.1775424e-06
2.2967007e-06
2.4581979e-06
2.6624275e-06
2.9091116e-06
3.1968986e-06
3.5229971e-06
3.8828911e-06
4.2701788e-06
4.6765691e-06
5.0920527e-06
5.5052463e-06
5.9038885e-06
6.2754485e-06
6.607795e-06
6.8898656e-06
7.1122784e-06
7.2678427e-06
7.3519294e-06
7.3626765e-06
7.3591664e-06
7.3495488e-06
7.3340862e-06
7.3131485e-06
7.2871902e-06
7.256759e-06
7.2223496e-06
1.0066249e-25
4.7699431e-25
1.3422089e-24
2.9018411e-24
5.3047234e-24
8.6031437e-24
1.2729909e-23
1.7499463e-23
2.2635739e-23
2.7819344e-23
3.2741193e-23
3.7149573e-23
4.0880821e-23
4.3869655e-23
4.6141368e-23
4.7791982e-23
4.8963553e-23
4.982064e-23
5.0531675e-23
5.1256566e-23
5.2139982e-23
5.3308695e-23
5.4870956e-23
5.6915905e-23
5.9511371e-23
6.2698953e-23
6.6486166e-23
7.0836728e-23
7.5661713e-23
8.081563e-23
8.6101538e-23
9.1313708e-23
9.6254179e-23
1.0075289e-22
1.0468509e-22
1.0798139e-22
1.1062891e-22
1.1266484e-22
1.1416522e-22
1.1523217e-22
1.1598238e-22
1.1653881e-22
1.1702622e-22
1.17571e-22
1.1830462e-22
1.1937012e-22
1.209309e-22
1.2318104e-22
1.2635707e-22
1.3075145e-22
1.3672909e-22
1.4474873e-22
1.5539218e-22
1.6940482e-22
1.877517e-22
2.1169077e-22
2.5714419e-22
6.434918e-19
1.5833548e-16
4.094866e-15
9.666901e-14
6.5556349e-13
2.5567598e-12
8.8387714e-12
2.7464279e-11
7.2876544e-11
1.6499055e-10
3.2647272e-10
5.8012994e-10
9.4823642e-10
1.4546516e-09
2.1291531e-09
3.0116358e-09
4.150505e-09
5.584813e-09
7.2984992e-09
9.1482182e-09
1.0800718e-08
1.1755145e-08
1.1716574e-08
1.1630924e-08
1.1501382e-08
1.1332271e-08
1.1128951e-08
1.0897663e-08
1.064532e-08
1.0379231e-08
1.0106817e-08
9.8353283e-09
9.571581e-09
9.321739e-09
9.0911443e-09
8.8842008e-09
8.7043061e-09
8.5538234e-09
8.4340831e-09
8.3454042e-09
8.2871287e-09
8.2576598e-09
8.2544969e-09
8.258435e-09
8.6395369e-09
9.3809649e-09
1.0395081e-08
1.1584652e-08
1.2827297e-08
1.3981522e-08
1.4907867e-08
1.5500352e-08
1.5704675e-08
1.5709471e-08
1.5697811e-08
1.5660148e-08
1.559935e-08
1.551942e-08
1.5425138e-08
1.53217e-08
1.5214388e-08
1.5108269e-08
1.5007962e-08
1.491746e-08
1.4840016e-08
1.4778077e-08
1.4733279e-08
1.4706564e-08
1.4821933e-08
1.5346587e-08
1.6357465e-08
1.7986989e-08
2.0403089e-08
2.3792104e-08
2.8331355e-08
3.4154805e-08
4.1317796e-08
4.9767972e-08
5.9328587e-08
6.9697965e-08
8.0465579e-08
9.1142271e-08
1.0119997e-07
1.1011547e-07
1.1741309e-07
1.2270202e-07
1.2570546e-07
1.2628285e-07
1.2632507e-07
1.2626187e-07
1.2609091e-07
1.2581131e-07
1.2542377e-07
1.249307e-07
1.2433636e-07
1.2364692e-07
1.2287048e-07
1.2201699e-07
1.2109815e-07
1.2012722e-07
1.1911875e-07
1.180883e-07
1.1705209e-07
1.1602663e-07
1.1502839e-07
1.140734e-07
1.1317693e-07
1.1235315e-07
1.1161489e-07
1.1097334e-07
1.1043787e-07
1.1001581e-07
1.0971237e-07
1.0953046e-07
1.094707e-07
1.1090789e-07
1.1510972e-07
1.2220154e-07
1.3236144e-07
1.4578952e-07
1.6266876e-07
1.8311938e-07
2.0715025e-07
2.3461239e-07
2.6516086e-07
2.9823123e-07
3.3303603e-07
3.6858405e-07
4.0372295e-07
4.3720217e-07
4.6775051e-07
4.9416039e-07
5.1537033e-07
5.3053761e-07
5.3909397e-07
5.4077926e-07
5.4068388e-07
5.40169e-07
5.392489e-07
5.379452e-07
5.3628482e-07
5.3430368e-07
5.3202966e-07
1.1299042e-30
6.3925091e-30
2.0841738e-29
5.1089572e-29
1.0423361e-28
1.8648162e-28
3.0178193e-28
4.5082759e-28
6.3073192e-28
8.3546301e-28
1.0569277e-27
1.2864264e-27
1.5161127e-27
1.7401421e-27
1.9553371e-27
2.1613589e-27
2.3604969e-27
2.55724e-27
2.7577875e-27
2.9696068e-27
3.2010844e-27
3.4612623e-27
3.7596085e-27
4.1057422e-27
4.5090226e-27
4.9779182e-27
5.5191157e-27
6.1364071e-27
6.8295177e-27
7.5931528e-27
8.4166034e-27
9.2845406e-27
1.0178552e-26
1.1079199e-26
1.1968188e-26
1.2830231e-26
1.3654278e-26
1.4434028e-26
1.5167784e-26
1.5857884e-26
1.6509967e-26
1.713234e-26
1.7735681e-26
1.8333216e-26
1.8941462e-26
1.9581525e-26
2.0280893e-26
2.1075626e-26
2.2012922e-26
2.3154122e-26
2.4578474e-26
2.6388129e-26
2.8715167e-26
3.1731625e-26
3.5663674e-26
4.083724e-26
1.0501403e-24
1.407082e-20
6.101743e-18
2.2013103e-16
6.2982308e-15
5.2056786e-14
2.3954027e-13
8.967843e-13
2.9051956e-12
7.998468e-12
1.8748061e-11
3.8161542e-11
6.9077247e-11
1.1363986e-10
1.7303535e-10
2.4745131e-10
3.3603534e-10
4.3650243e-10
5.4407621e-10
6.498503e-10
7.3961515e-10
7.9533472e-10
8.0085743e-10
7.9770536e-10
7.9181279e-10
7.8339207e-10
7.7269911e-10
7.60036e-10
7.4574948e-10
7.3022508e-10
7.1387732e-10
6.9713683e-10
6.8043557e-10
6.641915e-10
6.4879402e-10
6.3459113e-10
6.2187912e-10
6.1089483e-10
6.0181054e-10
5.9473104e-10
5.8969256e-10
5.8666313e-10
5.8554388e-10
5.8573384e-10
6.0365851e-10
6.4416743e-10
7.0558564e-10
7.8576926e-10
8.8069601e-10
9.8371377e-10
1.0857522e-09
1.1765769e-09
1.2467435e-09
1.2894772e-09
1.3019867e-09
1.302189e-09
1.3002502e-09
1.2963779e-09
1.2908667e-09
1.2840722e-09
1.2763845e-09
1.2682033e-09
1.2599165e-09
1.2518816e-09
1.244413e-09
1.2377727e-09
1.2321648e-09
1.2277349e-09
1.2245706e-09
1.2227095e-09
1.2271631e-09
1.2533297e-09
1.302543e-09
1.378673e-09
1.4872732e-09
1.6352118e-09
1.8297612e-09
2.0771938e-09
2.3811019e-09
2.7407803e-09
3.1500328e-09
3.596687e-09
4.0629563e-09
4.5266235e-09
4.9628796e-09
5.3465677e-09
5.6545407e-09
5.8678548e-09
5.973558e-09
5.9765997e-09
5.9783861e-09
5.9756817e-09
5.9683652e-09
5.9563852e-09
5.9397682e-09
5.9186247e-09
5.8931531e-09
5.8636423e-09
5.8304697e-09
5.7940973e-09
5.755064e-09
5.7139752e-09
5.6714903e-09
5.628308e-09
5.5851501e-09
5.5427456e-09
5.5018133e-09
5.4630467e-09
5.427098e-09
5.3945645e-09
5.3659763e-09
5.3417851e-09
5.3223552e-09
5.3079561e-09
5.2987569e-09
5.2948227e-09
5.3129323e-09
5.4693382e-09
5.771007e-09
6.2317698e-09
6.8695488e-09
7.7043319e-09
8.7553508e-09
1.0037525e-08
1.1557431e-08
1.3309264e-08
1.5271385e-08
1.7404124e-08
1.9649394e-08
2.1932453e-08
2.4165873e-08
2.6255374e-08
2.8106923e-08
2.9634246e-08
3.0765894e-08
3.145097e-08
3.1662932e-08
3.1669319e-08
3.1653234e-08
3.161519e-08
3.1556065e-08
3.1476975e-08
3.1379662e-08
3.1265098e-08
1.2682464e-35
8.3233413e-35
3.0774179e-34
8.4093393e-34
1.8888808e-33
3.6868912e-33
6.466442e-33
1.0420009e-32
1.5672864e-32
2.2268936e-32
3.0175091e-32
3.9302791e-32
4.9541267e-32
6.0794598e-32
7.301601e-32
8.6235301e-32
1.0057837e-31
1.1628026e-31
1.3369433e-31
1.5329991e-31
1.7570994e-31
2.016785e-31
2.3210597e-31
2.6803752e-31
3.1064881e-31
3.6121142e-31
4.2103174e-31
4.9136081e-31
5.732807e-31
6.6758268e-31
7.7466142e-31
8.9445717e-31
1.0264631e-30
1.1697989e-30
1.3233362e-30
1.4858459e-30
1.6561393e-30
1.8331763e-30
2.0161302e-30
2.2044103e-30
2.3976608e-30
2.5957637e-30
2.7988837e-30
3.0075933e-30
3.2231113e-30
3.4476764e-30
3.6850565e-30
3.9411828e-30
4.2248967e-30
4.5488166e-30
4.9303806e-30
5.3931831e-30
5.9687989e-30
6.6993593e-30
7.641201e-30
9.4238721e-30
1.688161e-26
3.6092886e-22
2.6280617e-19
1.2957353e-17
4.4596306e-16
4.394089e-15
2.3373477e-14
9.4892215e-14
3.2102491e-13
9.1188665e-13
2.1939829e-12
4.557623e-12
8.3578635e-12
1.3812031e-11
2.0932553e-11
2.9506667e-11
3.9108327e-11
4.9118418e-11
5.8741974e-11
6.704179e-11
7.3040138e-11
7.5936318e-11
7.5928144e-11
7.568321e-11
7.5216604e-11
7.4544974e-11
7.3687374e-11
7.2665962e-11
7.1506395e-11
7.0237849e-11
6.8892625e-11
6.750538e-11
6.6112055e-11
6.4748604e-11
6.3449641e-11
6.2247133e-11
6.1169209e-11
6.0239176e-11
5.9474737e-11
5.8887444e-11
5.8482362e-11
5.8257934e-11
5.8206017e-11
5.8723775e-11
6.1047895e-11
6.5066321e-11
7.0698217e-11
7.7810546e-11
8.6136347e-11
9.521596e-11
1.0439221e-10
1.1287843e-10
1.1988801e-10
1.2478317e-10
1.2719156e-10
1.2722388e-10
1.2711054e-10
1.2681832e-10
1.2637204e-10
1.2580185e-10
1.2514114e-10
1.2442439e-10
1.2368539e-10
1.2295571e-10
1.2226351e-10
1.2163271e-10
1.2108255e-10
1.2062731e-10
1.2027644e-10
1.2003481e-10
1.1990327e-10
1.2024841e-10
1.2205537e-10
1.2528961e-10
1.3001468e-10
1.3634084e-10
1.4441881e-10
1.5441689e-10
1.6647945e-10
1.8067072e-10
1.9691398e-10
2.149396e-10
2.3425497e-10
2.5414567e-10
2.7371135e-10
2.919336e-10
3.0776746e-10
3.202445e-10
3.2857319e-10
3.3222947e-10
3.3239164e-10
3.3245857e-10
3.3230483e-10
3.3192464e-10
3.3131604e-10
3.3048122e-10
3.294268e-10
3.2816394e-10
3.2670841e-10
3.2508036e-10
3.233041e-10
3.2140757e-10
3.1942183e-10
3.1738035e-10
3.1531826e-10
3.1327154e-10
3.112762e-10
3.0936741e-10
3.0757876e-10
3.0594145e-10
3.0448364e-10
3.0322979e-10
3.0220016e-10
3.0141035e-10
3.0087098e-10
3.0058741e-10
3.0056036e-10
3.0501284e-10
3.1572827e-10
3.3329977e-10
3.5859549e-10
3.927041e-10
4.368354e-10
4.9216578e-10
5.5962897e-10
6.3966729e-10
7.3197469e-10
8.3527537e-10
9.4718634e-10
1.0642055e-09
1.1818504e-09
1.2949459e-09
1.3980343e-09
1.4858554e-09
1.5538322e-09
1.5984936e-09
1.61778e-09
1.6186644e-09
1.618626e-09
1.6175809e-09
1.6155517e-09
1.6125672e-09
1.6086902e-09
1.6039265e-09
1.4245146e-40
1.0627652e-39
4.3818658e-39
1.3163001e-38
3.2195497e-38
6.7995035e-38
1.2850053e-37
2.2257365e-37
3.5941481e-37
5.480526e-37
7.9708886e-37
1.1148098e-36
1.5096902e-36
1.9912613e-36
2.5712824e-36
3.2651536e-36
4.0935465e-36
5.0842679e-36
6.274414e-36
7.7128812e-36
9.4632855e-36
1.160728e-35
1.4248148e-35
1.7514366e-35
2.1562636e-35
2.6579629e-35
3.278157e-35
4.0410861e-35
4.9729322e-35
6.1008403e-35
7.4517623e-35
9.0513398e-35
1.0923054e-34
1.3087819e-34
1.5564066e-34
1.8368234e-34
2.1515447e-34
2.5020135e-34
2.8896352e-34
3.3157694e-34
3.7816906e-34
4.2885575e-34
4.8374587e-34
5.4296324e-34
6.0669729e-34
6.7529301e-34
7.4938795e-34
8.3010011e-34
9.1926777e-34
1.0197439e-33
1.1357558e-33
1.2733561e-33
1.4410107e-33
1.6503909e-33
1.9183034e-33
2.2761043e-32
4.8071707e-28
9.6633255e-24
1.1746882e-20
7.9305148e-19
3.2893166e-17
3.8159623e-16
2.3148638e-15
1.0176498e-14
3.5978003e-14
1.0510709e-13
2.5812778e-13
5.4419347e-13
1.0069895e-12
1.669318e-12
2.5230167e-12
3.527308e-12
4.614407e-12
5.6991273e-12
6.6897703e-12
7.4994442e-12
8.0581526e-12
8.3249156e-12
8.3268751e-12
8.3110337e-12
8.2750664e-12
8.2202935e-12
8.1481748e-12
8.060414e-12
7.9590392e-12
7.8464469e-12
7.7254031e-12
7.5990006e-12
7.4705761e-12
7.3435952e-12
7.2215169e-12
7.1076478e-12
7.0049998e-12
6.9161595e-12
6.8431754e-12
6.7874704e-12
6.7497801e-12
6.7301189e-12
6.7277774e-12
6.8394285e-12
7.1257374e-12
7.5762239e-12
8.1798046e-12
8.9194689e-12
9.7670393e-12
1.0679401e-11
1.1598249e-11
1.2454864e-11
1.3179586e-11
1.3713414e-11
1.4018031e-11
1.4081264e-11
1.4074558e-11
1.4050224e-11
1.4010515e-11
1.39582e-11
1.3896367e-11
1.3828243e-11
1.375702e-11
1.368572e-11
1.361708e-11
1.3553472e-11
1.3496846e-11
1.3448704e-11
1.3410102e-11
1.3381664e-11
1.3363616e-11
1.3355843e-11
1.3412896e-11
1.3587896e-11
1.3875362e-11
1.4271971e-11
1.4775027e-11
1.5382141e-11
1.609054e-11
1.6895872e-11
1.7790581e-11
1.8762065e-11
1.9791011e-11
2.0850349e-11
2.190522e-11
2.29142e-11
2.3831792e-11
2.4611964e-11
2.5212277e-11
2.5598025e-11
2.5746373e-11
2.5756606e-11
2.5758106e-11
2.5745061e-11
2.5717164e-11
2.5674375e-11
2.5616937e-11
2.5545391e-11
2.5460582e-11
2.5363649e-11
2.5256018e-11
2.5139372e-11
2.5015622e-11
2.4886867e-11
2.4755349e-11
2.4623398e-11
2.4493384e-11
2.4367659e-11
2.4248502e-11
2.4138064e-11
2.4038322e-11
2.395103e-11
2.3877676e-11
2.381945e-11
2.3777214e-11
2.3751483e-11
2.3742418e-11
2.3838699e-11
2.4241168e-11
2.4962397e-11
2.6028254e-11
2.7474926e-11
2.934682e-11
3.1692253e-11
3.4556356e-11
3.797116e-11
4.1943633e-11
4.6443368e-11
5.1392322e-11
5.6659232e-11
6.2060903e-11
6.7371461e-11
7.2339154e-11
7.6708705e-11
8.0246005e-11
8.2761347e-11
8.4127657e-11
8.429185e-11
8.4325416e-11
8.4314421e-11
8.4258834e-11
8.4158478e-11
8.4014679e-11
8.3825022e-11
1.6030895e-45
1.3428772e-44
6.0981682e-44
1.994908e-43
5.2846759e-43
1.2056499e-42
2.4596944e-42
4.6017364e-42
8.0354036e-42
1.3267292e-41
2.0921772e-41
3.1764478e-41
4.6739656e-41
6.7027325e-41
9.4126641e-41
1.2997294e-40
1.7709798e-40
2.3884579e-40
3.1965975e-40
4.2545982e-40
5.6413048e-40
7.4613863e-40
9.8529343e-40
1.2996449e-39
1.7124919e-39
2.2534373e-39
2.9593895e-39
3.8753874e-39
5.0551261e-39
6.5611121e-39
8.464462e-39
1.0844472e-38
1.3788168e-38
1.7390076e-38
2.1752355e-38
2.6985338e-38
3.320829e-38
4.0550054e-38
4.914917e-38
5.91531e-38
7.0716489e-38
8.3998927e-38
9.9163522e-38
1.1637859e-37
1.3582584e-37
1.5771909e-37
1.8233821e-37
2.1008246e-37
2.415477e-37
2.7763195e-37
3.1967512e-37
3.6964203e-37
4.3036159e-37
5.0584322e-37
6.5472198e-37
9.1336478e-34
1.5321616e-29
2.5189422e-25
5.1179325e-22
4.8255223e-20
2.4337523e-18
3.3049543e-17
2.2654658e-16
1.0754147e-15
3.97039e-15
1.1897313e-14
2.969214e-14
6.3237136e-14
1.1765379e-13
1.9530411e-13
2.9455968e-13
4.0980549e-13
5.3250077e-13
6.5276045e-13
7.6093828e-13
8.4891179e-13
9.1097525e-13
9.4432427e-13
9.4911744e-13
9.4861234e-13
9.4634993e-13
9.4242234e-13
9.3692708e-13
9.299797e-13
9.2172454e-13
9.1234239e-13
9.0205404e-13
8.9111949e-13
8.7983268e-13
8.6851229e-13
8.5748924e-13
8.4709204e-13
8.3763109e-13
8.2938303e-13
8.2257629e-13
8.1737886e-13
8.13889e-13
8.1212942e-13
8.1204589e-13
8.2753032e-13
8.619852e-13
9.1420623e-13
9.8269735e-13
1.0652237e-12
1.1584227e-12
1.2575833e-12
1.3567273e-12
1.4490774e-12
1.5278761e-12
1.5873656e-12
1.6236528e-12
1.6352167e-12
1.6349994e-12
1.6331118e-12
1.6297509e-12
1.625162e-12
1.6196218e-12
1.6134223e-12
1.6068567e-12
1.6002063e-12
1.59373e-12
1.5876564e-12
1.5821777e-12
1.5774468e-12
1.5735757e-12
1.570637e-12
1.5686653e-12
1.5676616e-12
1.5676002e-12
1.5779855e-12
1.5994285e-12
1.63125e-12
1.6727436e-12
1.7231565e-12
1.7816657e-12
1.847344e-12
1.9191184e-12
1.9957199e-12
2.0756323e-12
2.1570513e-12
2.2378669e-12
2.3156842e-12
2.3878918e-12
2.45178e-12
2.5047011e-12
2.5442556e-12
2.5684804e-12
2.5760446e-12
2.5769915e-12
2.5770015e-12
2.5758533e-12
2.5735307e-12
2.5700392e-12
2.5654068e-12
2.5596852e-12
2.5529497e-12
2.5452984e-12
2.5368512e-12
2.5277472e-12
2.518143e-12
2.5082085e-12
2.4981242e-12
2.4880763e-12
2.478253e-12
2.4688397e-12
2.460015e-12
2.4519456e-12
2.4447829e-12
2.4386586e-12
2.4336819e-12
2.4299361e-12
2.4274769e-12
2.4263307e-12
2.4264997e-12
2.4450108e-12
2.4839839e-12
2.5436985e-12
2.6246948e-12
2.7277215e-12
2.8536293e-12
3.0031816e-12
3.1767639e-12
3.3739955e-12
3.5932797e-12
3.8313691e-12
4.0830469e-12
4.3410305e-12
4.5961763e-12
4.8380112e-12
5.0555444e-12
5.2382501e-12
5.3770658e-12
5.4652407e-12
5.4988938e-12
5.5023249e-12
5.5035778e-12
5.5024908e-12
5.4989417e-12
5.49285e-12
5.4838692e-12
1.8112156e-50
1.7130183e-49
8.595143e-49
3.0813199e-48
8.9276982e-48
2.2283286e-47
4.9831753e-47
1.0243148e-46
1.9693453e-46
3.5861387e-46
6.2445092e-46
1.0476651e-45
1.7040722e-45
2.7011159e-45
4.1907521e-45
6.3878301e-45
9.596249e-45
1.4246001e-44
2.0945268e-44
3.0552988e-44
4.427861e-44
6.3816818e-44
9.1525381e-44
1.3065322e-43
1.8562272e-43
2.6236507e-43
3.6870012e-43
5.1474617e-43
7.1334156e-43
9.8046453e-43
1.3356497e-42
1.802418e-42
2.4087552e-42
3.1876834e-42
4.1779686e-42
5.4249857e-42
6.9817346e-42
8.90996e-42
1.1281302e-41
1.4178391e-41
1.7695849e-41
2.1941245e-41
2.7036276e-41
3.3118713e-41
4.0346076e-41
4.8902443e-41
5.9010353e-41
7.0950343e-41
8.5091353e-41
1.0193611e-40
1.2218668e-40
1.4683638e-40
1.7729534e-40
2.160201e-40
5.520097e-39
5.7864693e-35
6.1963621e-31
6.4924437e-27
2.046488e-23
2.7906053e-21
1.7360174e-19
2.7546707e-18
2.1187331e-17
1.0813683e-16
4.1572894e-16
1.2729326e-15
3.2129191e-15
6.8788464e-15
1.281526e-14
2.1243946e-14
3.1939336e-14
4.4254116e-14
5.7263825e-14
6.9956679e-14
8.1401671e-14
9.0860599e-14
9.784119e-14
1.0210509e-13
1.0364633e-13
1.0368851e-13
1.0361358e-13
1.0341974e-13
1.0311155e-13
1.0269459e-13
1.0217642e-13
1.0156741e-13
1.0088123e-13
1.0013508e-13
9.9349472e-14
9.8547746e-14
9.7755206e-14
9.6998001e-14
9.6301806e-14
9.5690385e-14
9.5184176e-14
9.4798989e-14
9.4544961e-14
9.4425825e-14
9.4438681e-14
9.6209098e-14
1.0002987e-13
1.057665e-13
1.1324063e-13
1.2218905e-13
1.3223155e-13
1.4285825e-13
1.534459e-13
1.6330756e-13
1.717695e-13
1.7825907e-13
1.8238141e-13
1.8396583e-13
1.8400449e-13
1.839144e-13
1.8370966e-13
1.8340801e-13
1.8302969e-13
1.8259634e-13
1.8212997e-13
1.8165202e-13
1.8118255e-13
1.8073959e-13
1.8033865e-13
1.7999239e-13
1.7971043e-13
1.7949935e-13
1.7936281e-13
1.7930176e-13
1.793148e-13
1.7987089e-13
1.8158786e-13
1.8438656e-13
1.8818319e-13
1.9288813e-13
1.9840433e-13
2.0462551e-13
2.1143411e-13
2.1869936e-13
2.2627539e-13
2.3400003e-13
2.4169435e-13
2.4916397e-13
2.5620222e-13
2.6259575e-13
2.6813255e-13
2.7261195e-13
2.7585577e-13
2.7771963e-13
2.781045e-13
2.782231e-13
2.7825895e-13
2.7821007e-13
2.7807596e-13
2.7785769e-13
2.7755798e-13
2.7718122e-13
2.7673347e-13
2.7622243e-13
2.7565728e-13
2.7504862e-13
2.7440818e-13
2.7374867e-13
2.7308347e-13
2.7242634e-13
2.7179112e-13
2.7119134e-13
2.7063995e-13
2.7014892e-13
2.6972896e-13
2.6938918e-13
2.6913689e-13
2.6897734e-13
2.689136e-13
2.6894654e-13
2.6981444e-13
2.7243073e-13
2.7675807e-13
2.8275614e-13
2.9037795e-13
2.9956499e-13
3.1024081e-13
3.2230266e-13
3.3561108e-13
3.4997816e-13
3.6515601e-13
3.8082827e-13
3.9660773e-13
4.1204319e-13
4.2663691e-13
4.3987227e-13
4.5124851e-13
4.6031771e-13
4.6671769e-13
4.7019518e-13
4.7061624e-13
4.7084912e-13
4.7094335e-13
4.7088108e-13
4.7063872e-13
4.7017471e-13
1.0208484e-52
5.7523221e-52
5.8702635e-52
6.3127478e-52
7.6048416e-52
1.1028377e-51
1.9200611e-51
3.7192873e-51
7.4370499e-51
1.4735878e-50
2.8476255e-50
5.346315e-50
9.7622818e-50
1.7385054e-49
3.0289872e-49
5.1786664e-49
8.7113198e-49
1.4449558e-48
2.3675197e-48
3.8368179e-48
6.1555783e-48
9.7811058e-48
1.5394391e-47
2.3992704e-47
3.700894e-47
5.6459227e-47
8.5118282e-47
1.2672089e-46
1.8618895e-46
2.6988776e-46
3.8592168e-46
5.4416934e-46
7.5736532e-46
1.0414497e-45
1.4163098e-45
1.9066714e-45
2.5418016e-45
3.3586425e-45
4.4027512e-45
5.7302302e-45
7.4100824e-45
9.5271398e-45
1.2185808e-44
1.5515011e-44
1.9674936e-44
2.4866466e-44
3.1344609e-44
3.943783e-44
4.9575936e-44
6.2330266e-44
7.8471004e-44
9.9047416e-44
1.2555337e-43
4.1049136e-43
1.3838347e-39
7.7051899e-36
4.1657586e-32
2.1911e-28
7.267468e-25
1.4820461e-22
1.1500636e-20
2.1263039e-19
1.8186293e-18
9.8982194e-18
3.9347215e-17
1.2224763e-16
3.098418e-16
6.6240908e-16
1.228631e-15
2.0249114e-15
3.0257197e-15
4.1686747e-15
5.3699205e-15
6.5419146e-15
7.6073817e-15
8.5069817e-15
9.2014521e-15
9.6703873e-15
9.9096198e-15
9.928414e-15
9.9332058e-15
9.9337773e-15
9.9302148e-15
9.9226397e-15
9.9112485e-15
9.8963475e-15
9.8783764e-15
9.8579222e-15
9.8357193e-15
9.8126364e-15
9.7896476e-15
9.7677911e-15
9.7481136e-15
9.7316072e-15
9.7191414e-15
9.7113978e-15
9.7088156e-15
9.7115538e-15
9.7194912e-15
9.8920704e-15
1.0265058e-14
1.0824766e-14
1.1552651e-14
1.2421804e-14
1.3394411e-14
1.4421068e-14
1.5442731e-14
1.6395418e-14
1.721704e-14
1.78549e-14
1.8272181e-14
1.8451892e-14
1.8464583e-14
1.8472479e-14
1.8476129e-14
1.8476208e-14
1.8473477e-14
1.8468744e-14
1.8462832e-14
1.8456544e-14
1.8450634e-14
1.8445784e-14
1.8442583e-14
1.8441514e-14
1.8442944e-14
1.8447126e-14
1.8454198e-14
1.8464194e-14
1.8477054e-14
1.8500209e-14
1.8637228e-14
1.8880343e-14
1.9221285e-14
1.9651233e-14
2.0160736e-14
2.0739581e-14
2.1376679e-14
2.2059923e-14
2.2776088e-14
2.3510744e-14
2.4248262e-14
2.4971877e-14
2.5663909e-14
2.6306097e-14
2.6880114e-14
2.7368207e-14
2.7753982e-14
2.8023208e-14
2.8164655e-14
2.818763e-14
2.8208115e-14
2.8225447e-14
2.8239594e-14
2.8250582e-14
2.8258494e-14
2.8263476e-14
2.8265734e-14
2.8265537e-14
2.8263213e-14
2.8259142e-14
2.8253754e-14
2.8247523e-14
2.8240949e-14
2.8234559e-14
2.8228886e-14
2.822446e-14
2.8221794e-14
2.8221365e-14
2.822361e-14
2.8228901e-14
2.8237542e-14
2.8249755e-14
2.8265674e-14
2.8285342e-14
2.8309892e-14
2.8493995e-14
2.8832557e-14
2.9319525e-14
2.9947444e-14
3.070712e-14
3.1587295e-14
3.2574298e-14
3.3651763e-14
3.4800378e-14
3.5997787e-14
3.7218629e-14
3.8434846e-14
3.9616261e-14
4.0731508e-14
4.1749217e-14
4.2639428e-14
4.3374996e-14
4.3932827e-14
4.4294584e-14
4.4446647e-14
4.4486072e-14
4.4520567e-14
4.4548764e-14
4.4567055e-14
4.4575264e-14
1.0209133e-52
2.7654019e-52
3.173146e-52
3.1733404e-52
3.1564741e-52
3.1350028e-52
3.1140653e-52
3.0962463e-52
3.0848996e-52
3.0863072e-52
3.1130201e-52
3.1896941e-52
3.3634665e-52
3.7225703e-52
4.4295271e-52
5.7797118e-52
8.3034493e-52
1.2941583e-51
2.1342473e-51
3.6354307e-51
6.2820772e-51
1.0882724e-50
1.8757902e-50
3.20106e-50
5.3895858e-50
8.9298056e-50
1.4531374e-49
2.3193086e-49
3.6280023e-49
5.5557066e-49
8.3345233e-49
3.0586788e-48
7.171904e-48
1.2416123e-47
1.7091788e-47
1.8435879e-47
2.0239901e-47
2.2636057e-47
2.5776897e-47
2.9880698e-47
3.5228164e-47
4.2181292e-47
5.1209282e-47
6.2924775e-47
7.81354e-47
9.7918122e-47
1.2372764e-46
1.5755571e-46
2.0216637e-46
2.6144345e-46
3.4090135e-46
4.4946061e-46
1.7016539e-45
1.3361171e-42
2.1684105e-39
4.4770472e-36
9.9457358e-33
2.1914745e-29
3.9583685e-26
1.0937598e-23
1.0110009e-21
2.1129948e-20
1.9593746e-19
1.1159041e-18
4.524768e-18
1.4119419e-17
3.5649049e-17
7.5632478e-17
1.3902977e-16
2.2712511e-16
3.3676574e-16
4.6117521e-16
5.9169961e-16
7.1960428e-16
8.3732838e-16
9.3905386e-16
1.0207571e-15
1.08001e-15
1.1157259e-15
1.1279527e-15
1.1327338e-15
1.1368319e-15
1.1402584e-15
1.1430316e-15
1.145184e-15
1.1467677e-15
1.1478585e-15
1.1485578e-15
1.1489923e-15
1.1493116e-15
1.1496825e-15
1.1502818e-15
1.1512865e-15
1.1528625e-15
1.1551532e-15
1.1582678e-15
1.162273e-15
1.1671862e-15
1.172954e-15
1.2037531e-15
1.2584878e-15
1.3351906e-15
1.4312898e-15
1.543248e-15
1.6663182e-15
1.7945218e-15
1.920915e-15
2.0381447e-15
2.1392087e-15
2.2182659e-15
2.2713149e-15
2.2965942e-15
2.3062862e-15
2.3151558e-15
2.3233079e-15
2.3308677e-15
2.3379741e-15
2.3447728e-15
2.3514101e-15
2.3580275e-15
2.3647563e-15
2.3717136e-15
2.378999e-15
2.3866923e-15
2.3948526e-15
2.403518e-15
2.4127066e-15
2.4224181e-15
2.4326365e-15
2.4450674e-15
2.4709699e-15
2.5093888e-15
2.5593246e-15
2.6197329e-15
2.6895141e-15
2.7675017e-15
2.8524452e-15
2.9429948e-15
3.037684e-15
3.1349193e-15
3.2329725e-15
3.3299859e-15
3.4239862e-15
3.5129168e-15
3.5946838e-15
3.667222e-15
3.7285717e-15
3.7769691e-15
3.8109362e-15
3.8293804e-15
3.8444816e-15
3.8590311e-15
3.8730265e-15
3.8864752e-15
3.8993956e-15
3.9118166e-15
3.9237783e-15
3.9353314e-15
3.9465371e-15
3.9574657e-15
3.9681963e-15
3.9788146e-15
3.9894118e-15
4.0000822e-15
4.0109214e-15
4.0220236e-15
4.0334791e-15
4.0453719e-15
4.0577771e-15
4.0707586e-15
4.0843668e-15
4.0986372e-15
4.1135892e-15
4.1292255e-15
4.1455371e-15
4.17999e-15
4.2327659e-15
4.3030301e-15
4.3897603e-15
4.4917193e-15
4.6074261e-15
4.7351331e-15
4.8728086e-15
5.0181344e-15
5.1685163e-15
5.3211158e-15
5.4728979e-15
5.6207028e-15
5.7613321e-15
5.8916511e-15
6.0086938e-15
6.1097651e-15
6.1925177e-15
6.254982e-15
6.2954956e-15
6.320348e-15
6.3443213e-15
6.3671095e-15
6.3878348e-15
6.4051201e-15
1.0213098e-52
2.1990214e-52
2.4260938e-52
2.4375213e-52
2.4378901e-52
2.4382731e-52
2.4386807e-52
2.4391193e-52
2.4395964e-52
2.4401257e-52
2.440736e-52
2.4414893e-52
2.4425193e-52
2.4441102e-52
2.4468594e-52
2.4520071e-52
2.4620917e-52
2.4822358e-52
2.5226085e-52
2.6030232e-52
2.7612409e-52
3.0673559e-52
3.647489e-52
4.7205073e-52
6.6511075e-52
1.0021016e-51
1.571781e-51
2.5039594e-51
3.9827246e-51
8.0572012e-51
1.8077569e-50
6.2607346e-50
1.7128784e-49
3.4831597e-49
5.5815825e-49
7.3396982e-49
8.6265983e-49
9.4694531e-49
1.043151e-48
1.1554304e-48
1.2893134e-48
1.4522269e-48
1.6542476e-48
1.9092053e-48
2.2363241e-48
2.6626955e-48
3.2270481e-48
3.9855499e-48
5.0207949e-48
6.4557517e-48
8.4989661e-48
3.5922521e-47
2.3275552e-44
2.0239103e-41
1.6199409e-38
1.2003802e-35
8.3369895e-33
5.5132428e-30
3.3286271e-27
9.0574746e-25
8.883673e-23
2.014792e-21
1.9720184e-20
1.1537907e-19
4.7146838e-19
1.4664788e-18
3.6729963e-18
7.7225266e-18
1.4084989e-17
2.2886088e-17
3.3857634e-17
4.6423955e-17
5.9856953e-17
7.3422608e-17
8.6474843e-17
9.8492254e-17
1.0907677e-16
1.1793738e-16
1.248744e-16
1.297723e-16
1.3342954e-16
1.3709126e-16
1.4076238e-16
1.4444786e-16
1.4815274e-16
1.5188207e-16
1.5564082e-16
1.5943375e-16
1.6326518e-16
1.6713878e-16
1.7105735e-16
1.7502248e-16
1.7903444e-16
1.8309191e-16
1.8719196e-16
1.9133007e-16
1.9550034e-16
1.9969586e-16
2.0398662e-16
2.1078424e-16
2.2003079e-16
2.3163089e-16
2.4540656e-16
2.6105794e-16
2.7813983e-16
2.9606322e-16
3.1412665e-16
3.3157582e-16
3.4768166e-16
3.6182183e-16
3.7354859e-16
3.8263001e-16
3.9040695e-16
3.9819365e-16
4.0599701e-16
4.1382336e-16
4.2167823e-16
4.2956621e-16
4.3749088e-16
4.4545467e-16
4.5345893e-16
4.6150386e-16
4.6958863e-16
4.7771142e-16
4.8586962e-16
4.9405992e-16
5.0227851e-16
5.1052125e-16
5.1878398e-16
5.2728332e-16
5.3715149e-16
5.483355e-16
5.6077488e-16
5.7440127e-16
5.8913749e-16
6.0489609e-16
6.2157774e-16
6.3906945e-16
6.572428e-16
6.7595231e-16
6.950342e-16
7.1430614e-16
7.3356811e-16
7.5260469e-16
7.7118913e-16
7.8908926e-16
8.0607516e-16
8.2192821e-16
8.3645069e-16
8.4947583e-16
8.6178003e-16
8.7409699e-16
8.8643115e-16
8.9878705e-16
9.1116934e-16
9.2358265e-16
9.3603152e-16
9.4852032e-16
9.6105316e-16
9.736338e-16
9.8626554e-16
9.9895115e-16
1.0116928e-15
1.0244919e-15
1.0373492e-15
1.0502645e-15
1.063237e-15
1.0762647e-15
1.0893451e-15
1.1024746e-15
1.1156491e-15
1.1288639e-15
1.1421136e-15
1.1553925e-15
1.168696e-15
1.1837132e-15
1.2007068e-15
1.2196483e-15
1.240485e-15
1.2631366e-15
1.2874924e-15
1.313408e-15
1.3407043e-15
1.3691667e-15
1.398547e-15
1.4285663e-15
1.4589199e-15
1.4892849e-15
1.5193279e-15
1.5487147e-15
1.57712e-15
1.6042363e-15
1.6297814e-15
1.6534997e-15
1.675154e-15
1.6949057e-15
1.7146771e-15
1.7344741e-15
1.7543029e-15
1.7741615e-15
)
;

boundaryField
{
    inlet_drug
    {
        type            fixedValue;
        value           uniform 1;
    }
    inlet_medium
    {
        type            fixedValue;
        value           uniform 0;
    }
    outlet
    {
        type            zeroGradient;
    }
    walls
    {
        type            zeroGradient;
    }
    floor
    {
        type            zeroGradient;
    }
    frontAndBack
    {
        type            empty;
    }
}


// ************************************************************************* //
